1071
1 26769
2 2773
3 1683
4 5013
5 6906
6 6963
7 2444
8 3039
9 2390
10 1440
11 1129
12 555
13 1061
14 870
15 570
16 1017
17 599
18 264
19 2824
20 3234
21 307
22 2836
23 2542
24 3567
25 12632
26 2960
27 1297
28 505
29 611
30 525
31 1565
32 118
33 1821
34 304
35 131
36 147
37 75
38 16
39 46
40 290
41 515
42 61
43 269
44 498
45 324
46 142
47 849
48 556
49 101
50 750
51 885
52 7249
53 3383
54 3358
55 1987
56 1066
57 572
58 227
59 261
60 1115
61 302
62 373
63 128
64 60
65 132
66 21
67 300
68 66
69 206
70 215
71 56
72 74
73 252
74 292
75 590
76 1185
77 208
78 40
79 63
80 347
81 174
82 252
83 17
84 23
85 243
86 15
87 27
88 37
89 89
90 246
91 31
92 19
93 17
94 24
95 294
96 25
97 79
98 12
99 27
100 409
101 34
102 24
103 17
104 174
105 156
106 22
107 5
108 105
109 416
110 717
111 197
112 111
113 296
114 170
115 1184
116 181
117 568
118 123
119 44
120 981
121 316
122 515
123 1100
124 290
125 590
126 141
127 183
128 276
129 271
130 693
131 463
132 1052
133 261
134 816
135 658
136 391
137 532
138 76
139 156
140 381
141 13
142 141
143 211
144 165
145 166
146 22
147 403
148 340
149 514
150 331
151 54
152 56
153 4
154 25
155 58
156 8
158 5
159 3
160 185
161 21
162 15
163 549
164 95
165 337
166 186
167 308
168 229
169 46
170 907
171 12
172 39
173 209
174 555
175 535
176 1324
177 244
178 166
179 414
180 390
181 617
182 3589
183 511
184 1138
185 79
186 105
187 355
188 124
189 278
190 477
191 19
192 267
193 33
194 352
195 112
196 18
197 36
198 403
199 4
200 214
201 103
202 23
203 45
204 5
205 63
206 15
207 51
208 10
211 3
212 6
213 58
214 2
215 9
216 3
217 15
218 3
219 39
220 3
221 2
222 3
223 9
224 2
225 68
226 9
227 14
228 29
229 2
230 4
231 41
232 30
233 1
234 33
235 225
236 4
237 5
238 7
239 2
240 126
241 6
242 18
243 26
244 34
245 6
246 3
247 11
249 8
250 27
251 1
253 1
254 3
256 293
257 46
258 2
259 5
260 5
261 2
262 2
264 1
265 25
267 6
269 1
270 1
271 1
272 1
273 7
274 1
275 1
278 1
280 3
282 2
283 2
284 2
285 17
287 2
288 5
290 1
291 2
292 1
293 26
296 2
297 1
298 1
299 1
300 71
302 1
303 20
305 4
306 1
307 1
308 2
309 35
310 84
311 11
312 8
313 33
314 11
316 2
317 8
319 1
320 4
321 8
322 2
323 1
327 3
329 1
330 4
331 3
332 1
333 2
334 7
335 5
338 1
339 1
341 1
342 4
343 2
344 4
346 11
347 14
348 1
349 3
350 1
351 2
352 2
353 17
354 4
355 3
357 2
358 13
359 6
360 1
361 3
362 1
363 16
364 2
366 1
367 4
368 1
369 3
371 5
372 11
374 4
375 2
376 3
377 2
379 1
380 4
382 3
384 1
385 9
386 12
387 8
388 1
389 24
390 9
391 2
392 28
393 82
394 19
395 71
396 14
397 13
398 13
399 43
400 119
401 155
402 49
403 45
404 1
405 55
406 210
407 34
408 5
409 402
410 108
411 190
412 11
413 5
414 7
415 4
416 11
417 18
418 63
419 112
420 1
421 10
422 94
423 12
424 45
425 49
431 1
436 3
443 1
444 1
448 1
450 3
451 1
456 1
461 1
465 1
470 1
472 1
480 1
481 1
482 1
488 2
493 3
494 2
496 1
498 3
499 9
500 71
503 2
504 1
506 7
507 2
508 3
509 3
510 8
511 5
512 3
513 7
514 16
515 7
516 9
517 5
518 3
519 4
520 7
521 14
522 3
524 2
525 3
526 15
527 9
528 5
529 4
530 6
531 5
532 12
533 6
534 40
535 13
536 21
537 19
538 22
539 22
540 14
541 14
542 13
543 12
544 3
546 1
547 4
548 7
549 1
550 4
551 4
553 1
554 2
555 5
556 6
557 3
558 1
559 3
562 2
564 2
566 3
567 2
568 1
569 2
570 1
573 2
575 1
576 1
578 1
580 2
581 1
584 1
585 1
591 1
594 1
595 1
597 1
599 1
600 61
606 1
609 3
613 1
617 1
618 1
619 4
620 1
622 1
627 1
629 1
630 1
631 1
632 1
633 3
636 1
640 3
642 2
643 1
644 8
645 2
646 3
648 2
649 1
655 3
656 1
658 2
659 1
660 2
661 1
662 2
665 3
666 2
667 5
668 1
670 3
671 2
672 4
673 2
674 2
675 3
677 1
678 1
679 4
680 1
681 6
682 1
683 3
684 16
685 11
686 5
687 6
688 1
689 22
690 3
691 10
692 5
693 8
694 17
695 2
696 10
697 2
698 18
699 12
700 25
701 16
702 13
703 24
704 4
705 24
706 1
707 9
708 2
709 11
710 24
711 12
712 15
713 30
714 27
715 23
716 13
717 23
718 9
719 37
720 18
721 5
723 8
724 2
725 1
726 7
727 1
728 11
729 2
730 1
731 8
732 1
733 2
734 5
735 2
736 5
737 2
738 2
739 1
740 1
741 6
742 6
743 2
745 2
749 1
750 4
751 1
755 1
757 2
760 1
763 1
764 1
769 1
776 1
777 1
779 1
782 1
785 1
787 2
791 1
794 3
795 1
796 1
797 1
799 1
800 11
804 1
808 1
809 2
811 1
812 1
813 1
817 1
819 1
820 1
821 1
825 1
827 2
830 6
832 1
836 1
842 1
844 1
845 1
846 3
853 1
857 3
858 1
860 1
864 2
865 2
872 2
875 1
876 1
877 2
878 2
886 1
887 1
888 1
890 1
892 2
894 2
897 1
900 1
901 2
903 4
908 1
909 1
911 3
918 2
919 1
920 2
921 1
922 4
923 5
925 1
927 1
932 1
948 1
950 3
968 1
969 2
971 1
978 1
988 1
990 1
1000 53
1012 3
1015 3
1016 1
1020 3
1023 1
1025 10
1026 8
1027 12
1028 10
1029 12
1030 9
1031 26
1032 26
1033 8
1034 8
1035 43
1036 27
1037 13
1038 4
1039 13
1040 2
1041 2
1042 1
1044 4
1045 2
1046 1
1047 4
1048 8
1049 10
1050 110
1051 155
1052 58
1053 62
1054 18
1055 18
1056 14
1057 14
1058 17
1059 2
1060 82
1061 7
1062 30
1063 52
1064 10
1065 20
1066 13
1067 10
1068 16
1069 27
1070 19
1071 34
1072 26
1073 55
1074 13
1075 8
1076 5
1077 1
1078 13
1079 60
1080 142
1081 37
1082 11
1083 4
1084 2
1085 2
1086 1
1087 13
1088 15
1089 51
1090 52
1091 20
1092 48
1093 40
1094 3
1095 25
1096 88
1097 13
1099 4
1100 6
1101 4
1102 36
1103 99
1104 43
1105 10
1106 54
1107 53
1108 37
1109 74
1110 13
1111 12
1112 55
1114 12
1115 32
1116 44
1117 58
1118 26
1119 49
1120 9
1124 59
1125 53
1126 11
1127 80
1128 122
1129 16
1130 150
1131 179
1132 21
1133 260
1134 4
1135 23
1136 2
1137 2
1138 18
1139 16
1140 27
1141 73
1142 9
1143 66
1144 33
1145 35
1146 18
1147 27
1148 2
1149 51
1150 22
1151 60
1152 9
1153 98
1154 27
1155 107
1156 117
1157 10
1158 6
1159 5
1160 24
1161 2
1163 5
1164 24
1165 30
1166 1
1167 1
1168 1
1169 1
1170 5
1171 2
1173 1
1174 5
1175 10
1176 7
1177 1
1178 1
1179 1
1180 4
1181 6
1184 3
1185 6
1187 1
1190 1
1191 1
1192 1
1193 1
1200 3
1201 3
1207 1
1209 1
1210 1
1211 1
1214 1
1215 1
1217 3
1218 1
1220 1
1221 5
1222 2
1224 40
1225 24
1226 19
1227 18
1228 2
1229 19
1230 13
1231 19
1232 9
1233 5
1234 1
1235 8
1236 1
1237 1
1238 4
1239 1
1242 7
1243 4
1244 57
1245 24
1246 117
1247 134
1248 60
1249 25
1250 12
1251 10
1252 4
1253 19
1254 101
1255 10
1256 53
1257 50
1258 43
1259 11
1260 44
1261 30
1262 23
1263 12
1264 52
1265 2
1266 2
1268 3
1269 2
1270 27
1271 27
1272 150
1273 18
1274 22
1275 15
1276 8
1277 2
1279 4
1280 8
1281 6
1282 7
1283 1
1284 5
1285 7
1286 30
1287 51
1288 29
1289 7
1290 14
1291 27
1292 6
1293 27
1294 68
1295 6
1296 50
1297 29
1298 37
1299 111
1300 35
1301 29
1302 17
1303 24
1304 76
1305 64
1306 8
1307 35
1308 2
1309 25
1310 7
1311 3
1312 38
1313 31
1314 2
1315 19
1316 6
1317 51
1318 65
1319 63
1320 5
1321 104
1322 86
1323 2
1324 27
1325 100
1326 18
1327 124
1328 12
1329 170
1330 59
1331 109
1332 23
1333 7
1334 6
1335 23
1336 14
1337 9
1338 12
1339 34
1340 1
1341 2
1342 1
1343 137
1344 26
1345 1
1346 17
1347 41
1348 7
1349 56
1350 17
1351 27
1352 17
1353 140
1354 42
1355 88
1356 68
1357 4
1358 13
1359 77
1360 4
1361 7
1362 9
1363 2
1364 5
1365 5
1366 7
1368 2
1371 5
1372 11
1373 3
1374 9
1375 4
1377 2
1378 10
1381 1
1386 1
1387 1
1389 3
1390 2
1391 4
1395 4
1400 1
1426 25
1428 8
1440 1
1460 11
1500 9
1600 1
1700 2
1920 1
1970 1
2000 6
2070 1
2320 1
2400 5
2450 1
2500 1
2542 1
2920 1
3000 11
3165 1
3200 1
3700 1
3750 1
3840 1
3900 2
3920 1
3950 29
3980 2
4000 6
4050 2
4140 2
4150 1
4200 4
4350 6
4450 11
4600 1
4650 3
4700 3
4750 3
4800 2
4900 3
4950 3
5000 17
5100 2
5200 1
5250 1
5350 1
5365 1
5400 2
5600 1
5650 1
5700 6
5850 1
5900 1
5950 1
6000 2
6100 2
6150 1
6350 2
6600 2
7080 1
8400 2
8800 1
8900 1
9600 1
10000 4
11680 1
15000 1
