1110
0 477830
1 8177
2 43100
3 42124
4 18132
5 43709
6 180578
7 766337
8 1488785
9 1400265
10 1560017
11 1949065
12 1104985
13 1196086
14 517185
15 313176
16 367871
17 373378
18 373602
19 335847
20 239061
21 190553
22 169080
23 187391
24 185561
25 142008
26 161583
27 210920
28 164061
29 225292
30 180501
31 153523
32 155580
33 111399
34 91624
35 82910
36 92894
37 123432
38 147951
39 160876
40 201537
41 173737
42 130551
43 81149
44 71280
45 71901
46 88647
47 103828
48 90155
49 88679
50 80234
51 77587
52 75658
53 67112
54 71272
55 57213
56 66338
57 66940
58 59075
59 71801
60 71079
61 61521
62 70956
63 88410
64 43940
65 40620
66 51318
67 86131
68 92069
69 72251
70 109099
71 98275
72 85320
73 85540
74 54109
75 42288
76 43450
77 41671
78 41496
79 44498
80 44557
81 47712
82 54144
83 43833
84 41679
85 40405
86 42423
87 42678
88 36593
89 33082
90 32232
91 38791
92 45366
93 29600
94 26448
95 24323
96 26709
97 38928
98 66234
99 49592
100 37794
101 28539
102 22386
103 40052
104 17545
105 18192
106 21863
107 33861
108 23515
109 29298
110 46363
111 25333
112 31519
113 18569
114 15697
115 13733
116 13731
117 15423
118 15944
119 14590
120 19520
121 14297
122 21667
123 13878
124 13470
125 12024
126 12036
127 15682
128 25376
129 29097
130 24055
131 24427
132 19806
133 23063
134 25008
135 18810
136 17607
137 17918
138 17416
139 16984
140 18447
141 19276
142 21103
143 19600
144 17495
145 18748
146 20039
147 18231
148 16815
149 16277
150 15915
151 15053
152 12793
153 12081
154 11574
155 11207
156 11371
157 11408
158 11520
159 11423
160 11860
161 12018
162 12341
163 13125
164 13877
165 13349
166 12901
167 12751
168 12571
169 12154
170 12026
171 17168
172 21462
173 11288
174 10104
175 9401
176 8905
177 8418
178 8026
179 7920
180 8971
181 10303
182 11739
183 6759
184 6267
185 6010
186 6249
187 7101
188 8986
189 9130
190 6407
191 6117
192 6561
193 7045
194 7061
195 7110
196 6936
197 6619
198 6426
199 6368
200 6659
201 8127
202 7434
203 8471
204 8061
205 7319
206 7088
207 9565
208 7648
209 6149
210 5786
211 5608
212 5488
213 5615
214 5878
215 6268
216 6680
217 6917
218 6538
219 5878
220 5517
221 8171
222 9557
223 5130
224 5041
225 5177
226 4966
227 4859
228 4889
229 4560
230 4432
231 4356
232 4548
233 4387
234 3757
235 3593
236 3612
237 3437
238 3479
239 3325
240 3470
241 6132
242 6108
243 4214
244 3300
245 3029
246 3111
247 3970
248 5417
249 4335
250 3517
251 3501
252 3526
253 3627
254 3428
255 3298
256 3504
257 3514
258 3614
259 3745
260 3775
261 4417
262 5424
263 5699
264 5163
265 5983
266 6925
267 5269
268 4042
269 3666
270 4033
271 3638
272 3844
273 3703
274 3725
275 3959
276 4380
277 4198
278 3840
279 3626
280 3350
281 3100
282 2860
283 2674
284 2339
285 2292
286 2071
287 1843
288 1831
289 1846
290 2051
291 1910
292 1913
293 2235
294 2446
295 2193
296 1888
297 1812
298 1692
299 1600
300 3443
301 1645
302 1586
303 1796
304 1645
305 1313
306 2028
307 7489
308 4501
309 1579
310 1144
311 1047
312 1062
313 1485
314 2904
315 5781
316 5451
317 6522
318 4358
319 1694
320 1118
321 1050
322 1123
323 1033
324 1035
325 936
326 837
327 935
328 977
329 878
330 785
331 776
332 1240
333 1268
334 2033
335 1900
336 1364
337 1073
338 741
339 678
340 1105
341 641
342 3670
343 4953
344 668
345 668
346 716
347 671
348 685
349 608
350 519
351 486
352 3372
353 4885
354 463
355 436
356 443
357 453
358 455
359 456
360 454
361 460
362 417
363 417
364 405
365 526
366 582
367 6173
368 2473
369 721
370 493
371 757
372 3728
373 994
374 744
375 1375
376 1613
377 1099
378 782
379 617
380 550
381 519
382 583
383 658
384 693
385 633
386 605
387 584
388 590
389 623
390 788
391 662
392 643
393 688
394 702
395 1036
396 1391
397 828
398 552
399 470
400 9422
401 573
402 715
403 1009
404 565
405 415
406 346
407 434
408 374
409 375
410 382
411 333
412 395
413 380
414 426
415 468
416 816
417 995
418 582
419 607
420 545
421 606
422 491
423 425
424 422
425 467
426 456
427 579
428 682
429 831
430 936
431 1082
432 1116
433 1078
434 981
435 967
436 1327
437 1260
438 879
439 529
440 485
441 304
442 284
443 250
444 236
445 245
446 237
447 235
448 214
449 178
450 213
451 267
452 919
453 1512
454 422
455 157
456 136
457 137
458 129
459 133
460 154
461 139
462 172
463 247
464 295
465 173
466 124
467 171
468 162
469 138
470 133
471 163
472 1203
473 2905
474 1054
475 469
476 1343
477 3081
478 1795
479 559
480 245
481 137
482 160
483 162
484 208
485 529
486 799
487 535
488 334
489 182
490 126
491 105
492 94
493 94
494 105
495 183
496 161
497 120
498 103
499 94
500 127
501 168
502 823
503 1417
504 478
505 244
506 206
507 170
508 91
509 88
510 67
511 84
512 67
513 362
514 961
515 3674
516 6849
517 5405
518 2394
519 626
520 186
521 127
522 95
523 69
524 72
525 52
526 70
527 78
528 65
529 72
530 65
531 65
532 72
533 77
534 106
535 205
536 440
537 345
538 131
539 69
540 62
541 43
542 189
543 319
544 125
545 88
546 108
547 113
548 128
549 165
550 176
551 151
552 130
553 131
554 144
555 190
556 291
557 306
558 276
559 368
560 770
561 745
562 327
563 128
564 103
565 297
566 2232
567 2854
568 803
569 219
570 100
571 84
572 87
573 97
574 154
575 262
576 337
577 464
578 335
579 176
580 142
581 137
582 93
583 81
584 65
585 61
586 50
587 82
588 101
589 124
590 99
591 74
592 67
593 105
594 363
595 1985
596 7539
597 7514
598 2460
599 481
600 143
601 141
602 184
603 314
604 221
605 106
606 114
607 94
608 56
609 41
610 39
611 74
612 304
613 228
614 114
615 88
616 5823
617 12579
618 2399
619 1119
620 661
621 416
622 422
623 471
624 488
625 347
626 129
627 64
628 35
629 21
630 36
631 20
632 26
633 27
634 23
635 15
636 9
637 20
638 16
639 31
640 33
641 21
642 33
643 21
644 17
645 24
646 17
647 31
648 34
649 26
650 35
651 37
652 33
653 32
654 32
655 25
656 29
657 18
658 28
659 22
660 23
661 26
662 34
663 16
664 37
665 37
666 37
667 32
668 23
669 31
670 28
671 31
672 27
673 26
674 23
675 23
676 27
677 82
678 81
679 49
680 56
681 57
682 83
683 27
684 19
685 15
686 10
687 19
688 16
689 11
690 9
691 14
692 60
693 38
694 142
695 81
696 51
697 39
698 14
699 6
700 8
701 9
702 15
703 14
704 12
705 27
706 51
707 42
708 74
709 67
710 31
711 26
712 12
713 17
714 40
715 82
716 216
717 341
718 178
719 37
720 33
721 25
722 11
723 19
724 25
725 17
726 14
727 16
728 14
729 18
730 24
731 17
732 16
733 14
734 17
735 12
736 14
737 22
738 17
739 53
740 125
741 65
742 52
743 46
744 49
745 68
746 84
747 91
748 100
749 89
750 99
751 102
752 105
753 130
754 95
755 75
756 96
757 71
758 74
759 89
760 128
761 99
762 73
763 53
764 57
765 64
766 101
767 119
768 75
769 61
770 62
771 59
772 62
773 55
774 66
775 62
776 58
777 60
778 74
779 70
780 57
781 72
782 81
783 88
784 85
785 87
786 75
787 72
788 78
789 80
790 65
791 82
792 63
793 63
794 61
795 60
796 42
797 58
798 68
799 56
800 123
801 86
802 57
803 101
804 110
805 193
806 208
807 296
808 278
809 153
810 104
811 68
812 74
813 87
814 70
815 109
816 109
817 184
818 154
819 94
820 76
821 69
822 89
823 77
824 60
825 74
826 58
827 60
828 62
829 57
830 59
831 58
832 65
833 49
834 55
835 64
836 105
837 170
838 89
839 70
840 60
841 65
842 72
843 48
844 55
845 58
846 67
847 64
848 69
849 63
850 74
851 51
852 57
853 51
854 63
855 65
856 160
857 241
858 151
859 96
860 56
861 51
862 56
863 48
864 53
865 47
866 71
867 64
868 84
869 119
870 116
871 54
872 55
873 51
874 47
875 44
876 33
877 44
878 43
879 46
880 33
881 34
882 33
883 34
884 45
885 46
886 44
887 34
888 46
889 45
890 44
891 36
892 44
893 41
894 41
895 24
896 32
897 31
898 31
899 37
900 63
901 109
902 47
903 50
904 37
905 35
906 38
907 31
908 31
909 26
910 22
911 24
912 23
913 21
914 22
915 22
916 120
917 244
918 125
919 39
920 22
921 20
922 27
923 35
924 30
925 20
926 20
927 16
928 24
929 18
930 15
931 19
932 13
933 19
934 16
935 13
936 21
937 15
938 13
939 11
940 12
941 13
942 17
943 12
944 14
945 7
946 11
947 10
948 11
949 6
950 10
951 7
952 11
953 13
954 7
955 10
956 13
957 9
958 8
959 2
960 5
961 7
962 3
963 6
964 5
965 4
966 4
967 4
968 5
969 6
970 16
971 13
972 6
973 7
974 6
975 1
976 2
977 4
978 3
979 6
980 4
981 4
982 2
983 2
984 3
985 1
986 8
987 5
988 2
989 3
990 2
991 3
992 4
993 3
995 2
996 4
997 2
998 4
999 1
1000 265
1001 31
1002 8
1003 6
1004 14
1005 5
1006 7
1007 2
1008 1
1009 1
1012 1
1013 2
1014 2
1015 1
1016 2
1018 1
1020 4
1021 1
1023 1
1024 1
1026 3
1027 3
1028 1
1029 2
1031 1
1032 1
1033 3
1035 1
1040 2
1041 2
1042 1
1043 1
1045 2
1046 2
1047 1
1048 7
1049 1
1050 4
1051 4
1052 4
1053 2
1054 1
1055 3
1056 3
1057 3
1058 4
1059 4
1060 11
1061 7
1062 7
1063 3
1064 7
1065 5
1066 4
1067 3
1068 15
1069 10
1070 8
1071 3
1072 7
1073 7
1074 3
1075 3
1076 5
1077 5
1078 1
1079 4
1080 4
1081 2
1082 2
1083 3
1084 4
1085 2
1086 4
1088 1
1090 1
1091 1
1096 2
1099 1
1100 2
1101 14
1102 3
1104 1
1107 19
1108 88
1109 136
1110 40
1111 3
1112 1
1113 2
1114 1
1116 1
1118 1
1122 1
1128 1
1133 1
1141 2
1145 1
1146 2
1147 1
1153 2
1156 1
1157 1
1183 1
1201 1
1203 2
1204 1
1205 1
1264 1
1269 1
1338 1
