20

0 1 499
25
0 1322 0 38
1 5870 0 27
2 2173 0 256
3 3434 0 12
4 523 0 7
5 17755 0 8
6 389 0 54
7 733 0 11
8 901 0 6
9 2456 0 42
10 363 0 43
11 2882 0 55
12 1933 0 48
13 1740 0 9
14 7407 0 11
15 219 0 9
16 370 0 10
17 1987 0 47
18 1519 0 77
19 3077 0 170
20 6960 0 13
21 357 0 29
22 1297 0 24
23 716 0 12
24 934 0 10

1 0 532
138
25 997 0 30
26 3055 0 8
27 1976 0 12
28 8191 0 10
29 1248 0 9
30 3296 0 109
31 1052 0 9
32 3664 0 32
33 948 0 8
34 2952 0 52
35 1016 0 54
36 1012 0 10
37 2897 0 140
38 1224 0 73
39 871 0 26
40 2272 0 23
41 1344 0 77
42 2547 0 11
43 1418 0 91
44 2541 0 10
45 2744 0 12
46 2900 0 8
47 1727 0 8
48 7280 0 13
49 3219 0 8
50 587 0 67
51 541 0 10
52 6893 0 18
53 5070 0 9
54 16096 0 12
55 3165 0 25
56 1153 0 10
57 1949 1 567
58 413 0 42
59 946 1 0
60 1793 0 7
61 477 0 11
62 1880 0 16
63 1685 1 0
64 3222 0 108
65 3724 0 7
66 3483 0 9
67 1500 0 7
68 567 0 9
69 1124 0 12
70 1516 0 84
71 2538 0 181
72 377 0 8
73 387 0 13
74 1461 0 29
75 1962 0 11
76 974 0 17
77 1519 0 11
78 535 0 12
79 1967 0 12
80 7051 0 14
81 181 0 19
82 1633 0 12
83 217 0 10
84 296 0 51
85 3765 0 11
86 1278 0 39
87 3259 0 10
88 2256 0 153
89 8893 0 13
90 1758 0 135
91 1335 0 59
92 1948 0 9
93 3619 0 58
94 266 0 10
95 490 0 10
96 2821 0 10
97 5080 0 11
98 1190 0 20
99 3225 0 7
100 870 0 10
101 331 0 49
102 821 0 21
103 1162 0 19
104 659 0 12
105 2451 0 42
106 2637 0 9
107 442 0 27
108 2600 0 13
109 913 0 73
110 1342 0 9
111 12127 0 10
112 1946 0 12
113 1408 0 12
114 1413 0 46
115 1756 0 29
116 1945 0 7
117 1233 0 12
118 3321 0 51
119 543 0 92
120 11609 0 12
121 180 0 11
122 1340 1 0
123 3459 1 567
124 266 0 8
125 3232 0 9
126 2111 0 47
127 727 0 25
128 1971 0 8
129 1978 0 10
130 1522 0 9
131 831 0 10
132 2031 0 119
133 2089 0 146
134 2055 0 13
135 1372 0 7
136 5006 0 111
137 715 0 136
138 2290 0 53
139 1410 0 13
140 951 0 19
141 3209 0 8
142 2126 0 107
143 6366 0 12
144 650 0 7
145 1528 0 69
146 3307 0 9
147 792 0 18
148 681 0 9
149 5017 0 16
150 1890 0 9
151 3755 0 37
152 1082 0 16
153 3353 0 18
154 1142 0 166
155 859 0 10
156 682 0 8
157 6478 0 7
158 660 0 9
159 17001 0 32
160 3366 0 38
161 203 0 16
162 952 0 40

2 1 535
200
163 1965 0 26
164 2973 0 31
165 1090 0 48
166 892 0 145
167 1117 0 13
168 1503 0 52
169 5836 0 8
170 1140 0 11
171 1273 0 19
172 12616 0 14
173 1278 0 8
174 1342 0 247
175 1274 0 23
176 471 0 33
177 2327 0 7
178 1291 0 9
179 782 0 70
180 531 0 8
181 893 0 10
182 596 0 13
183 402 0 8
184 1780 0 51
185 5036 0 31
186 12204 0 70
187 1953 0 300
188 2902 0 52
189 6821 0 8
190 1873 0 11
191 1657 0 31
192 7050 0 12
193 414 0 240
194 1198 0 6
195 1859 0 73
196 6805 0 9
197 938 0 17
198 1208 0 9
199 5149 0 38
200 5153 1 0
201 316 0 36
202 1308 0 182
203 1542 0 45
204 389 0 8
205 2066 0 70
206 3800 1 0
207 635 0 34
208 776 0 91
209 2944 0 12
210 212 1 61
211 16994 0 23
212 177 0 11
213 490 0 28
214 9313 0 49
215 832 0 40
216 406 0 23
217 1141 0 129
218 11522 0 38
219 1426 0 11
220 1104 0 12
221 1037 0 23
222 1407 1 0
223 12876 0 9
224 2329 0 8
225 2243 0 11
226 5052 0 16
227 5870 0 201
228 586 0 9
229 2463 0 13
230 3462 0 14
231 464 0 33
232 7050 0 21
233 28 0 11
234 1265 0 9
235 5028 0 14
236 2264 0 9
237 671 1 101
238 1275 0 19
239 460 0 30
240 1421 0 19
241 3036 0 41
242 1195 1 0
243 1037 0 11
244 367 0 17
245 1071 0 73
246 23 0 9
247 166 0 12
248 2788 0 6
249 3503 0 33
250 5027 0 6
251 3257 0 7
252 3115 0 11
253 423 0 92
254 1029 0 25
255 1001 0 189
256 1313 0 13
257 897 0 13
258 1301 0 9
259 3264 0 11
260 1234 0 18
261 5899 0 13
262 991 0 73
263 7303 0 32
264 799 0 99
265 1398 0 38
266 1616 0 9
267 6872 0 9
268 1955 0 9
269 3376 0 5
270 1824 0 28
271 3331 0 11
272 1967 0 185
273 911 0 10
274 1188 0 17
275 1397 0 54
276 966 0 23
277 433 0 11
278 861 0 12
279 925 1 0
280 7467 1 17
281 686 0 7
282 2480 0 10
283 2817 0 11
284 638 0 57
285 792 0 10
286 935 0 39
287 12901 0 83
288 944 0 10
289 809 0 137
290 1130 0 17
291 12211 0 13
292 757 0 38
293 1230 0 7
294 7035 0 142
295 3521 0 10
296 408 0 38
297 5054 0 11
298 1073 1 0
299 1869 0 352
300 1679 0 10
301 1428 0 26
302 5074 0 39
303 594 0 13
304 948 0 85
305 953 0 11
306 7310 0 15
307 1089 0 24
308 194 0 26
309 2821 0 6
310 1513 0 19
311 1064 0 42
312 1307 0 11
313 427 0 9
314 2793 0 28
315 3009 0 16
316 1796 0 11
317 166 0 134
318 442 0 24
319 444 0 12
320 1954 0 126
321 1631 0 10
322 12847 0 6
323 407 0 7
324 3587 0 20
325 2256 0 22
326 405 0 12
327 598 0 129
328 3126 0 13
329 293 0 10
330 849 0 28
331 291 0 284
332 2399 0 62
333 1816 0 9
334 1281 0 28
335 895 1 77
336 1577 0 12
337 1374 0 10
338 668 0 15
339 7851 0 20
340 946 0 20
341 442 0 8
342 2788 0 84
343 755 1 515
344 3079 1 40
345 514 0 10
346 2973 0 27
347 1513 0 13
348 695 1 17
349 990 0 9
350 1314 0 6
351 858 1 0
352 1854 0 37
353 2031 0 11
354 2648 0 11
355 7476 0 30
356 871 0 12
357 1232 0 12
358 1533 0 9
359 2845 0 32
360 3238 0 12
361 13570 0 46
362 753 0 28

3 1 663
54
363 6586 0 9
364 1626 1 400
365 6160 0 7
366 678 0 6
367 793 1 516
368 618 0 74
369 1819 0 43
370 943 0 5
371 933 0 12
372 2911 0 68
373 979 0 13
374 166 0 42
375 1060 0 307
376 2802 0 12
377 1078 0 45
378 3175 1 137
379 7965 0 11
380 1959 0 10
381 1584 0 44
382 7355 0 19
383 1162 0 9
384 3359 0 12
385 11789 0 108
386 869 0 816
387 307 0 131
388 447 0 322
389 1239 0 7
390 438 0 90
391 242 0 8
392 490 0 23
393 1126 0 8
394 13064 0 18
395 989 0 109
396 1531 0 10
397 661 0 110
398 418 0 12
399 2818 0 42
400 844 0 14
401 3355 0 8
402 952 0 38
403 8839 0 8
404 1077 0 11
405 1181 0 11
406 648 0 94
407 2871 1 6
408 5074 0 37
409 744 0 8
410 723 0 16
411 890 0 35
412 2605 0 26
413 1967 0 25
414 635 0 26
415 453 0 78
416 1982 0 8

4 0 677
20
417 692 0 19
418 2820 0 41
419 853 0 10
420 2579 1 40
421 1516 0 37
422 1163 0 68
423 985 0 15
424 3478 0 352
425 1280 0 11
426 2445 0 19
427 1011 0 13
428 417 0 13
429 2539 0 24
430 2167 0 13
431 1331 0 17
432 120 0 11
433 2537 0 74
434 2189 0 12
435 688 0 25
436 403 0 177

5 0 706
5
437 1104 0 99
438 11604 0 55
439 1553 0 29
440 464 0 11
441 1178 0 10

6 0 1019
33
442 1152 0 11
443 912 1 0
444 1525 0 13
445 2345 0 6
446 2227 1 0
447 2283 0 8
448 652 0 13
449 2178 0 26
450 7493 1 0
451 3914 0 29
452 908 0 30
453 796 0 14
454 1111 0 10
455 1990 0 14
456 412 0 223
457 7998 0 13
458 2773 0 6
459 2842 0 26
460 1947 0 12
461 3499 0 14
462 3191 0 18
463 1415 0 11
464 845 0 19
465 8201 0 12
466 650 0 58
467 5027 0 19
468 2855 0 7
469 922 0 8
470 6458 0 8
471 1249 0 8
472 3205 0 9
473 469 0 12
474 5028 0 161

7 0 1440
177
475 181 0 32
476 1665 0 11
477 5077 0 16
478 1108 0 10
479 13920 0 43
480 5119 0 15
481 1343 0 7
482 1308 0 52
483 1139 0 14
484 1896 0 16
485 712 0 37
486 2415 0 7
487 1209 0 12
488 3266 0 16
489 2137 1 0
490 1256 0 7
491 2833 0 106
492 3317 0 3
493 1271 0 22
494 2793 0 9
495 1506 0 10
496 643 0 14
497 878 0 18
498 2528 0 10
499 2829 0 171
500 7404 0 17
501 992 0 12
502 2155 0 9
503 2809 0 9
504 1529 0 59
505 676 0 32
506 1054 0 58
507 1035 0 85
508 3165 0 47
509 1973 0 36
510 2541 0 128
511 6159 0 41
512 2894 0 11
513 2434 0 12
514 1139 0 8
515 3291 0 42
516 1145 0 19
517 514 0 21
518 2434 0 40
519 7298 0 10
520 1232 0 79
521 1963 0 13
522 3172 0 41
523 1991 0 53
524 517 1 121
525 1248 1 275
526 11853 0 31
527 8839 0 138
528 1537 0 9
529 2541 0 161
530 10443 0 36
531 2956 0 21
532 1114 0 11
533 365 0 41
534 1190 0 2
535 521 0 6
536 1514 0 31
537 1982 0 7
538 697 0 14
539 736 0 11
540 495 0 78
541 435 0 67
542 1419 0 29
543 17473 0 45
544 12388 0 77
545 5046 0 12
546 944 0 110
547 5125 0 175
548 1430 0 364
549 1428 0 70
550 1930 0 12
551 1320 0 7
552 6493 0 245
553 11819 0 9
554 593 0 136
555 578 0 13
556 830 0 36
557 1253 0 12
558 394 0 8
559 1033 0 7
560 2874 0 144
561 2931 0 10
562 728 0 182
563 17202 0 9
564 1361 0 11
565 428 0 64
566 1981 0 25
567 3971 0 7
568 1431 0 193
569 1379 0 26
570 1943 0 7
571 934 0 129
572 2210 0 9
573 167 0 43
574 436 0 10
575 3390 0 165
576 1028 0 95
577 5141 0 12
578 989 0 7
579 1039 0 17
580 615 0 13
581 243 0 9
582 727 0 145
583 983 0 105
584 7 0 22
585 525 0 771
586 790 0 142
587 2253 0 13
588 1982 0 11
589 1703 0 34
590 1444 0 89
591 359 0 7
592 1974 0 7
593 1182 0 12
594 1405 0 101
595 1088 0 9
596 2868 0 12
597 2537 0 110
598 5148 0 7
599 2468 0 11
600 587 0 31
601 1150 0 12
602 6516 0 183
603 205 0 14
604 5037 0 37
605 1513 0 10
606 1799 0 40
607 1417 0 12
608 1320 0 11
609 1176 0 10
610 452 0 26
611 1262 0 30
612 700 0 80
613 1981 0 33
614 1427 0 79
615 3776 0 17
616 639 0 18
617 2215 0 8
618 7868 0 73
619 1965 0 17
620 1989 0 70
621 12479 0 14
622 801 0 139
623 1391 0 23
624 2000 0 76
625 596 0 177
626 2755 0 7
627 1641 0 9
628 181 0 19
629 202 0 17
630 1383 0 16
631 13010 0 11
632 3615 0 11
633 3647 0 149
634 1291 0 30
635 872 0 74
636 2184 0 45
637 896 0 10
638 1264 0 9
639 609 0 12
640 12407 0 9
641 314 1 597
642 485 0 10
643 834 0 9
644 5051 1 0
645 694 0 16
646 1865 0 20
647 149 0 36
648 1391 0 11
649 12809 0 97
650 542 0 68
651 1030 0 10

8 0 1446
14
652 2163 0 11
653 670 0 10
654 944 0 65
655 989 0 9
656 717 0 133
657 1385 0 11
658 602 1 163
659 1953 0 10
660 1965 0 8
661 566 0 10
662 697 0 12
663 166 0 100
664 1725 0 10
665 956 0 40

9 1 1446
4
666 1534 0 11
667 986 0 18
668 849 0 8
669 1962 0 7

10 1 1456
21
670 224 0 8
671 2827 0 7
672 963 0 61
673 1126 0 40
674 968 0 10
675 1943 0 30
676 1948 0 10
677 6237 0 7
678 642 0 7
679 2835 0 8
680 1145 1 109
681 2135 0 98
682 1102 0 34
683 2507 0 11
684 323 0 66
685 896 0 616
686 2172 0 11
687 1516 0 86
688 2918 0 39
689 1899 0 429
690 1744 0 8

11 1 1461
52
691 2808 1 596
692 942 0 9
693 1065 0 40
694 7051 0 7
695 3376 0 8
696 5096 0 15
697 1983 0 79
698 609 0 96
699 3184 0 9
700 676 0 10
701 7534 0 17
702 16680 0 34
703 1513 0 27
704 1939 0 78
705 897 0 13
706 1399 0 9
707 1068 0 13
708 6170 0 11
709 3376 0 9
710 2898 0 11
711 2836 0 42
712 404 0 10
713 3284 0 10
714 588 0 69
715 268 0 23
716 530 0 12
717 570 0 60
718 1044 0 22
719 1388 0 12
720 4462 0 9
721 2563 0 29
722 1052 0 49
723 1612 0 139
724 2908 0 65
725 7820 0 109
726 557 0 12
727 1982 0 10
728 512 0 11
729 679 0 10
730 553 0 17
731 336 0 3
732 1114 0 11
733 668 0 9
734 874 0 28
735 2883 0 9
736 981 0 79
737 8424 0 11
738 2544 0 11
739 1268 0 10
740 2461 0 15
741 6785 0 9
742 2388 0 7

12 1 1464
104
743 2931 0 38
744 574 0 123
745 1156 1 100
746 1119 0 53
747 1510 0 9
748 3154 0 10
749 1275 0 8
750 369 1 11
751 3327 0 9
752 1703 0 9
753 1212 0 18
754 1248 0 12
755 871 0 61
756 3349 0 11
757 861 0 25
758 527 0 39
759 902 0 73
760 270 0 13
761 304 0 19
762 612 0 16
763 920 0 10
764 989 0 44
765 3353 0 76
766 516 0 70
767 3366 0 25
768 347 0 9
769 1154 0 27
770 3225 0 89
771 353 0 26
772 179 0 19
773 1228 0 170
774 6951 0 40
775 7564 0 29
776 3774 0 24
777 916 0 153
778 1977 0 9
779 437 1 183
780 494 0 35
781 176 0 11
782 1901 0 27
783 503 0 9
784 2525 0 9
785 544 0 39
786 3146 0 11
787 549 0 71
788 3369 1 0
789 6529 0 8
790 523 0 11
791 1400 0 18
792 886 0 81
793 3788 0 91
794 2911 0 63
795 369 0 11
796 1230 0 66
797 542 0 7
798 1348 0 9
799 430 0 12
800 1144 0 10
801 5000 0 8
802 1530 0 37
803 17499 0 12
804 1958 0 29
805 1299 0 42
806 659 0 12
807 1108 1 102
808 1383 0 11
809 1085 0 165
810 1562 0 42
811 6539 0 35
812 658 0 21
813 1775 0 6
814 1576 0 8
815 660 0 10
816 875 0 99
817 955 0 43
818 180 0 8
819 1346 0 9
820 975 0 8
821 1947 0 16
822 1131 0 10
823 739 0 60
824 1004 0 82
825 488 0 42
826 2223 1 18
827 3354 0 74
828 188 0 9
829 3797 0 24
830 828 0 9
831 744 0 7
832 957 0 13
833 2168 0 99
834 2155 0 19
835 1984 0 77
836 1061 0 6
837 855 0 35
838 1421 0 8
839 735 0 158
840 431 0 22
841 5027 0 7
842 1496 0 9
843 16825 0 7
844 1706 0 16
845 2826 0 23
846 930 0 59

13 1 1468
23
847 443 0 72
848 736 0 29
849 2821 0 29
850 890 0 8
851 3503 0 27
852 639 0 76
853 202 0 28
854 8833 0 8
855 574 0 11
856 1115 0 23
857 953 0 11
858 3210 0 37
859 1720 0 19
860 3121 1 64
861 416 0 10
862 2903 0 415
863 989 0 70
864 1537 0 63
865 957 0 7
866 613 0 9
867 13548 0 10
868 628 0 11
869 733 0 9

14 1 1477
120
870 3249 0 98
871 1956 1 516
872 3347 0 99
873 314 0 11
874 2578 0 8
875 1315 0 7
876 2702 0 30
877 1259 0 12
878 5094 0 14
879 1415 0 14
880 614 0 12
881 194 0 16
882 801 0 10
883 1228 0 96
884 7002 0 19
885 191 0 7
886 7971 0 11
887 5077 0 9
888 1135 1 0
889 6451 0 49
890 7336 0 12
891 727 0 10
892 845 0 20
893 872 0 163
894 3156 0 28
895 7106 0 9
896 928 0 112
897 423 0 56
898 5155 0 10
899 2897 0 11
900 1187 0 9
901 2046 0 8
902 501 0 11
903 1404 0 20
904 1116 0 14
905 649 0 11
906 8191 0 34
907 7345 0 24
908 1371 0 10
909 670 0 19
910 733 0 32
911 941 0 47
912 1355 0 30
913 1376 0 66
914 1424 0 132
915 1647 0 38
916 472 0 13
917 905 0 38
918 1734 0 11
919 966 0 144
920 1277 0 77
921 2168 0 11
922 1360 0 12
923 1273 0 11
924 1758 1 0
925 3120 0 33
926 949 0 43
927 1793 0 7
928 3937 0 72
929 463 0 10
930 1877 0 13
931 762 0 12
932 445 0 2
933 1356 0 16
934 850 0 7
935 1327 0 13
936 1991 0 9
937 1092 0 50
938 1420 0 10
939 1131 0 10
940 3278 0 11
941 181 0 20
942 1339 0 11
943 2495 0 73
944 1275 0 38
945 522 0 13
946 2953 0 13
947 1909 0 10
948 1848 0 7
949 950 0 8
950 1018 0 11
951 1273 0 12
952 1355 0 13
953 504 0 25
954 403 0 172
955 945 0 58
956 2295 0 10
957 12695 0 8
958 1951 0 7
959 1582 0 8
960 2311 0 184
961 3145 0 18
962 2457 0 18
963 1057 1 28
964 7842 0 23
965 1316 0 28
966 827 0 45
967 1977 1 0
968 1121 0 71
969 1390 0 59
970 970 0 138
971 2568 0 17
972 1158 0 72
973 256 0 617
974 2587 0 9
975 2681 0 13
976 2257 0 125
977 17724 0 17
978 5002 0 316
979 3389 0 11
980 2943 0 9
981 2865 0 11
982 847 0 148
983 909 0 11
984 1158 0 7
985 528 0 24
986 2484 0 65
987 1345 0 71
988 1268 1 0
989 7645 0 80

15 1 1477
52
990 2541 0 13
991 1396 0 36
992 2073 0 58
993 3575 0 107
994 204 0 45
995 2161 0 83
996 1947 0 9
997 725 0 37
998 5118 0 12
999 1422 0 33
1000 1289 0 275
1001 453 0 11
1002 803 0 11
1003 2975 0 21
1004 1316 0 11
1005 526 0 365
1006 1241 0 79
1007 1939 0 8
1008 2870 0 10
1009 3189 0 42
1010 1084 0 8
1011 1878 0 8
1012 916 0 7
1013 1075 0 78
1014 276 0 59
1015 170 0 69
1016 2788 0 12
1017 1380 0 11
1018 720 0 20
1019 1302 0 15
1020 225 0 10
1021 2845 1 62
1022 1894 0 10
1023 1197 0 100
1024 2766 0 170
1025 1663 0 84
1026 337 0 13
1027 514 0 143
1028 2204 0 7
1029 1002 0 188
1030 1513 0 148
1031 731 0 17
1032 576 0 9
1033 519 1 81
1034 1789 0 9
1035 798 0 7
1036 1275 0 70
1037 1987 0 29
1038 3374 0 13
1039 1152 0 105
1040 1429 0 114
1041 7404 0 109

16 1 1478
54
1042 690 1 0
1043 438 0 9
1044 371 0 11
1045 8019 0 48
1046 1104 0 63
1047 361 0 9
1048 1001 0 108
1049 3370 0 7
1050 193 1 16
1051 882 0 11
1052 956 0 40
1053 1547 0 92
1054 252 0 10
1055 982 0 172
1056 1057 0 29
1057 3372 0 16
1058 404 0 18
1059 164 1 20
1060 1628 0 27
1061 1379 0 11
1062 1700 0 41
1063 1603 0 8
1064 1529 0 29
1065 472 0 11
1066 1059 0 11
1067 1388 0 78
1068 1973 0 12
1069 2166 0 28
1070 2419 0 24
1071 1513 0 38
1072 2955 0 13
1073 186 0 7
1074 2017 0 12
1075 1307 0 26
1076 3722 0 9
1077 3149 0 39
1078 1009 0 234
1079 779 0 7
1080 1036 0 162
1081 1979 0 37
1082 1307 0 107
1083 12636 0 147
1084 1395 0 60
1085 7049 0 171
1086 402 0 58
1087 879 0 11
1088 1357 0 8
1089 679 0 11
1090 2059 0 39
1091 1382 0 93
1092 1530 0 13
1093 634 0 11
1094 962 0 10
1095 961 0 9

17 1 1494
4
1096 1544 0 28
1097 2540 0 12
1098 604 0 14
1099 3481 0 39

18 1 1499
2
1100 2187 0 7
1101 948 0 86

19 1 48244
1
1102 2704 0 10

