20

0 1 521
25
0 7669 0 11
1 1141 0 15
2 791 0 29
3 1334 0 11
4 224 0 7
5 1623 1 37
6 1234 0 18
7 2820 0 11
8 819 0 97
9 2565 0 61
10 1122 0 12
11 2204 0 17
12 675 0 13
13 558 0 13
14 997 0 11
15 685 0 28
16 1190 0 11
17 2546 0 9
18 578 0 9
19 6130 0 11
20 1909 0 11
21 1955 0 32
22 745 0 38
23 578 0 16
24 11789 0 53

1 1 539
7
25 2921 0 40
26 4476 0 78
27 1648 0 13
28 823 0 12
29 894 0 10
30 2842 0 13
31 2936 0 46

2 1 666
6
32 4633 0 13
33 1332 0 30
34 1211 0 13
35 487 0 97
36 989 0 42
37 1957 0 9

3 0 689
6
38 889 0 28
39 1091 0 12
40 2265 0 32
41 1033 0 32
42 772 0 136
43 2428 0 11

4 1 695
22
44 2824 0 80
45 13554 0 29
46 567 0 9
47 322 0 7
48 2700 0 8
49 2386 0 8
50 1713 0 9
51 1839 0 29
52 613 0 24
53 648 0 6
54 537 0 18
55 1219 0 22
56 11213 0 9
57 434 0 0
58 15 0 13
59 702 0 9
60 3346 0 424
61 1131 0 210
62 1353 0 50
63 291 0 94
64 2058 0 14
65 1376 0 8

5 1 964
120
66 264 1 0
67 2489 0 69
68 1431 0 28
69 778 0 208
70 197 0 57
71 832 0 62
72 1439 0 13
73 3219 0 66
74 635 0 10
75 1370 0 45
76 266 0 15
77 2845 0 23
78 713 0 11
79 715 0 17
80 468 0 26
81 1940 0 70
82 1233 0 15
83 560 0 25
84 403 0 8
85 783 0 8
86 909 0 11
87 1341 0 43
88 778 0 14
89 2675 0 10
90 1419 1 0
91 1370 0 6
92 5893 0 130
93 8829 0 12
94 2606 0 66
95 1384 0 19
96 995 0 51
97 2849 0 7
98 3715 0 13
99 1256 0 69
100 373 0 98
101 1842 0 9
102 514 0 13
103 1374 0 10
104 1654 0 301
105 2825 0 12
106 456 1 16
107 1912 0 101
108 1588 0 11
109 796 0 13
110 1984 0 9
111 1014 1 0
112 3052 0 15
113 170 0 172
114 835 0 11
115 3418 0 11
116 5571 0 89
117 16635 0 28
118 1398 0 24
119 7797 0 12
120 9258 0 102
121 1194 0 107
122 1711 0 13
123 989 0 176
124 797 0 17
125 2844 0 10
126 1245 0 8
127 603 0 12
128 764 0 39
129 1976 0 27
130 9102 0 24
131 1121 0 14
132 869 0 67
133 2856 0 23
134 1050 0 11
135 14923 0 10
136 5078 0 35
137 379 0 16
138 1292 0 38
139 1431 0 39
140 538 0 15
141 5984 0 39
142 483 0 12
143 849 0 7
144 803 0 13
145 6500 0 115
146 6956 0 11
147 806 0 23
148 1076 1 6
149 1683 0 10
150 1967 0 34
151 3529 0 138
152 3338 0 15
153 1074 0 20
154 2203 1 0
155 3174 0 145
156 1004 0 11
157 1312 0 24
158 804 0 20
159 2589 0 7
160 1519 0 171
161 2931 0 12
162 2860 1 0
163 672 0 76
164 840 0 24
165 796 0 26
166 6732 0 34
167 915 0 55
168 1063 0 92
169 1967 0 0
170 5676 0 10
171 2944 0 12
172 908 0 91
173 14 0 29
174 202 1 30
175 907 0 10
176 193 0 10
177 5088 0 6
178 3372 0 18
179 14521 0 7
180 3533 0 170
181 1353 0 7
182 441 0 66
183 1354 0 18
184 409 0 29
185 586 0 63

6 1 997
13
186 5091 0 8
187 701 0 10
188 469 1 0
189 1415 0 72
190 733 0 10
191 687 0 7
192 7895 0 16
193 17724 0 9
194 5151 0 20
195 7049 0 36
196 6752 0 11
197 817 0 17
198 6164 0 8

7 1 1001
25
199 1523 0 28
200 1698 0 29
201 2819 0 8
202 2905 0 13
203 2859 0 11
204 1029 0 11
205 733 0 89
206 1431 0 172
207 709 0 9
208 2301 0 34
209 17306 0 92
210 3272 0 8
211 667 0 15
212 198 0 12
213 147 0 26
214 1014 0 36
215 3240 0 28
216 17080 0 63
217 156 0 162
218 1343 0 30
219 735 0 7
220 1416 0 16
221 1012 0 12
222 2481 0 10
223 7264 0 156

8 1 1016
4
224 330 0 119
225 1360 0 14
226 7566 0 29
227 1122 0 16

9 0 1442
136
228 1408 0 80
229 2568 0 10
230 674 0 12
231 942 0 7
232 1382 0 82
233 934 0 10
234 787 0 18
235 1632 0 7
236 1324 0 64
237 574 0 35
238 896 0 9
239 987 0 13
240 2569 0 49
241 834 0 28
242 496 0 70
243 1298 0 31
244 751 0 11
245 2973 0 41
246 16906 0 11
247 2151 0 71
248 762 0 11
249 604 0 15
250 222 0 11
251 1072 0 8
252 806 0 19
253 1376 0 21
254 1182 1 400
255 3509 0 47
256 1900 0 16
257 1016 0 12
258 1700 0 21
259 744 0 19
260 5121 0 11
261 14544 0 24
262 2196 0 24
263 1969 0 170
264 3228 0 226
265 230 0 11
266 5017 1 165
267 2576 0 11
268 2911 0 110
269 381 0 8
270 7049 0 7
271 3175 0 183
272 2017 0 23
273 478 0 31
274 1988 0 8
275 5089 1 0
276 869 0 11
277 313 1 46
278 1150 0 37
279 885 0 14
280 7663 0 7
281 421 0 13
282 543 0 9
283 1421 0 69
284 2846 0 9
285 4110 0 27
286 788 0 19
287 485 0 4
288 204 0 7
289 3192 0 44
290 1691 0 9
291 889 0 11
292 3284 0 14
293 961 0 10
294 1858 0 11
295 2873 0 75
296 982 0 10
297 1115 0 8
298 707 0 11
299 1040 0 11
300 1411 0 30
301 9363 0 11
302 1380 0 133
303 963 0 7
304 1320 0 21
305 1034 0 122
306 538 0 73
307 957 0 74
308 3620 0 13
309 9315 0 16
310 290 0 11
311 280 0 613
312 1516 0 12
313 1049 0 8
314 1045 0 74
315 1234 0 12
316 2358 0 12
317 573 0 53
318 1151 0 18
319 1059 0 40
320 627 0 9
321 5143 0 11
322 329 0 130
323 1376 0 21
324 1060 1 46
325 801 0 16
326 925 0 12
327 1998 0 11
328 12211 0 112
329 3342 0 10
330 943 0 86
331 669 0 131
332 2491 0 58
333 810 0 8
334 692 0 60
335 442 0 27
336 636 0 8
337 7369 0 32
338 1777 0 10
339 789 0 211
340 1284 0 59
341 8900 0 7
342 609 0 14
343 2605 0 45
344 5121 0 27
345 21 0 32
346 231 0 19
347 12828 0 19
348 8403 0 11
349 2517 0 10
350 498 0 8
351 751 0 9
352 1240 0 275
353 171 0 16
354 1115 0 54
355 5047 0 52
356 1536 0 76
357 3375 0 8
358 6961 0 11
359 894 0 9
360 6242 0 22
361 1400 0 13
362 509 0 43
363 830 0 39

10 1 1448
25
364 757 0 13
365 1029 0 40
366 5086 0 66
367 1996 0 22
368 3145 1 0
369 933 0 61
370 1966 0 13
371 11790 1 0
372 2412 0 19
373 1179 1 31
374 1955 0 7
375 1170 0 9
376 696 0 34
377 1277 0 16
378 3169 0 8
379 1391 0 7
380 1378 0 16
381 3670 0 54
382 1375 0 14
383 7390 0 90
384 415 0 9
385 477 0 202
386 775 0 75
387 777 1 4
388 706 0 10

11 1 1454
6
389 327 0 16
390 14600 0 44
391 1417 0 18
392 6359 0 13
393 5038 0 11
394 1415 0 10

12 1 1457
30
395 3349 0 17
396 2930 0 12
397 739 0 10
398 198 0 98
399 2380 0 14
400 1566 0 25
401 1511 0 7
402 1103 0 11
403 181 0 12
404 5 0 11
405 5087 0 15
406 189 0 42
407 731 0 73
408 1031 0 103
409 1773 0 15
410 7945 0 14
411 3371 0 13
412 1965 0 109
413 1616 0 66
414 1163 0 11
415 3428 0 34
416 2891 0 11
417 1967 0 10
418 1035 0 11
419 11634 0 42
420 831 0 46
421 1837 0 27
422 1959 0 19
423 1143 0 13
424 890 0 10

13 1 1459
184
425 2855 0 9
426 3251 1 60
427 305 0 95
428 968 0 28
429 1642 0 10
430 649 0 8
431 16249 0 19
432 1062 0 8
433 691 0 13
434 13018 1 0
435 339 0 10
436 1358 1 6
437 1538 0 13
438 5100 0 66
439 1663 0 76
440 1161 0 43
441 701 0 12
442 2490 0 11
443 2100 0 80
444 1891 0 9
445 1093 0 19
446 792 0 73
447 2863 0 21
448 1083 0 12
449 6360 0 16
450 2325 0 29
451 844 0 71
452 5070 0 53
453 2783 0 8
454 454 0 7
455 924 1 26
456 2817 0 73
457 1889 0 162
458 1075 0 30
459 1201 0 317
460 2048 0 13
461 2852 0 9
462 989 0 89
463 434 0 67
464 803 0 39
465 3526 0 9
466 1141 0 12
467 168 0 10
468 442 0 12
469 168 1 0
470 2596 0 22
471 1260 0 10
472 1329 0 29
473 1979 0 17
474 16326 0 88
475 802 0 281
476 1218 0 19
477 1585 0 168
478 989 0 70
479 1965 0 8
480 3385 0 19
481 17278 0 8
482 345 0 8
483 1903 0 71
484 1430 0 10
485 2818 0 71
486 1582 0 38
487 563 0 7
488 1304 0 89
489 3355 0 35
490 1065 0 51
491 1696 0 30
492 168 0 11
493 1867 0 12
494 1600 0 11
495 1146 0 36
496 3284 0 39
497 1137 0 8
498 5025 0 19
499 594 0 12
500 1100 0 7
501 773 0 14
502 3278 0 10
503 200 0 13
504 1154 0 7
505 2513 0 12
506 667 0 8
507 1312 0 46
508 1397 0 11
509 2953 0 11
510 1898 1 0
511 648 0 14
512 648 0 10
513 1641 0 173
514 799 0 10
515 2616 1 0
516 648 0 38
517 1820 0 43
518 3351 0 8
519 12641 0 11
520 716 0 8
521 1425 0 14
522 1891 0 27
523 1529 0 18
524 1424 0 25
525 2434 0 3
526 1416 0 278
527 1397 0 20
528 525 0 18
529 291 0 14
530 2552 0 32
531 1389 0 14
532 2532 0 151
533 6739 1 0
534 1985 0 229
535 1340 0 11
536 550 0 11
537 1126 0 26
538 3270 0 12
539 758 0 7
540 782 0 13
541 2691 0 12
542 1516 0 23
543 1057 0 7
544 896 0 33
545 2913 0 7
546 7814 0 9
547 1359 0 13
548 989 0 11
549 1933 0 11
550 803 0 10
551 2649 0 38
552 734 0 10
553 713 0 221
554 1652 0 25
555 749 0 14
556 1640 0 43
557 11796 0 5
558 6362 0 12
559 1812 0 14
560 1909 0 10
561 2371 0 14
562 1352 0 40
563 3177 0 13
564 1291 0 34
565 1506 0 12
566 2858 0 8
567 2341 0 56
568 3296 0 16
569 1247 0 53
570 388 0 31
571 11538 0 8
572 590 0 13
573 1787 0 12
574 169 0 11
575 3234 0 113
576 7538 0 13
577 1972 0 7
578 3239 0 11
579 1164 0 33
580 1037 0 98
581 449 0 18
582 437 0 38
583 1164 0 70
584 5039 0 10
585 1324 0 14
586 422 0 10
587 1390 0 7
588 1887 0 11
589 1407 0 120
590 806 0 70
591 250 0 10
592 3012 0 63
593 404 0 10
594 1256 0 23
595 6740 0 8
596 532 0 37
597 1943 0 12
598 515 0 172
599 500 0 11
600 5114 0 21
601 1415 0 53
602 620 1 20
603 258 0 18
604 1428 0 8
605 5785 0 12
606 171 0 7
607 6150 0 69
608 989 0 53

14 1 1463
52
609 3281 0 12
610 1383 0 11
611 561 0 74
612 319 0 129
613 1425 0 19
614 793 0 76
615 1043 0 25
616 7727 0 160
617 1839 0 8
618 932 0 13
619 1382 0 130
620 645 0 54
621 671 0 12
622 1853 0 9
623 2600 0 8
624 1395 0 36
625 1997 0 14
626 1952 0 34
627 1128 0 10
628 2587 0 52
629 1897 0 50
630 5761 0 70
631 859 0 16
632 1275 0 11
633 1415 0 9
634 1967 0 8
635 3228 0 14
636 2507 0 10
637 937 0 177
638 3318 0 13
639 731 0 50
640 1796 0 82
641 1029 0 10
642 1974 0 55
643 244 0 15
644 571 0 11
645 1315 0 40
646 1246 0 19
647 1318 0 157
648 13598 0 12
649 1533 0 13
650 16251 1 18
651 1116 0 42
652 693 0 8
653 16096 0 17
654 3563 0 71
655 1375 0 19
656 2411 0 9
657 724 0 188
658 945 0 15
659 407 0 25
660 3356 0 11

15 1 1479
148
661 1101 0 101
662 12889 0 8
663 3371 0 12
664 551 1 16
665 450 0 72
666 1528 0 81
667 1041 0 7
668 181 0 12
669 55 0 21
670 1951 0 129
671 683 0 10
672 488 0 12
673 1581 0 35
674 891 0 14
675 989 0 11
676 1180 0 97
677 884 0 11
678 609 0 11
679 3049 0 10
680 1169 0 12
681 5137 0 10
682 1308 0 11
683 1944 0 38
684 903 0 10
685 1145 0 10
686 3738 0 9
687 2799 0 23
688 1390 0 18
689 1368 0 29
690 6457 0 8
691 2820 0 13
692 2890 0 9
693 3265 0 224
694 2995 0 10
695 522 0 8
696 1018 0 10
697 1291 0 11
698 1304 0 78
699 12435 0 12
700 407 0 146
701 2210 0 21
702 1868 0 8
703 3219 0 10
704 210 0 13
705 546 0 20
706 2820 0 7
707 3258 0 15
708 1076 0 11
709 3377 0 30
710 1773 0 21
711 1522 0 173
712 6000 0 7
713 1504 0 12
714 2830 0 70
715 265 0 10
716 1191 0 13
717 1066 0 106
718 370 0 11
719 1115 0 10
720 5002 0 8
721 2335 0 11
722 12100 0 10
723 1161 1 0
724 1354 0 12
725 2505 0 11
726 997 0 129
727 1777 0 10
728 913 0 10
729 2447 0 11
730 3153 0 14
731 2343 0 66
732 336 0 178
733 275 1 18
734 3213 0 112
735 2951 0 50
736 390 0 12
737 1210 0 30
738 498 0 40
739 16287 0 46
740 5126 0 21
741 969 0 18
742 1206 0 19
743 2103 0 9
744 225 0 35
745 511 0 10
746 9985 0 10
747 1104 0 73
748 171 1 0
749 1784 0 51
750 1859 0 9
751 945 0 14
752 1101 0 9
753 5009 0 7
754 1207 0 12
755 756 0 77
756 942 0 7
757 2937 0 11
758 989 0 11
759 7309 0 13
760 2440 0 29
761 1512 0 11
762 7390 0 139
763 270 0 12
764 190 0 25
765 422 0 19
766 3356 0 12
767 1505 0 33
768 387 0 83
769 1666 0 13
770 2005 0 8
771 2596 0 143
772 13568 0 73
773 1389 0 295
774 801 0 101
775 1530 0 32
776 7402 0 10
777 422 0 27
778 514 0 14
779 3311 0 50
780 6217 0 10
781 6450 0 13
782 7257 1 597
783 3278 0 11
784 581 0 37
785 1763 0 81
786 1422 0 36
787 768 0 196
788 1889 0 11
789 2812 0 11
790 1550 0 8
791 1020 0 31
792 2824 0 7
793 825 0 134
794 1750 0 30
795 3249 0 100
796 943 0 9
797 1217 0 18
798 1411 0 80
799 3188 0 18
800 1291 0 8
801 1255 1 0
802 4094 0 12
803 1056 0 12
804 1170 0 8
805 804 0 9
806 177 0 14
807 784 0 6
808 593 0 64

16 1 1493
155
809 982 1 0
810 1953 0 11
811 243 0 31
812 1633 0 10
813 337 0 19
814 3155 0 11
815 803 0 42
816 2504 0 44
817 9985 0 16
818 6111 0 5
819 2338 0 19
820 1870 0 11
821 3079 0 20
822 1027 0 23
823 12591 0 9
824 1392 0 31
825 638 0 11
826 1247 0 7
827 661 0 7
828 2878 0 10
829 5145 0 11
830 3195 1 0
831 5054 0 11
832 5020 0 36
833 1879 0 14
834 1037 0 9
835 442 0 139
836 1317 0 34
837 287 0 12
838 1072 0 99
839 220 0 76
840 821 0 8
841 695 0 9
842 1689 0 8
843 1060 0 18
844 10280 0 7
845 14377 0 14
846 905 0 11
847 1317 0 11
848 1966 0 8
849 5098 0 10
850 864 0 18
851 2036 0 32
852 6523 0 30
853 1159 0 24
854 1092 0 11
855 1021 0 8
856 2668 0 99
857 1946 1 0
858 744 0 18
859 1303 0 96
860 530 0 16
861 1770 0 24
862 5116 0 28
863 2136 0 23
864 478 0 22
865 2914 0 19
866 3211 0 9
867 5062 0 27
868 632 0 17
869 1094 0 13
870 12775 0 13
871 1786 0 125
872 6672 0 11
873 3521 0 92
874 1948 0 9
875 1376 0 5
876 2887 0 8
877 7335 0 107
878 716 0 7
879 1108 0 14
880 1215 0 12
881 236 0 34
882 6291 0 34
883 9312 0 9
884 492 0 13
885 3484 0 18
886 1418 0 24
887 1785 0 8
888 1538 0 26
889 674 0 14
890 2133 0 36
891 193 0 83
892 740 0 14
893 501 0 10
894 1785 0 19
895 441 1 0
896 2317 0 12
897 2806 0 12
898 1328 0 8
899 1371 0 15
900 1513 0 9
901 1114 0 8
902 3228 1 47
903 3157 0 9
904 201 0 149
905 1504 1 0
906 7048 0 8
907 17337 0 10
908 587 0 69
909 2466 0 19
910 127 0 41
911 1984 0 13
912 1258 0 29
913 14356 0 24
914 2264 0 156
915 1380 0 24
916 1763 0 10
917 2894 0 8
918 7367 0 7
919 2392 0 9
920 1332 0 23
921 982 0 8
922 1358 0 22
923 547 0 12
924 1962 0 21
925 652 0 12
926 4993 0 7
927 2859 0 10
928 1051 0 51
929 1981 0 10
930 742 0 39
931 12539 1 0
932 997 0 11
933 2605 0 18
934 1280 0 19
935 2882 0 9
936 403 0 74
937 934 0 10
938 1092 0 17
939 507 0 10
940 3376 0 185
941 1526 0 8
942 1563 0 8
943 804 0 9
944 672 0 7
945 1530 0 10
946 277 0 30
947 1938 0 48
948 2946 0 29
949 1228 0 28
950 639 0 8
951 465 0 60
952 892 0 41
953 5145 0 12
954 6451 0 11
955 1151 0 13
956 1950 0 196
957 2100 0 68
958 1974 0 155
959 1116 0 13
960 2537 0 20
961 1071 0 12
962 647 0 19
963 370 0 60

17 1 1499
95
964 989 0 29
965 11 0 31
966 1118 0 7
967 930 0 15
968 1709 0 10
969 1513 0 46
970 3200 0 17
971 882 0 9
972 3358 0 11
973 5761 0 12
974 12206 0 26
975 494 0 8
976 2718 0 8
977 2295 0 176
978 670 0 7
979 1363 0 30
980 777 0 11
981 195 0 85
982 1614 0 8
983 996 0 33
984 7963 1 29
985 1174 0 10
986 5031 0 9
987 723 0 13
988 1658 0 13
989 2619 0 40
990 2925 0 12
991 1835 0 13
992 569 0 12
993 3173 0 67
994 1513 0 27
995 1427 0 8
996 762 0 22
997 1912 0 6
998 2787 0 13
999 6531 0 16
1000 449 0 180
1001 1192 0 38
1002 16733 0 9
1003 2577 0 9
1004 7048 0 193
1005 3252 0 17
1006 5108 0 164
1007 3046 0 14
1008 3372 0 36
1009 171 0 40
1010 850 0 16
1011 2521 0 150
1012 807 0 15
1013 1341 0 97
1014 1066 0 10
1015 603 0 128
1016 468 0 50
1017 791 0 10
1018 1358 0 11
1019 6534 0 12
1020 846 0 10
1021 1310 0 41
1022 1784 0 12
1023 1514 0 10
1024 3346 0 13
1025 1129 0 18
1026 1045 0 1
1027 532 0 9
1028 989 0 11
1029 410 0 63
1030 628 0 13
1031 1946 0 10
1032 1409 0 12
1033 855 0 164
1034 1227 0 110
1035 1118 0 50
1036 917 0 73
1037 4264 0 8
1038 1119 0 48
1039 2900 0 6
1040 962 0 12
1041 6361 0 128
1042 16097 0 12
1043 913 0 12
1044 1792 0 7
1045 3747 0 304
1046 1159 0 26
1047 1172 0 107
1048 5072 0 9
1049 791 0 13
1050 1069 0 8
1051 8915 0 8
1052 5142 0 12
1053 950 0 8
1054 642 1 520
1055 466 0 14
1056 1025 0 18
1057 1538 0 11
1058 923 0 8

18 1 51726
104
1059 609 0 60
1060 1099 0 19
1061 1288 0 9
1062 2917 0 65
1063 1404 1 17
1064 1760 0 15
1065 1048 0 11
1066 6067 0 10
1067 2890 0 18
1068 648 0 23
1069 2467 0 8
1070 183 0 617
1071 14447 0 10
1072 1979 0 8
1073 5836 0 71
1074 989 0 15
1075 1585 0 11
1076 1958 0 71
1077 12637 0 67
1078 2479 0 10
1079 2431 0 28
1080 1082 0 144
1081 186 0 12
1082 1505 0 62
1083 472 0 40
1084 1404 0 59
1085 648 0 106
1086 794 0 24
1087 1788 0 144
1088 3353 1 101
1089 1186 0 8
1090 3154 0 6
1091 837 1 566
1092 2881 0 19
1093 3381 0 280
1094 2918 0 9
1095 325 0 24
1096 722 0 156
1097 777 0 19
1098 410 0 9
1099 2717 0 14
1100 2337 0 18
1101 1399 0 5
1102 13598 0 7
1103 497 0 12
1104 5044 0 71
1105 3295 0 12
1106 2079 0 208
1107 1978 0 9
1108 7327 0 78
1109 710 0 12
1110 733 0 13
1111 1978 0 18
1112 1015 1 131
1113 678 0 41
1114 648 0 8
1115 1418 0 5
1116 428 0 68
1117 6150 0 8
1118 1014 0 35
1119 3297 0 133
1120 7756 0 36
1121 3494 0 19
1122 1183 0 7
1123 534 1 103
1124 170 0 19
1125 2111 0 21
1126 1431 0 10
1127 3194 0 155
1128 921 0 13
1129 330 0 7
1130 2160 0 352
1131 2324 0 12
1132 2594 0 45
1133 37 0 12
1134 299 0 12
1135 3443 0 13
1136 1427 0 8
1137 253 0 8
1138 901 0 8
1139 3385 1 27
1140 913 0 215
1141 1743 0 11
1142 1376 0 9
1143 2547 0 94
1144 3974 0 122
1145 1131 0 74
1146 1146 0 50
1147 989 0 34
1148 700 0 29
1149 911 0 23
1150 441 0 8
1151 1712 0 143
1152 6361 0 222
1153 3240 0 14
1154 641 0 46
1155 1838 0 109
1156 1414 0 11
1157 304 0 14
1158 722 0 7
1159 1513 0 12
1160 1118 0 44
1161 702 0 82
1162 1421 0 19

19 1 61596
184
1163 1323 0 11
1164 611 0 16
1165 2551 0 14
1166 713 0 16
1167 2257 0 6
1168 1881 0 40
1169 177 0 14
1170 624 0 16
1171 405 0 12
1172 1944 0 138
1173 3331 0 38
1174 650 0 133
1175 520 0 19
1176 1282 0 10
1177 509 0 16
1178 1186 0 42
1179 315 0 95
1180 1681 0 14
1181 564 0 18
1182 5007 0 9
1183 502 0 12
1184 2535 0 224
1185 440 0 12
1186 186 0 18
1187 2217 0 90
1188 1385 0 8
1189 653 0 12
1190 603 0 52
1191 5118 0 98
1192 2260 0 169
1193 1414 0 13
1194 1247 0 7
1195 1191 0 52
1196 1057 0 9
1197 1406 0 151
1198 1181 0 8
1199 13028 0 11
1200 7157 0 9
1201 1413 0 28
1202 716 0 6
1203 239 0 9
1204 432 0 10
1205 379 0 18
1206 1550 0 10
1207 2411 0 13
1208 3185 0 10
1209 1284 0 19
1210 2917 0 9
1211 807 0 12
1212 368 0 12
1213 7257 0 13
1214 1957 0 93
1215 2011 0 46
1216 2172 0 21
1217 2940 0 30
1218 1011 0 7
1219 2072 0 11
1220 1518 0 8
1221 1183 0 12
1222 193 0 32
1223 998 0 82
1224 1317 0 29
1225 1260 0 51
1226 1496 0 7
1227 1155 0 11
1228 1077 0 11
1229 1795 0 39
1230 2758 0 6
1231 1070 0 19
1232 1904 0 10
1233 495 0 34
1234 2078 0 33
1235 1115 0 21
1236 1009 0 10
1237 2925 0 17
1238 204 0 12
1239 459 0 11
1240 924 0 13
1241 1210 0 11
1242 1324 0 13
1243 2462 0 18
1244 7327 0 10
1245 2864 0 49
1246 504 0 29
1247 1413 1 0
1248 6851 0 42
1249 1124 0 18
1250 12478 0 27
1251 1333 0 17
1252 3185 0 9
1253 1059 0 12
1254 707 1 16
1255 1501 0 50
1256 2449 0 32
1257 1980 0 55
1258 1485 0 9
1259 9303 0 13
1260 185 1 47
1261 720 0 11
1262 6095 0 21
1263 1425 0 29
1264 1149 0 81
1265 2809 0 36
1266 419 0 13
1267 2369 0 14
1268 728 0 109
1269 437 0 18
1270 777 0 11
1271 1720 0 67
1272 828 0 18
1273 8208 0 13
1274 6216 0 7
1275 1017 0 39
1276 3073 0 10
1277 3241 0 84
1278 648 0 8
1279 3142 0 106
1280 521 0 13
1281 454 0 30
1282 30 0 14
1283 305 0 7
1284 989 0 7
1285 14875 0 10
1286 1039 0 33
1287 822 0 105
1288 1142 0 214
1289 3278 0 8
1290 991 0 11
1291 388 0 10
1292 3301 0 31
1293 199 0 9
1294 1793 0 73
1295 2043 1 22
1296 639 0 13
1297 880 0 13
1298 877 0 7
1299 1242 0 26
1300 893 0 15
1301 115 0 26
1302 1511 0 13
1303 11 0 39
1304 1136 0 12
1305 670 0 43
1306 1085 0 13
1307 993 0 19
1308 1944 0 9
1309 732 0 10
1310 7051 0 72
1311 9982 0 432
1312 5109 0 82
1313 2369 0 20
1314 662 0 10
1315 428 0 33
1316 770 0 10
1317 3926 0 12
1318 1335 0 30
1319 1518 0 10
1320 3272 0 11
1321 2116 0 12
1322 7051 0 10
1323 3160 0 11
1324 915 0 9
1325 1622 0 222
1326 736 0 15
1327 819 0 69
1328 598 0 6
1329 810 0 2
1330 2144 1 0
1331 1659 0 129
1332 2615 0 10
1333 1320 0 10
1334 1203 0 71
1335 671 0 25
1336 5095 0 10
1337 2935 1 45
1338 1395 0 11
1339 1076 0 11
1340 194 0 161
1341 3257 0 23
1342 433 0 10
1343 3594 0 8
1344 1979 0 26
1345 1189 0 71
1346 960 0 13

