10

0 1 259
1109
0 1537 0 18
1 732 0 17
2 4133 0 63
3 1412 0 21
4 1083 0 8
5 1985 0 71
6 1509 0 12
7 752 0 40
8 2790 0 7
9 242 0 16
10 2069 0 15
11 538 0 9
12 13594 0 11
13 3298 0 10
14 2310 0 9
15 1183 0 11
16 726 0 8
17 7549 0 34
18 1057 0 307
19 1811 0 16
20 2858 0 25
21 7275 0 11
22 564 0 8
23 2350 0 164
24 2810 0 33
25 1431 0 107
26 1027 0 46
27 1016 0 24
28 529 0 41
29 3358 0 140
30 877 0 28
31 2264 0 42
32 2915 0 29
33 920 0 67
34 799 0 7
35 570 0 49
36 671 0 39
37 1991 0 38
38 2878 0 147
39 430 0 55
40 926 0 42
41 983 0 17
42 1061 0 31
43 976 0 12
44 2294 0 8
45 2410 0 11
46 948 0 8
47 1185 0 188
48 1390 0 13
49 413 0 46
50 1971 0 37
51 712 0 10
52 424 0 78
53 980 0 73
54 3535 0 10
55 1373 0 8
56 725 0 9
57 13598 0 75
58 1050 0 8
59 1393 0 18
60 257 0 8
61 1989 0 10
62 212 0 9
63 2185 0 21
64 628 0 89
65 967 0 29
66 2923 0 9
67 765 0 9
68 1057 1 220
69 286 0 139
70 3299 1 0
71 2057 0 8
72 5046 1 0
73 994 0 52
74 570 0 13
75 17487 0 18
76 691 0 71
77 3293 0 9
78 251 1 66
79 868 0 9
80 1185 0 142
81 1959 0 18
82 1431 0 35
83 562 0 9
84 1016 0 17
85 527 0 18
86 698 0 8
87 3 0 11
88 1817 0 188
89 1159 0 16
90 374 0 80
91 3983 0 68
92 3363 0 24
93 1346 0 14
94 3358 0 99
95 2331 0 10
96 1183 0 51
97 621 0 84
98 823 0 8
99 1802 0 10
100 963 0 11
101 854 0 11
102 1036 0 13
103 2950 0 8
104 1407 0 8
105 752 0 17
106 811 0 13
107 1526 0 12
108 351 0 12
109 3413 0 17
110 6494 0 13
111 1145 0 167
112 967 0 58
113 945 0 30
114 3354 0 14
115 647 0 71
116 2559 0 38
117 1385 0 8
118 989 0 12
119 1878 0 11
120 973 0 20
121 3373 0 21
122 1069 0 143
123 6732 0 8
124 1988 0 12
125 1354 0 80
126 1091 0 24
127 903 0 14
128 3301 0 10
129 2599 0 93
130 662 0 99
131 1161 0 11
132 7 0 83
133 1352 0 25
134 11796 0 8
135 1275 0 8
136 277 0 271
137 3273 0 11
138 7177 0 11
139 1303 0 9
140 3663 0 8
141 859 0 9
142 4132 0 57
143 5058 0 9
144 1096 0 121
145 1327 0 23
146 857 0 23
147 6206 0 24
148 2224 0 125
149 1118 0 7
150 36 0 24
151 573 0 40
152 269 0 11
153 2297 0 10
154 2511 0 10
155 1275 0 10
156 1335 0 21
157 4237 0 140
158 993 0 13
159 7812 0 32
160 2027 0 13
161 1052 0 73
162 1399 0 16
163 5051 0 13
164 610 0 8
165 951 0 54
166 768 0 8
167 909 0 68
168 1429 0 8
169 989 0 10
170 16097 0 69
171 2421 0 9
172 989 0 16
173 2691 0 8
174 1002 0 15
175 3163 0 111
176 765 0 9
177 1953 0 143
178 1957 0 10
179 464 0 9
180 1666 0 15
181 6359 0 17
182 838 0 285
183 2547 0 33
184 1369 0 11
185 3682 0 33
186 1136 0 70
187 2916 0 37
188 1998 0 39
189 442 1 0
190 570 0 19
191 244 1 133
192 9980 0 10
193 12458 0 10
194 1980 0 21
195 1417 0 9
196 846 0 75
197 795 0 19
198 1363 0 12
199 16974 0 24
200 1520 1 0
201 2020 0 12
202 2798 0 10
203 1718 0 10
204 487 0 8
205 2955 0 156
206 2921 0 10
207 715 0 2
208 1419 0 13
209 1502 0 72
210 1202 0 7
211 1336 0 76
212 1977 0 10
213 6952 0 9
214 2239 0 30
215 3315 0 15
216 1069 0 66
217 908 0 9
218 1401 0 11
219 1847 0 12
220 1513 1 0
221 608 0 31
222 1509 0 17
223 461 0 9
224 1031 0 9
225 1956 0 11
226 1206 0 11
227 757 0 13
228 2113 0 7
229 605 0 10
230 1209 0 208
231 1017 1 0
232 883 0 10
233 1022 0 45
234 1035 0 183
235 12649 0 12
236 2000 0 13
237 1948 0 11
238 3132 1 0
239 1078 0 29
240 1957 0 8
241 3269 0 29
242 1429 0 94
243 1282 0 25
244 1962 0 11
245 237 0 24
246 835 0 11
247 623 0 29
248 1235 0 9
249 207 0 27
250 3167 0 13
251 1083 0 16
252 1058 0 8
253 5053 0 78
254 3379 0 67
255 1727 0 69
256 748 0 17
257 989 0 17
258 1017 0 18
259 1040 0 7
260 1407 0 19
261 628 0 23
262 182 0 75
263 1133 0 113
264 1721 0 142
265 3318 0 9
266 1243 0 8
267 911 0 13
268 358 0 69
269 5003 0 21
270 3286 0 68
271 1537 0 14
272 1309 0 52
273 1130 0 13
274 1285 0 8
275 2052 0 42
276 181 1 0
277 1330 0 30
278 7398 0 13
279 843 0 27
280 1515 0 9
281 124 0 30
282 387 0 54
283 1327 0 8
284 517 0 10
285 1110 0 74
286 3267 0 68
287 452 0 12
288 2080 0 78
289 1345 0 11
290 490 0 7
291 7048 0 11
292 3328 0 94
293 2311 0 98
294 1983 0 56
295 207 0 49
296 6460 0 19
297 3219 0 10
298 2604 0 11
299 971 0 10
300 2477 0 10
301 3294 0 14
302 2630 0 7
303 12892 0 11
304 919 0 11
305 1001 0 8
306 989 0 13
307 1026 0 47
308 6096 0 7
309 344 0 10
310 506 0 74
311 6579 0 117
312 2157 0 7
313 1336 0 11
314 3141 0 11
315 725 0 8
316 3597 0 48
317 823 0 8
318 1371 0 112
319 2200 0 8
320 2731 0 190
321 2618 0 27
322 686 0 12
323 1046 0 29
324 3616 0 11
325 8170 0 56
326 1513 0 10
327 6882 0 10
328 1518 0 39
329 758 0 22
330 1513 0 13
331 1513 0 12
332 805 0 12
333 969 0 49
334 1321 0 12
335 885 0 28
336 1015 0 11
337 1338 0 10
338 1255 0 9
339 1185 0 29
340 709 0 20
341 656 0 9
342 528 0 45
343 1511 0 17
344 7051 0 12
345 445 0 7
346 347 0 26
347 1256 0 108
348 6551 0 10
349 1962 1 0
350 12610 0 81
351 784 0 11
352 788 0 24
353 9048 0 8
354 6087 0 13
355 2180 0 43
356 1264 0 8
357 7344 0 33
358 613 0 14
359 12121 0 11
360 925 0 12
361 858 0 15
362 2896 0 17
363 2831 0 9
364 2523 0 79
365 1908 0 27
366 1679 0 20
367 315 0 32
368 1423 0 8
369 7291 0 37
370 3338 0 54
371 222 0 11
372 1355 0 14
373 6180 0 19
374 362 0 18
375 1451 0 20
376 2761 0 10
377 245 0 129
378 1988 0 29
379 714 0 10
380 14920 1 30
381 2166 0 9
382 12690 0 24
383 6132 0 18
384 1272 0 10
385 263 0 14
386 6455 0 11
387 2803 0 10
388 663 0 28
389 353 0 10
390 1110 0 10
391 1454 0 8
392 439 0 45
393 2284 0 8
394 1227 0 49
395 923 0 159
396 3687 0 11
397 920 1 618
398 1610 0 38
399 1983 0 7
400 553 0 7
401 571 0 139
402 1243 0 12
403 800 0 11
404 919 0 95
405 3146 0 17
406 1258 0 157
407 2280 0 43
408 946 0 14
409 3368 0 57
410 959 0 21
411 1901 0 317
412 1305 0 7
413 1092 0 31
414 968 0 7
415 1487 0 10
416 1181 0 12
417 3231 0 8
418 2124 0 48
419 16868 0 10
420 1307 0 9
421 522 0 8
422 2549 0 34
423 7301 0 12
424 690 0 278
425 1188 0 23
426 621 0 47
427 1324 1 101
428 269 0 13
429 1660 0 36
430 2192 0 78
431 1976 0 17
432 597 0 42
433 1256 0 10
434 992 0 133
435 1422 0 204
436 290 0 13
437 1574 0 24
438 925 0 372
439 1991 0 11
440 989 1 0
441 1293 0 10
442 783 0 13
443 633 0 11
444 7587 0 18
445 12770 0 35
446 680 1 35
447 1033 0 12
448 978 0 41
449 853 0 103
450 318 0 10
451 12727 0 39
452 1698 0 48
453 1488 0 17
454 6207 0 21
455 1579 0 9
456 1178 0 12
457 579 0 10
458 976 0 70
459 876 0 27
460 5069 0 52
461 1146 0 12
462 6733 0 18
463 3316 0 32
464 1385 0 9
465 823 0 45
466 3679 0 11
467 330 0 8
468 1135 0 17
469 2511 0 70
470 1529 0 11
471 624 0 12
472 512 0 43
473 456 0 44
474 2883 0 9
475 401 0 45
476 6366 0 14
477 1772 0 66
478 8624 0 40
479 1056 0 11
480 200 0 27
481 1096 0 819
482 377 0 7
483 317 0 110
484 589 0 14
485 1661 0 9
486 1970 0 13
487 17619 1 0
488 667 0 36
489 507 0 7
490 2879 0 14
491 2368 0 9
492 1271 0 0
493 1276 0 11
494 940 0 57
495 670 0 7
496 1356 0 139
497 2544 0 8
498 1284 0 8
499 1088 0 9
500 7724 0 122
501 781 0 96
502 922 0 6
503 5071 0 78
504 690 0 31
505 3559 0 10
506 1513 0 11
507 5057 0 14
508 262 0 67
509 955 0 44
510 989 0 179
511 1691 0 9
512 939 0 20
513 931 0 80
514 1305 0 10
515 507 0 9
516 2479 0 16
517 169 0 29
518 2057 0 13
519 747 0 10
520 388 0 47
521 647 0 38
522 13017 0 31
523 940 0 11
524 1516 0 7
525 183 1 40
526 2372 0 11
527 267 0 7
528 671 0 72
529 748 0 11
530 321 0 8
531 501 0 31
532 5057 0 18
533 648 0 34
534 13064 0 13
535 3328 0 12
536 2343 0 10
537 1304 1 517
538 7048 0 25
539 1978 0 114
540 1537 0 42
541 1312 0 82
542 1377 0 9
543 1665 0 19
544 2846 0 130
545 289 1 31
546 2014 0 102
547 5042 1 400
548 1981 0 31
549 576 0 11
550 3214 0 7
551 787 0 14
552 806 0 8
553 493 0 12
554 592 0 13
555 1507 0 36
556 2182 0 12
557 1052 0 72
558 752 0 14
559 412 0 9
560 3241 0 8
561 6258 0 10
562 808 0 8
563 1004 0 68
564 1591 0 37
565 989 0 66
566 1972 0 10
567 3060 0 69
568 1720 0 147
569 1355 0 14
570 1286 0 12
571 308 0 21
572 3680 0 53
573 2072 0 10
574 5774 0 67
575 1020 0 11
576 645 0 18
577 1274 0 167
578 1508 0 118
579 7184 0 19
580 1835 0 51
581 1568 0 25
582 3379 0 72
583 205 0 11
584 2202 0 40
585 1447 0 13
586 950 0 26
587 2855 0 27
588 171 0 14
589 1989 0 7
590 989 0 11
591 650 0 7
592 6484 0 40
593 2027 0 11
594 14375 0 41
595 1074 1 20
596 1084 0 24
597 2420 1 90
598 3164 0 9
599 1961 0 15
600 171 0 6
601 1686 0 12
602 6763 0 8
603 1885 0 20
604 973 0 24
605 7539 1 0
606 255 0 8
607 1428 0 7
608 3243 0 117
609 1855 0 11
610 6784 0 9
611 16459 0 24
612 2894 0 21
613 795 0 11
614 1060 0 28
615 5001 0 39
616 235 0 12
617 577 0 10
618 1979 0 7
619 1802 0 12
620 1802 1 0
621 5067 0 16
622 566 0 68
623 3380 1 0
624 688 0 8
625 3346 0 241
626 1329 0 11
627 1574 0 8
628 1276 0 22
629 401 0 15
630 1543 0 31
631 1804 0 38
632 842 0 24
633 1039 0 94
634 1385 0 29
635 414 0 13
636 990 0 7
637 670 0 10
638 1100 0 26
639 1934 1 20
640 1368 0 156
641 566 0 7
642 2210 0 7
643 1044 0 13
644 65 0 12
645 1085 0 33
646 3377 0 12
647 917 0 7
648 12476 0 8
649 1561 0 147
650 651 0 41
651 7476 0 145
652 1787 0 9
653 195 0 27
654 314 0 14
655 2051 0 13
656 342 1 26
657 1056 0 13
658 6362 0 38
659 2338 0 31
660 1287 1 15
661 5918 1 0
662 2933 0 8
663 2452 0 136
664 1539 0 36
665 579 0 46
666 231 0 8
667 12684 0 20
668 1372 0 43
669 2685 0 7
670 969 0 14
671 1946 1 1
672 2930 0 59
673 734 0 40
674 3184 0 12
675 2720 0 13
676 726 0 9
677 738 0 12
678 3339 0 15
679 1085 0 18
680 3559 0 56
681 190 0 38
682 600 0 11
683 734 0 10
684 741 0 11
685 995 0 11
686 3175 0 11
687 2814 0 14
688 708 0 7
689 3108 0 170
690 1992 0 74
691 1428 0 15
692 7884 1 0
693 580 0 9
694 839 0 12
695 731 0 13
696 632 0 9
697 173 0 10
698 1111 1 136
699 3327 0 9
700 290 0 8
701 1246 1 0
702 4200 0 13
703 846 0 148
704 1320 0 13
705 808 0 73
706 617 0 18
707 3297 0 12
708 2389 0 38
709 1812 0 8
710 331 0 8
711 1942 0 11
712 12611 0 11
713 2418 0 153
714 1116 0 11
715 648 0 162
716 615 0 46
717 1883 0 9
718 1114 0 6
719 1243 0 9
720 3376 1 48
721 1594 0 72
722 563 0 56
723 2928 0 12
724 1299 0 12
725 1142 0 13
726 1033 0 12
727 838 0 44
728 1992 0 16
729 681 0 11
730 3320 0 10
731 541 0 13
732 507 0 3
733 1625 0 27
734 1851 1 0
735 1241 0 11
736 2762 0 9
737 390 0 8
738 698 0 57
739 6542 0 18
740 868 0 38
741 1001 0 10
742 1063 0 27
743 1153 0 222
744 6921 0 10
745 1429 0 75
746 1150 0 73
747 1020 0 53
748 1970 0 47
749 1128 0 13
750 1344 0 34
751 1222 0 12
752 3491 0 155
753 5079 0 12
754 371 0 13
755 3212 0 11
756 2003 0 9
757 2949 0 13
758 7185 0 263
759 306 0 212
760 3144 0 8
761 3253 0 10
762 5010 0 27
763 2775 0 11
764 1887 0 50
765 15 0 9
766 1504 0 8
767 1394 0 92
768 2233 0 40
769 16290 0 8
770 868 0 218
771 3222 0 19
772 1389 0 8
773 1128 0 8
774 750 0 11
775 664 0 10
776 794 0 8
777 260 1 46
778 6498 0 10
779 6079 0 15
780 869 0 49
781 2363 0 161
782 2958 0 11
783 897 0 10
784 469 0 30
785 459 0 9
786 903 0 25
787 1326 0 107
788 11 0 57
789 1527 0 14
790 1244 0 109
791 1422 0 99
792 1439 0 10
793 3169 0 10
794 773 0 7
795 747 0 29
796 5155 0 9
797 3197 0 35
798 1947 0 186
799 874 0 11
800 1579 0 19
801 1945 0 10
802 835 0 9
803 3352 0 110
804 836 0 46
805 1316 0 8
806 245 0 21
807 7303 0 20
808 1225 0 10
809 1513 0 19
810 2163 0 6
811 5125 0 5
812 13569 0 11
813 5089 0 42
814 644 0 31
815 871 0 7
816 1533 0 12
817 6181 1 12
818 1176 0 7
819 586 0 9
820 556 0 19
821 2546 0 109
822 1449 0 7
823 1029 0 167
824 1151 0 11
825 1414 0 24
826 6782 0 23
827 1095 0 12
828 989 0 9
829 3314 0 11
830 1145 0 14
831 2023 1 29
832 1039 0 10
833 97 0 28
834 1812 0 12
835 5101 0 9
836 1155 0 32
837 13918 0 68
838 3372 0 58
839 7390 0 7
840 2423 0 14
841 1459 0 11
842 1223 0 7
843 2687 1 8
844 700 1 0
845 382 0 10
846 1118 0 145
847 337 0 24
848 7616 0 10
849 208 0 10
850 505 0 11
851 1959 0 11
852 14919 0 9
853 872 0 74
854 2945 0 13
855 1223 0 7
856 6197 0 37
857 1109 0 164
858 798 0 45
859 163 0 18
860 5010 0 8
861 5025 0 18
862 9982 0 15
863 616 0 66
864 5080 0 28
865 1915 0 12
866 271 0 6
867 953 0 164
868 1652 0 7
869 1963 0 20
870 3258 0 9
871 2885 0 40
872 564 0 44
873 1364 0 11
874 512 0 7
875 1127 0 52
876 1063 0 170
877 3738 0 53
878 923 0 87
879 2533 0 8
880 1912 0 19
881 7747 0 21
882 696 0 65
883 6631 0 15
884 2957 0 28
885 3950 0 141
886 925 0 11
887 3375 0 21
888 1864 0 73
889 1946 0 11
890 3156 0 19
891 2057 0 12
892 2733 0 12
893 592 0 9
894 5121 0 87
895 3664 0 14
896 1417 0 10
897 972 0 11
898 2824 0 11
899 596 0 7
900 1532 0 10
901 1182 1 228
902 1163 0 2
903 12437 0 59
904 2568 0 63
905 2798 0 32
906 274 1 18
907 1486 0 9
908 1972 0 15
909 1126 0 52
910 3136 0 15
911 6450 0 21
912 1306 0 10
913 539 0 42
914 641 0 12
915 164 0 33
916 727 0 92
917 3372 0 9
918 2730 0 14
919 654 0 9
920 1962 0 10
921 1866 0 11
922 1159 0 12
923 2018 0 15
924 1055 0 15
925 1001 0 28
926 16335 0 12
927 1621 0 37
928 1178 0 14
929 175 0 10
930 846 0 12
931 775 0 76
932 1964 0 14
933 2500 0 7
934 729 0 56
935 735 0 28
936 668 0 50
937 1537 0 11
938 1530 0 13
939 2802 0 54
940 1116 0 33
941 3385 0 18
942 1298 0 37
943 5119 0 26
944 2363 0 10
945 584 0 18
946 1153 0 38
947 628 0 14
948 5011 0 5
949 640 0 50
950 1303 0 5
951 1590 0 14
952 7672 0 29
953 891 0 72
954 359 0 73
955 2915 0 8
956 1208 0 10
957 699 0 8
958 450 0 8
959 8843 0 277
960 1031 0 41
961 5146 0 8
962 1202 0 7
963 1511 0 38
964 809 0 29
965 3171 0 77
966 1283 0 11
967 548 0 8
968 1522 0 12
969 1941 0 16
970 14687 0 11
971 1074 0 18
972 181 0 60
973 837 0 11
974 1164 0 18
975 619 0 11
976 2990 0 11
977 1985 0 7
978 1246 0 22
979 12571 0 28
980 2086 0 11
981 2923 0 9
982 449 0 8
983 243 0 11
984 3296 0 11
985 670 0 11
986 1988 0 13
987 1027 0 147
988 1950 0 23
989 7283 0 11
990 936 0 12
991 1506 0 11
992 989 0 11
993 3368 0 273
994 935 0 69
995 3171 0 98
996 1041 0 149
997 1296 0 14
998 1598 0 254
999 7838 0 9
1000 4997 0 11
1001 623 0 10
1002 437 0 45
1003 8608 0 12
1004 3523 0 7
1005 969 0 98
1006 1892 0 17
1007 1285 0 15
1008 325 0 72
1009 637 0 5
1010 819 0 12
1011 184 0 31
1012 3250 0 8
1013 271 0 8
1014 992 0 71
1015 1064 0 19
1016 2392 0 10
1017 991 0 38
1018 611 0 12
1019 496 0 12
1020 538 0 244
1021 1614 0 15
1022 947 0 11
1023 2093 0 10
1024 3247 1 25
1025 171 0 59
1026 2204 0 72
1027 669 0 72
1028 2088 0 7
1029 1072 0 8
1030 431 0 13
1031 566 1 398
1032 869 0 8
1033 3370 1 0
1034 1246 0 10
1035 7410 0 36
1036 617 1 0
1037 536 0 11
1038 989 1 0
1039 673 0 7
1040 823 0 26
1041 869 0 8
1042 814 1 0
1043 1079 0 15
1044 235 0 13
1045 951 0 210
1046 7356 0 72
1047 863 0 30
1048 2437 0 12
1049 3244 0 27
1050 516 0 102
1051 1403 0 10
1052 1568 0 113
1053 1297 0 36
1054 7410 0 81
1055 1321 0 14
1056 2190 0 32
1057 1826 0 9
1058 495 0 15
1059 2588 0 10
1060 7722 0 31
1061 1982 0 10
1062 1691 0 23
1063 1090 1 422
1064 1024 0 6
1065 1513 0 12
1066 2784 0 8
1067 470 0 37
1068 719 0 8
1069 3215 0 14
1070 860 0 6
1071 1244 0 12
1072 1343 0 9
1073 530 0 8
1074 2955 0 8
1075 342 0 40
1076 1505 0 10
1077 180 0 616
1078 1018 0 38
1079 1948 0 85
1080 612 0 8
1081 531 0 10
1082 362 0 7
1083 2043 0 25
1084 768 0 10
1085 1086 0 11
1086 3358 0 277
1087 1853 0 19
1088 2910 1 0
1089 2127 0 34
1090 733 1 46
1091 3097 0 9
1092 624 0 40
1093 1204 0 35
1094 807 0 24
1095 604 0 11
1096 872 0 67
1097 7747 0 251
1098 355 0 7
1099 2557 0 119
1100 534 0 27
1101 2009 0 107
1102 1518 0 8
1103 3249 1 0
1104 2039 0 48
1105 3359 0 31
1106 1042 0 11
1107 2850 0 59
1108 1069 0 7

1 1 296
6
1109 1365 0 55
1110 7784 0 170
1111 868 0 7
1112 956 0 9
1113 889 0 67
1114 1520 0 12

2 1 503
33
1115 181 0 24
1116 528 0 8
1117 3343 0 9
1118 228 0 121
1119 13092 0 83
1120 12769 0 27
1121 3236 0 75
1122 3162 0 156
1123 641 0 27
1124 837 0 24
1125 883 0 40
1126 1198 0 36
1127 5109 0 89
1128 6184 0 48
1129 3298 0 9
1130 888 0 9
1131 2778 0 88
1132 1983 0 31
1133 1352 0 132
1134 1364 0 9
1135 2335 0 10
1136 1951 0 11
1137 1341 0 117
1138 1425 0 12
1139 16804 0 9
1140 7183 0 166
1141 1019 0 13
1142 731 0 11
1143 442 0 7
1144 1044 0 79
1145 1304 0 7
1146 260 0 9
1147 3437 0 54

3 1 503
6
1148 874 0 119
1149 2463 0 8
1150 272 0 9
1151 7305 0 23
1152 772 0 16
1153 313 0 12

4 1 515
22
1154 1665 0 7
1155 3675 0 10
1156 1103 0 19
1157 2912 0 16
1158 1269 0 82
1159 458 0 12
1160 3985 0 56
1161 1212 0 15
1162 698 0 8
1163 290 0 23
1164 35 0 19
1165 1988 0 10
1166 450 0 64
1167 1658 0 10
1168 1955 0 9
1169 2889 0 71
1170 1120 0 142
1171 1047 0 11
1172 1921 0 15
1173 842 0 39
1174 3364 0 22
1175 2383 0 9

5 0 530
176
1176 5033 0 59
1177 3914 0 7
1178 957 0 9
1179 931 0 22
1180 1095 0 6
1181 3163 0 94
1182 795 0 99
1183 5108 0 9
1184 769 0 373
1185 1498 0 10
1186 1375 1 0
1187 1021 0 38
1188 1320 0 805
1189 735 0 7
1190 163 0 40
1191 5015 0 12
1192 438 0 7
1193 3373 0 9
1194 2207 0 12
1195 1427 1 0
1196 2408 0 11
1197 12420 0 12
1198 1988 0 32
1199 1049 0 101
1200 1965 0 68
1201 863 0 66
1202 1971 0 204
1203 1855 0 296
1204 2428 0 7
1205 1400 0 8
1206 1200 0 30
1207 2496 0 33
1208 610 0 8
1209 1144 0 8
1210 989 1 29
1211 3272 0 16
1212 1627 0 35
1213 1602 0 27
1214 468 0 11
1215 605 0 2
1216 1961 0 44
1217 1893 0 83
1218 1390 0 3
1219 2754 1 16
1220 916 0 39
1221 737 0 11
1222 814 0 8
1223 2187 0 29
1224 344 0 8
1225 1852 0 80
1226 235 0 11
1227 664 1 0
1228 1104 0 14
1229 1419 0 29
1230 1219 0 11
1231 1049 0 7
1232 1282 0 68
1233 6731 0 196
1234 998 0 7
1235 1933 1 0
1236 2809 0 14
1237 1016 0 17
1238 3637 0 15
1239 1518 0 16
1240 1421 0 8
1241 951 0 14
1242 1982 0 11
1243 733 0 45
1244 1057 0 13
1245 920 1 61
1246 335 0 28
1247 812 0 8
1248 1821 0 119
1249 1059 0 15
1250 1154 0 10
1251 963 0 11
1252 228 0 19
1253 1981 1 85
1254 920 0 21
1255 451 0 30
1256 1405 0 11
1257 314 0 390
1258 242 0 13
1259 3374 0 10
1260 1950 0 13
1261 1403 0 11
1262 3347 0 21
1263 623 0 16
1264 464 0 39
1265 1991 0 36
1266 2678 0 18
1267 1960 0 7
1268 1457 0 11
1269 522 0 80
1270 7051 0 13
1271 1612 0 9
1272 815 0 13
1273 3233 0 11
1274 532 0 13
1275 584 0 10
1276 1869 0 26
1277 916 0 69
1278 3178 0 64
1279 3311 0 29
1280 2603 0 8
1281 207 0 14
1282 5097 0 13
1283 3505 0 42
1284 1962 0 31
1285 979 0 109
1286 404 0 7
1287 2103 0 36
1288 220 0 8
1289 875 0 74
1290 929 0 30
1291 1962 0 22
1292 3049 0 81
1293 2466 0 8
1294 1215 0 10
1295 681 0 49
1296 727 0 68
1297 2111 0 17
1298 1081 0 97
1299 7286 0 12
1300 1254 0 9
1301 450 0 162
1302 2319 0 12
1303 3087 0 11
1304 687 0 130
1305 551 0 9
1306 1361 0 13
1307 3346 0 12
1308 2229 0 13
1309 2958 0 42
1310 2511 0 93
1311 1114 0 28
1312 1438 0 9
1313 5029 0 13
1314 405 0 12
1315 1012 0 55
1316 989 0 7
1317 912 0 173
1318 1319 0 67
1319 1297 0 8
1320 436 0 8
1321 452 0 8
1322 1234 0 85
1323 521 0 36
1324 11038 0 58
1325 414 0 7
1326 785 0 144
1327 2606 0 13
1328 477 0 14
1329 2042 0 11
1330 1095 0 13
1331 7467 0 11
1332 803 1 163
1333 1178 0 18
1334 641 0 41
1335 401 1 201
1336 654 1 33
1337 8839 0 19
1338 334 0 11
1339 6001 0 68
1340 11819 0 20
1341 417 0 10
1342 2541 0 14
1343 3262 1 0
1344 851 0 11
1345 3446 0 7
1346 612 1 26
1347 5073 1 13
1348 2253 0 10
1349 869 0 10
1350 1149 0 23
1351 2862 0 70

6 0 687
41
1352 3353 0 25
1353 774 0 12
1354 918 0 68
1355 760 0 52
1356 3233 0 39
1357 1972 0 143
1358 17204 0 73
1359 565 0 128
1360 403 0 13
1361 3906 0 13
1362 248 0 11
1363 971 0 13
1364 2789 0 10
1365 678 0 9
1366 1975 0 42
1367 3221 0 311
1368 675 0 11
1369 1079 0 71
1370 2790 1 566
1371 357 0 166
1372 740 0 69
1373 3385 0 6
1374 1698 0 11
1375 568 0 10
1376 1213 0 8
1377 1978 0 7
1378 1355 0 166
1379 1109 0 118
1380 4094 0 16
1381 164 0 97
1382 1231 0 69
1383 1428 1 21
1384 1513 0 13
1385 411 0 13
1386 7469 0 16
1387 1936 0 37
1388 2943 0 9
1389 2382 0 12
1390 564 0 19
1391 485 0 12
1392 1980 0 36

7 1 711
6
1393 870 0 92
1394 967 0 59
1395 1103 0 11
1396 897 0 45
1397 1957 0 8
1398 895 0 13

8 1 262460
25
1399 7117 0 17
1400 1346 0 51
1401 1309 0 131
1402 1367 0 30
1403 648 0 13
1404 2781 0 79
1405 2815 0 8
1406 7854 0 30
1407 5054 1 27
1408 2398 0 30
1409 4135 0 11
1410 1962 1 2
1411 1076 0 37
1412 776 0 21
1413 1371 0 41
1414 1320 0 30
1415 705 0 16
1416 2959 0 40
1417 1201 0 17
1418 3379 0 16
1419 830 0 10
1420 495 0 9
1421 202 0 35
1422 723 0 77
1423 1382 0 63

9 1 375443
148
1424 7590 0 9
1425 374 0 27
1426 2601 0 71
1427 1279 0 5
1428 880 0 10
1429 867 0 8
1430 1310 0 10
1431 1864 0 9
1432 189 0 13
1433 7293 0 14
1434 393 0 221
1435 1610 0 9
1436 5123 0 34
1437 647 0 60
1438 754 0 7
1439 669 0 114
1440 1031 0 6
1441 993 0 12
1442 910 0 22
1443 845 0 67
1444 1525 0 49
1445 680 0 25
1446 1331 0 14
1447 791 0 10
1448 659 0 313
1449 929 0 199
1450 3369 0 11
1451 1328 0 97
1452 1513 0 9
1453 894 0 7
1454 849 0 29
1455 981 0 13
1456 3376 0 10
1457 2858 0 8
1458 12811 0 9
1459 196 0 11
1460 746 0 10
1461 55 0 37
1462 7812 1 0
1463 187 0 9
1464 1265 0 23
1465 6560 0 8
1466 1297 0 9
1467 907 0 38
1468 17479 0 14
1469 1986 0 203
1470 1327 0 7
1471 585 0 173
1472 1698 0 11
1473 2120 0 9
1474 3264 0 10
1475 2577 0 90
1476 1006 0 33
1477 1604 0 7
1478 1903 0 6
1479 1976 0 10
1480 2078 0 37
1481 13568 0 13
1482 1023 0 188
1483 1722 0 7
1484 716 0 144
1485 407 0 8
1486 1315 0 11
1487 1296 0 32
1488 2596 1 0
1489 2883 0 28
1490 7050 0 146
1491 1287 0 11
1492 337 0 156
1493 734 0 39
1494 1420 0 72
1495 6284 0 10
1496 3261 1 0
1497 2783 0 8
1498 661 0 19
1499 1425 0 11
1500 2031 0 19
1501 803 0 38
1502 928 0 11
1503 3313 0 9
1504 952 0 71
1505 3397 0 9
1506 5120 0 14
1507 1121 0 40
1508 841 0 13
1509 6116 0 18
1510 2876 0 43
1511 1962 0 129
1512 62 0 27
1513 8624 0 23
1514 1400 0 9
1515 643 0 11
1516 2245 0 10
1517 1510 0 7
1518 1528 0 87
1519 1472 0 7
1520 1683 0 12
1521 1275 0 52
1522 1339 0 11
1523 796 0 72
1524 14370 0 11
1525 5007 0 13
1526 482 0 17
1527 2636 0 10
1528 851 0 172
1529 1816 1 71
1530 537 0 9
1531 884 0 151
1532 1361 0 69
1533 393 0 41
1534 1854 0 18
1535 877 0 138
1536 1427 0 21
1537 1135 0 13
1538 3139 0 110
1539 988 0 13
1540 978 0 60
1541 3315 0 220
1542 1418 0 11
1543 687 0 54
1544 755 0 22
1545 988 0 26
1546 10532 0 146
1547 3421 0 8
1548 410 0 321
1549 869 0 22
1550 1167 0 13
1551 741 0 10
1552 3627 0 27
1553 3062 0 12
1554 3310 0 10
1555 1980 0 40
1556 3148 0 21
1557 931 0 31
1558 2887 0 25
1559 2734 0 30
1560 1304 0 16
1561 608 0 11
1562 3769 0 2
1563 3202 0 68
1564 1127 0 93
1565 447 0 40
1566 624 0 8
1567 3345 0 91
1568 1041 0 8
1569 1238 0 8
1570 1417 0 9
1571 637 0 39

