20

0 1 260
1
0 17452 0 104

1 1 271
133
1 7476 0 77
2 414 0 8
3 17832 0 11
4 10044 0 13
5 11797 0 42
6 1871 0 9
7 2804 0 8
8 792 0 32
9 1537 0 10
10 3051 0 8
11 1102 0 12
12 5019 0 11
13 447 0 13
14 2839 0 27
15 6768 0 11
16 1399 0 10
17 221 0 23
18 1421 0 12
19 849 0 194
20 1306 0 12
21 1924 0 12
22 3317 0 17
23 1980 0 24
24 1992 0 16
25 815 0 12
26 815 0 31
27 2894 0 19
28 692 0 117
29 4054 0 10
30 1304 0 8
31 1942 0 9
32 2418 0 17
33 7282 0 109
34 2745 0 8
35 13918 0 18
36 1872 0 16
37 1237 0 37
38 7995 0 59
39 914 0 100
40 469 0 23
41 2265 0 17
42 2336 0 374
43 954 0 14
44 9368 0 12
45 3575 0 37
46 542 0 13
47 989 0 10
48 191 0 124
49 1158 0 109
50 2704 0 24
51 1793 0 148
52 1327 0 12
53 17650 0 34
54 1258 0 10
55 2174 0 32
56 301 0 116
57 2442 0 18
58 14922 0 11
59 2535 0 10
60 763 0 14
61 633 0 10
62 942 0 376
63 1141 0 142
64 1536 0 73
65 10 0 103
66 3050 0 10
67 1246 1 47
68 1261 0 78
69 976 0 73
70 1622 0 70
71 4033 0 93
72 1417 0 12
73 2825 0 40
74 307 0 75
75 1375 0 17
76 3916 0 16
77 2053 0 11
78 1127 0 132
79 1027 0 20
80 11174 0 37
81 534 0 21
82 3225 0 27
83 2771 0 11
84 6151 0 8
85 1755 0 13
86 1306 0 8
87 648 0 30
88 1056 0 10
89 3390 0 3
90 5130 0 111
91 1183 0 178
92 2135 0 13
93 555 0 12
94 859 0 36
95 1003 0 41
96 1075 0 19
97 783 0 19
98 393 1 0
99 1666 0 66
100 429 0 100
101 1158 0 42
102 875 0 7
103 1695 0 81
104 786 0 219
105 3353 0 93
106 684 0 31
107 171 0 14
108 1057 0 8
109 630 0 9
110 556 0 17
111 1625 0 12
112 3326 0 73
113 1061 0 12
114 1535 0 142
115 212 0 15
116 1015 0 13
117 1407 0 9
118 1247 0 72
119 1206 0 13
120 1504 0 7
121 2928 0 26
122 938 0 13
123 1958 0 11
124 517 0 342
125 2495 0 15
126 597 0 8
127 665 0 8
128 6551 0 41
129 1970 0 11
130 565 0 17
131 1406 0 10
132 1622 0 13
133 851 0 9

2 1 272
48
134 926 0 17
135 1407 0 22
136 1948 0 12
137 554 0 13
138 462 0 35
139 520 0 29
140 798 0 10
141 1601 0 16
142 1320 0 13
143 1407 0 15
144 2817 0 14
145 1242 0 11
146 7502 0 71
147 813 0 28
148 2925 0 11
149 1153 0 8
150 1235 0 24
151 2285 0 35
152 1125 1 195
153 3362 0 15
154 2249 0 81
155 1429 0 53
156 12853 0 9
157 6473 0 9
158 3335 0 15
159 1550 0 32
160 1615 0 19
161 1955 0 147
162 1946 0 13
163 1506 0 94
164 1166 0 7
165 5071 0 47
166 851 0 11
167 24 0 8
168 1259 0 93
169 3274 1 20
170 782 0 20
171 3335 0 239
172 1421 0 12
173 6926 0 9
174 1219 0 9
175 1468 0 55
176 662 0 9
177 1211 1 42
178 2252 0 11
179 1973 0 95
180 911 0 29
181 3251 0 11

3 1 281
29
182 5972 0 112
183 850 0 12
184 661 0 6
185 2769 1 16
186 573 0 12
187 643 1 242
188 1062 0 39
189 1534 0 26
190 2585 0 11
191 1462 0 74
192 600 1 0
193 16096 0 16
194 2539 0 6
195 773 0 27
196 3423 0 9
197 1201 0 10
198 687 0 11
199 1977 0 7
200 634 0 8
201 586 0 104
202 1976 0 17
203 504 0 32
204 7584 0 28
205 1064 1 41
206 154 0 29
207 711 0 11
208 1235 0 8
209 5094 0 9
210 2926 0 8

4 1 487
1
211 423 0 34

5 1 681
6
212 1402 0 18
213 1245 0 10
214 191 0 206
215 546 0 80
216 1008 0 27
217 2342 0 10

6 0 693
23
218 2466 0 12
219 6179 0 9
220 1548 0 11
221 1744 0 29
222 1510 1 0
223 438 0 60
224 974 0 40
225 1422 0 17
226 2075 0 29
227 977 0 9
228 3219 1 20
229 1965 0 9
230 12757 0 13
231 1020 0 10
232 741 0 7
233 410 0 38
234 1961 0 8
235 1429 0 13
236 2565 0 45
237 1730 0 11
238 1299 0 14
239 3341 0 12
240 671 0 55

7 1 986
173
241 881 0 8
242 1528 0 24
243 1294 0 29
244 1134 0 18
245 670 0 5
246 7476 1 518
247 448 0 10
248 6628 0 15
249 1549 0 22
250 1530 0 48
251 1948 0 14
252 2831 0 63
253 2916 0 12
254 2744 0 10
255 1969 0 7
256 3240 0 11
257 5024 0 17
258 6782 0 8
259 2730 0 179
260 1522 0 14
261 1092 1 7
262 2285 0 11
263 566 0 34
264 12231 0 297
265 2909 0 10
266 1381 0 13
267 2440 0 13
268 558 0 9
269 1067 0 37
270 3158 0 11
271 7276 0 64
272 16368 0 27
273 2362 0 9
274 13007 0 12
275 228 0 11
276 2362 0 27
277 3786 0 13
278 1522 0 29
279 1466 0 69
280 761 0 11
281 287 0 12
282 962 0 16
283 905 0 147
284 571 0 22
285 1088 0 12
286 1833 0 11
287 1989 0 41
288 16097 0 8
289 646 0 11
290 1296 0 10
291 2489 0 108
292 1251 0 9
293 259 0 9
294 1096 0 62
295 1983 0 13
296 3192 0 121
297 415 0 14
298 3353 0 15
299 554 0 7
300 6952 0 11
301 581 0 48
302 370 0 61
303 2726 0 16
304 999 0 11
305 990 0 8
306 633 0 7
307 2410 0 45
308 746 0 12
309 3348 0 6
310 1571 0 106
311 3335 0 15
312 340 0 33
313 532 1 27
314 2081 0 38
315 3362 0 156
316 2302 0 216
317 629 0 326
318 6366 0 80
319 1815 0 18
320 1972 0 11
321 3704 0 14
322 1982 0 19
323 1038 0 12
324 1432 1 0
325 2865 0 12
326 1235 0 11
327 5033 0 24
328 7849 0 140
329 393 0 9
330 1860 0 6
331 858 0 49
332 89 0 69
333 1984 0 10
334 2800 0 14
335 1755 0 10
336 1412 0 295
337 823 0 8
338 3248 0 50
339 1424 0 73
340 610 0 18
341 559 0 11
342 2864 0 10
343 571 0 11
344 3220 1 0
345 4367 0 11
346 1015 0 22
347 1744 0 8
348 968 0 68
349 199 0 8
350 1095 0 13
351 1966 0 12
352 9312 0 11
353 1937 0 16
354 817 0 28
355 1982 0 11
356 1878 0 9
357 686 0 18
358 1361 0 12
359 906 1 207
360 1275 1 473
361 12932 0 30
362 1197 0 133
363 1323 0 10
364 2474 0 18
365 3231 0 145
366 5113 0 33
367 3268 0 78
368 171 0 10
369 2753 0 18
370 271 0 14
371 1233 0 8
372 568 0 10
373 4993 0 40
374 1098 0 8
375 1228 0 13
376 1140 0 18
377 1963 0 72
378 2114 0 14
379 647 0 8
380 3336 0 18
381 2602 0 27
382 3555 0 59
383 367 0 18
384 1894 0 13
385 1351 0 13
386 1380 0 8
387 6890 0 98
388 684 0 6
389 845 0 9
390 1958 0 12
391 760 0 8
392 164 1 0
393 909 0 11
394 2597 1 548
395 476 0 2
396 809 0 112
397 2456 0 83
398 525 0 9
399 2970 0 9
400 986 0 18
401 1586 1 0
402 1985 0 11
403 2419 0 13
404 171 0 19
405 801 0 9
406 319 0 22
407 1421 0 96
408 3067 0 103
409 1163 0 44
410 1459 0 9
411 1960 0 12
412 221 0 10
413 2356 0 17

8 1 1446
52
414 5101 0 188
415 2577 0 21
416 516 0 14
417 1656 0 8
418 1318 0 9
419 1430 0 9
420 7051 0 10
421 442 0 10
422 2855 0 14
423 1381 0 21
424 2218 0 31
425 3150 0 9
426 1518 0 10
427 493 0 9
428 4081 0 9
429 1082 0 12
430 1392 0 11
431 1982 0 10
432 418 0 10
433 2494 0 11
434 1035 0 11
435 1965 0 163
436 3207 0 16
437 1468 0 10
438 825 0 10
439 2945 0 10
440 3330 0 9
441 717 0 7
442 756 0 73
443 4039 0 9
444 17498 0 72
445 2013 0 18
446 434 0 11
447 523 0 67
448 848 0 69
449 1351 0 13
450 1993 0 106
451 346 0 7
452 739 0 8
453 2781 0 260
454 673 0 11
455 732 0 8
456 3215 0 8
457 1750 0 27
458 2346 0 6
459 5004 0 83
460 1265 0 11
461 6364 0 109
462 374 0 9
463 731 0 58
464 1516 0 19
465 3182 0 231

9 0 1448
1
466 1516 0 13

10 1 1453
25
467 2362 0 2
468 1073 0 72
469 863 0 73
470 1278 0 18
471 2512 0 8
472 1170 0 11
473 656 0 21
474 3196 1 16
475 1393 0 16
476 1272 0 82
477 1176 0 12
478 2384 1 3
479 167 0 8
480 5976 0 7
481 1209 0 9
482 1195 0 22
483 2914 0 107
484 2830 0 14
485 1920 0 9
486 1095 1 437
487 1982 0 9
488 6150 1 92
489 2824 0 8
490 3180 0 11
491 595 0 11

11 1 1468
25
492 769 0 25
493 984 0 33
494 1839 0 9
495 935 0 36
496 1371 0 16
497 2897 0 10
498 5029 0 19
499 456 1 0
500 611 0 32
501 1530 0 86
502 609 0 18
503 987 0 20
504 738 0 14
505 861 0 7
506 911 0 75
507 1092 0 8
508 445 0 69
509 2948 0 73
510 1942 0 11
511 1215 0 616
512 883 0 12
513 1947 0 99
514 9258 0 40
515 825 0 57
516 477 0 211

12 0 1468
200
517 1933 0 22
518 2304 0 46
519 3248 0 13
520 273 0 7
521 453 0 9
522 951 0 12
523 2136 0 13
524 827 0 12
525 1033 0 9
526 3189 0 10
527 1113 0 9
528 264 0 14
529 667 0 11
530 119 0 7
531 851 0 7
532 1377 0 8
533 656 0 317
534 5109 0 34
535 430 0 92
536 2240 0 13
537 1951 0 5
538 2605 0 13
539 1886 0 13
540 783 0 30
541 2373 0 11
542 11918 0 20
543 426 0 11
544 803 0 16
545 1991 0 11
546 438 0 89
547 345 0 127
548 1178 0 49
549 3238 0 10
550 6059 0 20
551 11090 0 76
552 1529 0 20
553 2498 0 97
554 2228 0 94
555 989 0 130
556 7290 0 74
557 1263 0 11
558 300 0 17
559 1426 0 119
560 1221 0 19
561 2541 0 8
562 1038 0 8
563 7390 0 8
564 507 0 19
565 1989 0 408
566 560 0 80
567 3514 0 68
568 1513 0 27
569 952 1 17
570 5154 0 42
571 857 0 27
572 749 1 0
573 1780 0 7
574 1349 0 26
575 1721 0 12
576 14374 0 21
577 3254 0 89
578 1061 0 13
579 3155 0 9
580 2305 0 43
581 1168 0 12
582 3676 0 32
583 3358 0 107
584 3062 0 38
585 199 0 319
586 1163 0 21
587 860 0 9
588 1217 0 25
589 1881 0 20
590 1249 0 25
591 1487 0 29
592 16 0 24
593 7050 0 192
594 2833 0 9
595 800 0 11
596 1944 0 13
597 1023 0 201
598 16744 0 11
599 880 0 10
600 380 0 14
601 5081 0 30
602 776 0 36
603 181 0 72
604 1983 0 9
605 2929 0 11
606 1043 0 8
607 404 0 23
608 1032 0 11
609 340 0 9
610 307 0 8
611 793 0 10
612 510 0 64
613 1052 0 108
614 1549 0 8
615 1955 0 6
616 3560 0 75
617 13029 0 13
618 3909 0 128
619 852 0 10
620 5054 0 56
621 958 0 95
622 3177 0 22
623 402 1 15
624 1163 0 194
625 2186 0 31
626 1624 0 7
627 1007 0 26
628 5100 0 9
629 1369 0 42
630 3012 0 18
631 1284 0 7
632 2816 0 97
633 1062 1 478
634 1424 0 10
635 518 0 11
636 1873 0 17
637 553 0 8
638 2935 0 40
639 473 0 11
640 2129 0 30
641 2942 0 11
642 7396 0 36
643 2707 0 8
644 272 0 46
645 1596 0 12
646 963 0 37
647 514 0 617
648 853 0 8
649 2068 0 10
650 964 0 11
651 1115 0 103
652 345 0 24
653 5094 1 314
654 1983 0 9
655 925 0 20
656 2407 0 11
657 462 0 8
658 1362 0 23
659 3056 0 27
660 1513 0 37
661 1407 0 113
662 1280 0 38
663 1106 0 9
664 1041 0 13
665 3754 0 39
666 8153 0 42
667 3341 0 43
668 2879 0 10
669 1356 0 69
670 1893 0 77
671 1141 0 37
672 1961 0 12
673 5118 0 109
674 617 0 13
675 499 0 7
676 1684 0 19
677 882 0 12
678 824 0 11
679 1538 0 20
680 1125 0 24
681 1007 0 120
682 431 0 177
683 987 0 8
684 573 0 43
685 620 0 51
686 3068 0 12
687 1702 0 25
688 2101 0 70
689 1576 0 38
690 3289 0 8
691 1317 0 22
692 1679 0 8
693 888 0 7
694 3192 0 17
695 301 0 13
696 686 0 131
697 3422 0 29
698 533 0 9
699 17280 0 9
700 1230 0 10
701 920 1 516
702 1114 0 10
703 2893 0 8
704 989 0 9
705 2850 0 13
706 993 0 19
707 3187 0 29
708 1977 0 18
709 800 0 10
710 817 0 20
711 280 0 11
712 5980 0 10
713 2447 0 13
714 202 0 11
715 5789 0 16
716 1258 0 55

13 1 1475
1
717 3376 0 27

14 0 1483
48
718 787 0 13
719 1529 0 6
720 920 0 13
721 417 0 9
722 748 0 99
723 872 0 258
724 622 0 39
725 2883 0 13
726 407 0 13
727 2917 0 9
728 2755 0 87
729 1399 0 12
730 5095 0 6
731 910 0 55
732 426 0 11
733 2797 0 18
734 329 0 70
735 1134 0 10
736 360 0 13
737 1137 0 13
738 1252 0 12
739 1511 0 39
740 875 0 133
741 1152 0 139
742 1058 0 10
743 849 0 41
744 1414 0 9
745 17 0 50
746 497 0 13
747 356 0 17
748 2941 0 19
749 723 0 13
750 27 0 8
751 457 0 13
752 1371 0 7
753 2805 0 23
754 3325 0 10
755 2332 0 10
756 1019 0 25
757 2407 0 11
758 2947 0 21
759 3182 0 21
760 332 0 8
761 431 0 72
762 6506 1 122
763 2817 0 17
764 1413 0 52
765 1290 0 11

15 1 1486
2
766 3160 0 13
767 10834 0 27

16 1 1488
24
768 1299 0 12
769 1423 0 7
770 646 0 20
771 686 0 8
772 1227 0 74
773 2300 0 11
774 2140 1 0
775 2775 0 8
776 522 0 16
777 1513 0 19
778 2186 0 176
779 1754 0 11
780 1381 0 7
781 4018 0 11
782 1042 0 13
783 2581 0 20
784 238 0 7
785 632 0 73
786 786 0 21
787 778 0 12
788 3360 1 82
789 1159 0 12
790 3308 0 32
791 168 0 13

17 1 1491
53
792 1380 0 99
793 1279 0 142
794 1327 0 26
795 1442 0 11
796 1090 0 6
797 1032 0 42
798 1392 0 13
799 1235 0 8
800 782 0 8
801 2793 0 67
802 3336 0 10
803 866 0 10
804 1981 1 18
805 1825 0 108
806 1153 0 27
807 939 0 18
808 1521 0 92
809 1333 0 12
810 1530 1 107
811 7737 0 13
812 1777 0 9
813 1275 0 7
814 1179 0 148
815 627 0 97
816 9543 0 9
817 1431 0 27
818 3374 0 72
819 318 0 29
820 4999 0 37
821 1060 0 22
822 882 0 13
823 825 0 10
824 875 1 46
825 2946 0 7
826 823 0 9
827 1792 0 8
828 1428 0 45
829 538 0 14
830 1530 0 90
831 1427 0 11
832 989 0 11
833 6082 0 7
834 1393 0 13
835 7768 0 54
836 908 0 10
837 1057 0 25
838 1049 0 17
839 14667 0 22
840 480 0 11
841 733 1 519
842 3012 0 52
843 2244 0 17
844 1762 0 11

18 1 1496
734
845 1011 0 14
846 7038 0 63
847 1393 0 10
848 1020 0 7
849 733 0 110
850 1362 1 0
851 1204 0 10
852 927 0 42
853 395 0 11
854 1970 0 32
855 1298 0 6
856 2828 0 13
857 1472 0 42
858 1125 0 18
859 612 0 10
860 906 0 7
861 3004 0 13
862 13 0 17
863 5072 0 118
864 221 0 146
865 1022 0 13
866 1766 0 10
867 651 0 8
868 6471 0 13
869 1968 0 28
870 1530 0 9
871 1415 0 122
872 904 0 10
873 1563 0 16
874 3160 0 7
875 2870 0 37
876 989 1 201
877 331 0 52
878 1354 0 18
879 6118 0 9
880 12937 1 0
881 2343 0 15
882 989 1 15
883 17697 0 11
884 412 0 80
885 7564 0 18
886 552 0 14
887 1435 0 29
888 1923 0 14
889 639 0 29
890 3382 0 10
891 911 0 82
892 1057 0 31
893 74 0 9
894 201 0 10
895 1984 0 13
896 14378 0 9
897 282 0 8
898 1325 0 9
899 1910 0 11
900 1297 0 8
901 1404 0 9
902 3237 0 12
903 1354 0 20
904 1944 1 0
905 253 0 10
906 1369 0 109
907 989 0 11
908 3360 0 92
909 1743 0 17
910 5045 1 0
911 3141 1 28
912 6194 0 8
913 2593 0 82
914 1965 0 13
915 1950 0 18
916 79 0 19
917 777 0 12
918 695 1 39
919 897 0 41
920 5112 0 8
921 591 0 7
922 1242 0 70
923 7385 0 12
924 819 0 8
925 2539 0 142
926 1563 0 8
927 7385 0 139
928 465 0 17
929 987 0 48
930 5061 0 34
931 1962 0 163
932 1465 0 21
933 1593 0 10
934 420 0 93
935 5870 0 73
936 989 0 55
937 1336 0 76
938 2579 0 8
939 770 0 21
940 1107 0 14
941 613 0 10
942 1680 0 51
943 1224 0 156
944 5098 0 13
945 776 0 45
946 1423 0 74
947 987 0 8
948 4110 1 245
949 799 0 12
950 1182 0 28
951 586 0 16
952 1473 0 16
953 4217 0 6
954 308 0 134
955 1214 0 129
956 1245 0 13
957 2862 0 19
958 411 0 16
959 6145 0 69
960 2807 0 8
961 1724 0 17
962 1266 0 13
963 1112 0 13
964 890 0 10
965 3373 0 10
966 3220 0 38
967 958 0 7
968 755 0 13
969 13570 0 10
970 435 1 0
971 497 0 13
972 750 0 68
973 6734 0 9
974 4107 0 21
975 1822 0 49
976 736 0 11
977 3274 0 40
978 808 0 203
979 963 0 146
980 636 0 47
981 1356 0 14
982 1953 0 9
983 543 0 9
984 197 0 18
985 472 0 12
986 1030 0 10
987 706 0 41
988 772 0 100
989 1983 0 67
990 393 1 0
991 522 0 10
992 1150 0 8
993 845 0 168
994 7303 0 34
995 494 0 10
996 3287 0 12
997 489 0 9
998 1544 0 28
999 1371 0 227
1000 2866 0 23
1001 5054 0 89
1002 1095 0 73
1003 1356 0 11
1004 728 0 22
1005 4125 0 74
1006 14374 0 7
1007 478 0 47
1008 5091 0 47
1009 1333 0 10
1010 1224 0 9
1011 1822 0 18
1012 2415 0 111
1013 5035 0 7
1014 338 0 15
1015 1417 0 12
1016 1419 0 7
1017 1719 0 18
1018 579 0 7
1019 2945 0 8
1020 566 0 8
1021 299 0 17
1022 575 0 16
1023 714 0 15
1024 1086 0 27
1025 2488 0 50
1026 586 0 7
1027 7 0 9
1028 1226 0 12
1029 750 1 133
1030 1572 0 13
1031 174 0 67
1032 647 0 28
1033 3017 0 42
1034 1004 0 50
1035 2357 0 173
1036 3491 0 29
1037 1058 0 10
1038 1095 0 10
1039 2955 0 8
1040 1207 0 26
1041 871 0 21
1042 915 0 11
1043 3287 0 7
1044 421 0 213
1045 565 0 38
1046 1199 0 47
1047 2543 0 23
1048 775 0 19
1049 9488 0 20
1050 1238 0 12
1051 660 0 9
1052 1824 0 3
1053 1454 0 12
1054 1060 0 35
1055 3680 0 22
1056 1397 0 10
1057 63 0 8
1058 1086 0 122
1059 458 0 107
1060 597 0 110
1061 753 0 11
1062 1425 0 8
1063 5994 0 47
1064 581 0 8
1065 5122 0 13
1066 12797 0 7
1067 1695 0 10
1068 580 0 21
1069 417 0 65
1070 257 0 8
1071 471 0 7
1072 2807 0 13
1073 1077 0 8
1074 2152 0 8
1075 14896 0 49
1076 1618 0 10
1077 5065 0 10
1078 1607 0 25
1079 1310 0 15
1080 3236 0 130
1081 218 0 7
1082 1616 0 11
1083 1408 0 11
1084 2883 0 144
1085 16507 0 10
1086 1315 0 172
1087 3166 1 46
1088 475 0 7
1089 8915 0 342
1090 7473 0 103
1091 347 1 7
1092 1005 0 58
1093 1509 0 22
1094 4213 0 54
1095 647 0 19
1096 963 0 11
1097 12893 0 9
1098 989 0 12
1099 2845 0 33
1100 5877 0 16
1101 989 1 136
1102 969 0 8
1103 1531 0 17
1104 1860 0 6
1105 934 0 17
1106 194 0 11
1107 309 0 17
1108 1837 0 136
1109 689 0 13
1110 2419 1 0
1111 1310 0 12
1112 9236 0 67
1113 1200 0 176
1114 569 0 14
1115 766 1 35
1116 1866 0 109
1117 2561 0 31
1118 471 0 17
1119 2939 0 7
1120 1869 1 400
1121 2959 0 24
1122 1063 0 9
1123 1310 0 9
1124 2480 0 34
1125 1892 0 138
1126 720 0 30
1127 318 0 21
1128 502 0 10
1129 582 0 13
1130 1331 0 49
1131 593 0 166
1132 1043 0 11
1133 1943 0 18
1134 843 0 11
1135 426 0 12
1136 2911 0 11
1137 767 0 40
1138 1180 0 42
1139 282 0 78
1140 2849 0 9
1141 515 0 23
1142 3014 0 12
1143 1420 0 10
1144 1526 0 9
1145 1105 0 19
1146 1057 0 9
1147 1145 0 28
1148 1092 0 38
1149 1943 0 85
1150 4154 0 76
1151 3324 0 40
1152 182 0 18
1153 336 0 11
1154 1979 0 27
1155 2785 0 9
1156 258 0 13
1157 7387 0 11
1158 336 0 71
1159 1162 0 30
1160 1120 0 13
1161 1846 1 400
1162 988 0 13
1163 720 0 10
1164 510 0 13
1165 721 0 17
1166 329 0 186
1167 1026 0 8
1168 1102 0 27
1169 1118 0 10
1170 3279 0 17
1171 1067 0 46
1172 1372 0 96
1173 1956 0 26
1174 651 0 14
1175 1386 0 10
1176 7933 0 10
1177 1408 0 42
1178 2910 0 17
1179 816 0 14
1180 624 0 8
1181 7181 0 23
1182 1324 0 52
1183 547 0 34
1184 6362 0 39
1185 6364 0 14
1186 3284 0 13
1187 1004 0 21
1188 1342 0 34
1189 3533 0 12
1190 2829 0 18
1191 721 0 44
1192 863 0 35
1193 419 0 10
1194 5124 0 17
1195 2911 0 11
1196 2866 0 10
1197 861 0 106
1198 1626 0 71
1199 2866 0 9
1200 444 0 13
1201 737 0 137
1202 1135 0 44
1203 3373 0 11
1204 470 0 14
1205 1326 0 129
1206 2528 0 144
1207 1206 0 131
1208 1307 0 223
1209 2340 0 14
1210 1255 0 351
1211 676 0 13
1212 777 0 38
1213 6600 0 42
1214 7942 0 83
1215 1976 0 8
1216 12210 0 193
1217 902 0 17
1218 656 0 28
1219 3301 0 10
1220 7856 0 367
1221 1242 0 62
1222 1149 0 10
1223 1306 0 13
1224 1983 0 29
1225 503 0 37
1226 1626 1 165
1227 785 0 129
1228 1361 0 37
1229 36 0 17
1230 1059 0 35
1231 6254 0 13
1232 307 0 78
1233 462 0 34
1234 815 0 31
1235 2087 0 39
1236 954 0 7
1237 224 0 48
1238 14389 0 11
1239 7049 0 251
1240 1260 0 29
1241 895 0 7
1242 650 0 46
1243 3379 0 8
1244 856 0 109
1245 3358 0 9
1246 1201 0 19
1247 3192 0 8
1248 3233 0 10
1249 2785 0 10
1250 959 0 13
1251 1487 0 7
1252 1400 0 7
1253 3246 0 11
1254 543 0 6
1255 1381 0 29
1256 1370 1 0
1257 5145 0 9
1258 1982 0 16
1259 567 0 17
1260 1382 0 11
1261 445 0 16
1262 2377 1 783
1263 411 0 18
1264 5120 0 11
1265 1841 0 13
1266 12049 0 8
1267 1630 0 13
1268 967 0 12
1269 1139 0 14
1270 1099 0 7
1271 1353 0 75
1272 2348 0 37
1273 919 0 11
1274 1033 0 13
1275 1119 0 8
1276 790 0 62
1277 1139 0 76
1278 805 0 42
1279 3349 0 11
1280 870 0 102
1281 1514 0 8
1282 805 0 8
1283 919 0 8
1284 357 0 103
1285 3777 0 27
1286 554 0 13
1287 6768 0 10
1288 1157 0 11
1289 5086 0 39
1290 3372 0 154
1291 488 0 17
1292 1971 0 87
1293 3156 0 13
1294 599 0 43
1295 1696 0 112
1296 865 0 9
1297 670 0 5
1298 929 0 20
1299 6701 0 55
1300 964 0 10
1301 1141 0 40
1302 1487 0 39
1303 1528 0 189
1304 5817 0 23
1305 3218 0 343
1306 1386 0 9
1307 1246 1 0
1308 868 0 73
1309 5157 0 95
1310 8830 0 13
1311 21 0 13
1312 1561 0 93
1313 3528 0 77
1314 1049 0 9
1315 2882 0 40
1316 1276 0 30
1317 1514 0 90
1318 629 0 11
1319 1198 0 10
1320 3006 0 29
1321 1950 0 131
1322 2828 0 23
1323 4129 0 114
1324 2485 0 63
1325 189 0 17
1326 2604 0 40
1327 1947 0 47
1328 1358 0 12
1329 1858 0 68
1330 511 0 386
1331 1343 0 7
1332 2340 0 11
1333 265 0 11
1334 9079 0 16
1335 1530 0 6
1336 472 1 21
1337 3139 0 32
1338 985 0 52
1339 2980 0 8
1340 4998 0 12
1341 1320 0 11
1342 6558 0 24
1343 3241 0 7
1344 7546 0 76
1345 946 0 108
1346 15194 0 74
1347 1311 0 11
1348 521 0 11
1349 1458 0 53
1350 977 0 75
1351 1320 0 148
1352 3378 0 11
1353 529 0 9
1354 185 0 50
1355 972 1 30
1356 5002 0 11
1357 1429 0 11
1358 5091 0 13
1359 12901 0 160
1360 1520 0 23
1361 6797 0 6
1362 5070 0 74
1363 712 0 207
1364 7243 0 70
1365 2887 0 45
1366 2876 0 48
1367 2948 0 11
1368 8839 0 44
1369 7641 0 7
1370 263 0 57
1371 3621 0 10
1372 1123 0 11
1373 1044 0 39
1374 3145 0 6
1375 281 0 8
1376 1257 0 29
1377 9303 0 21
1378 7050 0 9
1379 3361 0 12
1380 1933 0 10
1381 1572 0 9
1382 1307 0 8
1383 7171 0 7
1384 665 0 28
1385 1383 0 38
1386 2388 0 8
1387 187 0 11
1388 1406 0 11
1389 3163 0 66
1390 543 0 27
1391 6146 0 56
1392 5073 0 8
1393 2515 0 7
1394 7276 0 2
1395 2067 0 11
1396 684 0 60
1397 33 0 17
1398 5121 0 41
1399 718 0 13
1400 505 0 42
1401 1505 0 13
1402 514 0 14
1403 910 0 24
1404 586 0 36
1405 625 0 37
1406 1352 0 7
1407 1973 0 36
1408 1399 0 11
1409 985 0 12
1410 1501 0 11
1411 2123 0 24
1412 207 0 8
1413 1910 0 22
1414 986 0 38
1415 729 0 8
1416 2688 0 7
1417 3312 0 99
1418 786 0 10
1419 1589 0 25
1420 9488 0 50
1421 2633 0 33
1422 1694 0 6
1423 5090 0 231
1424 1047 0 24
1425 8209 0 48
1426 1272 0 99
1427 1334 0 12
1428 869 0 20
1429 5835 0 197
1430 1533 1 0
1431 1320 0 9
1432 1194 0 10
1433 581 0 13
1434 1050 0 10
1435 3312 0 19
1436 1518 0 17
1437 297 0 11
1438 233 0 12
1439 349 0 10
1440 2607 0 21
1441 1978 0 34
1442 2884 0 48
1443 1100 0 128
1444 2395 0 55
1445 1184 0 10
1446 3256 0 27
1447 779 0 72
1448 7372 0 7
1449 1522 0 153
1450 572 0 42
1451 2395 0 7
1452 3188 0 10
1453 362 0 19
1454 1225 0 10
1455 3267 0 14
1456 1207 0 110
1457 1505 0 11
1458 1301 0 8
1459 1715 0 11
1460 1177 0 10
1461 298 0 22
1462 3291 0 8
1463 917 0 9
1464 474 0 11
1465 8198 0 10
1466 1424 0 68
1467 729 0 11
1468 379 0 12
1469 637 0 12
1470 2392 0 12
1471 775 0 10
1472 1203 0 15
1473 1310 1 20
1474 1612 0 148
1475 1105 1 0
1476 2738 0 9
1477 684 0 17
1478 526 0 5
1479 580 0 18
1480 881 0 189
1481 671 0 9
1482 5104 0 8
1483 285 0 93
1484 1096 1 18
1485 1723 0 93
1486 751 0 14
1487 821 0 24
1488 1516 0 9
1489 2109 0 117
1490 1363 0 10
1491 540 0 12
1492 790 1 16
1493 1417 0 28
1494 197 0 13
1495 5100 1 32
1496 387 0 14
1497 2447 0 72
1498 412 0 80
1499 1923 0 34
1500 696 0 11
1501 5908 0 10
1502 994 0 7
1503 981 0 18
1504 1971 0 12
1505 1538 0 8
1506 734 0 14
1507 2493 0 10
1508 7746 0 44
1509 7542 0 11
1510 2238 0 10
1511 15 0 11
1512 683 0 19
1513 13028 0 19
1514 1378 0 318
1515 1401 0 8
1516 1090 0 16
1517 5067 0 11
1518 1067 0 8
1519 2136 0 77
1520 917 0 17
1521 819 0 20
1522 2916 0 7
1523 1286 1 26
1524 1513 0 12
1525 6475 0 8
1526 823 0 71
1527 2482 0 33
1528 932 1 0
1529 898 0 23
1530 3253 0 141
1531 1374 0 52
1532 13598 0 37
1533 442 0 105
1534 1066 0 11
1535 698 0 221
1536 5089 0 681
1537 913 0 13
1538 12814 0 30
1539 252 0 23
1540 1851 0 7
1541 13554 0 24
1542 1951 0 13
1543 574 0 105
1544 2163 0 17
1545 722 0 12
1546 2548 0 16
1547 1809 0 10
1548 11273 0 9
1549 2907 0 17
1550 2737 0 27
1551 1566 0 92
1552 1269 0 29
1553 2331 0 44
1554 1025 1 17
1555 1856 0 9
1556 575 0 7
1557 1315 0 74
1558 407 0 19
1559 2106 0 367
1560 1960 0 56
1561 614 0 10
1562 538 0 10
1563 2845 0 162
1564 1536 0 12
1565 781 0 63
1566 571 0 37
1567 1320 0 6
1568 529 0 13
1569 1018 0 89
1570 6855 0 23
1571 1856 0 12
1572 5002 0 7
1573 202 0 12
1574 861 0 63
1575 5132 1 0
1576 1411 0 109
1577 453 0 165
1578 590 0 109

19 1 296659
1
1579 1644 0 0

