20

0 0 249
1
0 5069 0 285

1 1 264
41
1 1631 0 16
2 989 0 44
3 480 0 59
4 1529 1 121
5 1653 0 100
6 1112 0 7
7 1593 0 107
8 786 0 84
9 7992 0 30
10 3377 0 23
11 3160 0 12
12 1082 0 38
13 1089 0 59
14 1411 0 35
15 1773 0 17
16 817 1 519
17 2448 0 16
18 842 0 9
19 597 0 66
20 2934 0 19
21 1041 0 11
22 1048 0 166
23 362 0 11
24 1310 0 12
25 1066 0 92
26 702 0 26
27 5045 0 31
28 204 0 7
29 667 0 23
30 1394 0 107
31 772 0 41
32 1374 0 10
33 641 0 8
34 1985 0 73
35 1668 0 18
36 1060 0 24
37 340 0 8
38 5934 0 78
39 868 0 13
40 2164 0 92
41 2896 0 11

2 1 274
4
42 1272 0 23
43 6495 0 42
44 6734 0 63
45 1526 0 25

3 0 660
24
46 1103 0 8
47 1012 0 71
48 2381 0 28
49 2598 0 63
50 5160 0 18
51 3181 0 9
52 852 0 91
53 3299 0 56
54 1616 0 11
55 885 0 13
56 287 0 70
57 1117 0 67
58 6518 0 7
59 181 0 58
60 3183 0 19
61 7469 0 23
62 3239 0 47
63 1880 0 50
64 7048 0 46
65 1584 0 115
66 3213 0 17
67 1857 0 9
68 1403 0 202
69 7270 0 12

4 1 674
25
70 1032 0 11
71 5074 0 3
72 6717 0 30
73 1315 0 18
74 1311 0 41
75 456 0 95
76 649 0 9
77 6579 0 24
78 1815 0 9
79 1205 0 23
80 233 0 12
81 264 0 40
82 979 0 75
83 667 0 132
84 1692 0 6
85 1124 0 14
86 1675 0 33
87 2656 0 13
88 9258 0 11
89 7910 0 10
90 471 0 151
91 2111 0 50
92 717 0 55
93 467 0 33
94 5141 0 17

5 1 693
25
95 1513 0 34
96 2552 0 14
97 182 0 367
98 1504 0 8
99 3375 0 110
100 2901 0 67
101 484 0 39
102 3300 0 58
103 2793 0 11
104 11490 0 38
105 904 0 11
106 1395 0 144
107 322 0 50
108 1358 1 0
109 994 0 16
110 945 0 6
111 3011 0 6
112 778 0 8
113 692 0 26
114 877 0 13
115 2482 0 52
116 204 1 61
117 1179 0 10
118 573 1 134
119 573 0 8

6 0 708
2
120 2510 0 11
121 3964 0 16

7 1 964
31
122 2014 0 7
123 1535 0 49
124 1173 0 12
125 6730 0 20
126 5054 0 9
127 1506 0 31
128 601 0 33
129 356 0 19
130 807 0 21
131 1304 0 11
132 1950 0 33
133 1119 0 77
134 739 0 9
135 1066 1 0
136 9303 0 13
137 828 1 400
138 1351 0 110
139 989 0 82
140 641 0 366
141 1644 0 12
142 283 0 80
143 7696 0 7
144 2350 0 7
145 1515 0 74
146 2896 0 13
147 1183 0 112
148 1585 0 11
149 668 0 9
150 7245 0 31
151 2799 0 27
152 1342 0 12

8 1 993
4
153 844 0 97
154 653 0 11
155 2519 0 46
156 894 0 8

9 0 1012
188
157 1423 0 9
158 8907 1 595
159 1896 0 13
160 1362 0 13
161 926 0 38
162 3267 0 12
163 1819 0 9
164 503 0 10
165 2499 0 366
166 869 0 12
167 619 0 23
168 1892 0 10
169 295 0 8
170 676 0 18
171 2406 0 22
172 960 0 39
173 1395 0 2
174 1208 0 12
175 3228 0 15
176 788 0 15
177 394 1 517
178 788 0 32
179 3235 0 17
180 609 0 8
181 985 0 61
182 14445 0 11
183 2906 0 11
184 697 0 2
185 20 0 125
186 3300 0 94
187 1015 0 154
188 5904 0 18
189 3376 0 9
190 2685 0 46
191 1586 0 26
192 1964 0 173
193 2901 0 14
194 782 0 18
195 603 0 74
196 1728 0 69
197 638 0 37
198 2939 0 25
199 1274 0 7
200 522 0 10
201 955 0 216
202 1288 0 7
203 3600 0 33
204 1952 0 296
205 340 0 11
206 1756 0 68
207 2201 0 10
208 2534 0 12
209 958 0 11
210 6147 0 72
211 1584 0 11
212 3283 0 104
213 2084 0 11
214 14177 0 19
215 296 0 32
216 1950 0 16
217 211 0 9
218 2580 0 130
219 7048 0 118
220 1527 0 71
221 340 0 13
222 1282 0 99
223 1188 0 8
224 2885 0 10
225 2371 0 34
226 1942 0 7
227 448 0 13
228 2208 0 8
229 1117 0 10
230 1290 0 7
231 645 0 14
232 1199 0 11
233 1536 0 31
234 1187 0 7
235 1174 0 9
236 684 0 13
237 2350 0 13
238 1581 0 173
239 3140 0 12
240 989 0 11
241 823 0 9
242 317 0 20
243 1713 0 37
244 14466 0 24
245 870 0 8
246 864 0 29
247 5003 0 76
248 215 0 74
249 5082 0 31
250 2957 0 268
251 555 0 23
252 14896 0 7
253 807 0 17
254 197 0 37
255 5156 0 73
256 1283 0 10
257 7049 0 186
258 1950 0 9
259 966 0 65
260 2435 0 12
261 849 0 94
262 968 0 9
263 4095 0 65
264 1353 0 16
265 1790 0 9
266 1945 0 15
267 2004 1 203
268 1937 0 72
269 429 0 8
270 2055 0 10
271 1948 0 97
272 1150 0 53
273 1976 0 112
274 448 0 11
275 800 0 101
276 6734 0 11
277 1420 0 27
278 5067 0 11
279 3312 1 0
280 1390 0 9
281 1696 0 10
282 7912 0 154
283 2029 0 13
284 2348 0 11
285 171 0 7
286 463 0 136
287 1322 0 31
288 810 0 617
289 1731 0 108
290 1329 0 55
291 1300 0 56
292 1689 0 13
293 463 0 7
294 1943 0 65
295 1188 0 22
296 2384 0 139
297 2804 0 28
298 8078 0 110
299 713 0 107
300 5759 1 0
301 2586 0 11
302 2918 1 45
303 2593 0 19
304 274 0 31
305 538 0 36
306 2041 0 50
307 2812 0 93
308 1529 0 0
309 2455 0 105
310 236 0 16
311 5616 0 20
312 793 0 11
313 3374 0 10
314 66 0 8
315 1878 0 7
316 6233 0 10
317 1538 0 27
318 3209 0 99
319 1219 0 9
320 994 0 8
321 1530 1 597
322 596 0 20
323 2562 0 205
324 249 0 10
325 12912 0 70
326 973 0 15
327 157 0 59
328 1814 0 6
329 768 0 290
330 1507 0 12
331 516 0 134
332 340 0 7
333 1282 0 9
334 6752 0 131
335 529 0 9
336 1252 0 11
337 1655 0 296
338 6518 0 11
339 472 0 8
340 1235 0 13
341 1960 0 9
342 1980 0 10
343 1420 0 7
344 974 0 12

10 1 1446
25
345 1005 0 12
346 3237 0 35
347 1950 0 10
348 817 0 41
349 1302 0 11
350 3251 0 8
351 1431 0 8
352 1352 0 14
353 5089 0 39
354 7370 0 13
355 6739 0 39
356 7293 0 86
357 5110 0 9
358 1517 0 14
359 777 0 11
360 409 0 14
361 678 0 45
362 500 0 18
363 561 0 7
364 711 0 43
365 933 0 14
366 5885 1 0
367 2564 0 23
368 418 0 12
369 371 0 27

11 1 1454
25
370 3154 0 41
371 4 0 10
372 1030 0 7
373 930 0 40
374 171 0 11
375 607 0 11
376 906 0 8
377 921 0 6
378 2231 0 7
379 572 0 82
380 12202 0 55
381 163 0 13
382 761 0 163
383 2141 0 16
384 3399 0 18
385 819 0 186
386 1577 0 37
387 372 0 9
388 840 0 210
389 173 0 38
390 863 0 69
391 591 0 14
392 6962 0 11
393 3224 0 37
394 1173 0 40

12 1 1459
24
395 1719 0 12
396 3179 0 11
397 216 0 40
398 1244 0 98
399 2150 0 33
400 1548 0 11
401 1161 0 8
402 1246 0 10
403 317 0 10
404 181 0 25
405 12823 0 11
406 6500 0 88
407 458 0 38
408 1141 0 159
409 773 0 9
410 2886 0 16
411 2085 0 140
412 1682 0 8
413 1145 0 13
414 1610 0 6
415 649 0 9
416 1231 0 17
417 3583 0 8
418 1940 0 179

13 1 1461
184
419 3318 0 9
420 808 0 39
421 1921 0 42
422 762 0 13
423 1343 1 0
424 5054 0 13
425 3222 0 14
426 1131 0 8
427 468 0 106
428 549 0 32
429 655 0 10
430 565 0 11
431 7050 0 144
432 5072 0 19
433 172 0 32
434 1165 1 0
435 1248 0 27
436 497 0 11
437 3346 0 111
438 1091 0 10
439 2786 0 11
440 2857 0 27
441 572 0 68
442 320 0 27
443 1067 0 11
444 2427 0 16
445 1075 0 17
446 1162 0 12
447 817 0 110
448 1039 0 9
449 283 0 11
450 332 0 38
451 2888 0 19
452 3377 0 12
453 1302 0 22
454 823 0 9
455 3233 0 12
456 1556 0 176
457 1293 0 25
458 6735 0 24
459 2784 0 21
460 369 0 19
461 746 0 21
462 2116 0 204
463 2704 0 10
464 2697 0 11
465 2872 0 43
466 2365 0 97
467 877 0 19
468 641 0 130
469 1077 0 39
470 838 0 13
471 3172 0 8
472 1485 0 14
473 8705 0 14
474 478 0 41
475 1910 0 24
476 6187 1 0
477 3237 0 6
478 612 0 13
479 3718 0 158
480 3456 0 17
481 586 0 9
482 9303 0 77
483 690 0 8
484 2425 0 11
485 1429 0 12
486 707 1 0
487 1729 0 11
488 1007 1 0
489 943 0 11
490 1387 0 71
491 7325 0 8
492 283 0 29
493 1739 0 9
494 1033 0 11
495 416 0 10
496 3430 0 10
497 3244 0 9
498 1026 0 13
499 3085 0 10
500 1947 0 77
501 11795 0 9
502 1423 0 10
503 3225 0 13
504 418 1 0
505 7173 0 30
506 1310 0 9
507 995 0 13
508 427 0 35
509 1180 0 10
510 2287 0 8
511 1728 0 12
512 2491 0 9
513 2483 0 8
514 908 0 8
515 1416 0 8
516 3240 0 18
517 1007 0 70
518 6745 0 39
519 1247 0 11
520 3427 0 8
521 2067 0 6
522 3550 0 13
523 1609 0 143
524 1409 0 87
525 1992 0 15
526 1005 0 77
527 974 0 8
528 1431 0 71
529 1531 0 17
530 1073 0 33
531 1734 0 8
532 1291 1 116
533 935 0 81
534 1010 0 215
535 1072 0 41
536 2146 0 190
537 1153 0 13
538 737 0 8
539 1251 0 14
540 966 0 10
541 3037 0 110
542 823 0 38
543 1510 0 33
544 2155 0 9
545 2288 0 98
546 703 1 0
547 332 0 11
548 2290 0 11
549 1971 0 7
550 1942 0 9
551 5101 0 11
552 692 0 13
553 1639 0 151
554 1114 0 30
555 1500 0 38
556 931 0 122
557 1843 0 20
558 1736 0 63
559 1393 0 10
560 772 0 18
561 3700 0 10
562 1265 0 7
563 3379 0 382
564 3235 0 31
565 1199 0 28
566 1516 0 13
567 1556 0 13
568 1945 0 7
569 5077 0 46
570 2723 0 13
571 753 0 112
572 2172 0 342
573 1047 0 31
574 3145 0 24
575 1370 0 20
576 9517 0 115
577 5152 0 14
578 785 0 121
579 5077 0 7
580 2079 0 9
581 374 0 7
582 429 0 52
583 496 0 41
584 5059 0 17
585 603 0 3
586 904 0 71
587 587 0 14
588 263 0 262
589 1290 0 616
590 459 0 27
591 2139 0 10
592 274 0 157
593 1969 0 13
594 3378 0 8
595 989 0 9
596 1215 0 8
597 946 0 148
598 1954 0 9
599 1643 0 7
600 14573 0 37
601 823 0 8
602 14386 0 13

14 1 1461
1060
603 5031 0 9
604 189 0 19
605 3245 0 52
606 2964 0 22
607 579 0 16
608 559 0 20
609 3792 0 50
610 2437 0 30
611 223 0 19
612 625 0 58
613 1054 0 73
614 3179 0 98
615 1319 0 9
616 254 0 7
617 194 0 204
618 689 0 20
619 697 0 95
620 2742 0 59
621 2937 0 9
622 1147 0 69
623 1326 0 72
624 1528 0 8
625 1408 0 9
626 805 0 23
627 2171 0 69
628 3681 0 187
629 3353 0 13
630 5012 0 29
631 187 0 9
632 7998 0 12
633 452 0 9
634 1406 0 14
635 1780 0 12
636 2864 0 53
637 2486 0 11
638 1196 0 38
639 1407 0 32
640 881 0 14
641 961 0 37
642 1508 0 26
643 1017 0 14
644 2396 0 16
645 2346 0 163
646 1517 0 71
647 3222 0 23
648 638 0 23
649 501 1 27
650 164 0 15
651 3209 0 22
652 652 0 7
653 898 0 14
654 1180 0 9
655 13594 0 18
656 3258 0 8
657 1893 0 8
658 2883 0 9
659 1632 0 9
660 3153 0 8
661 1431 0 239
662 436 0 10
663 1255 1 123
664 2410 0 8
665 1180 0 12
666 1096 0 30
667 2867 0 132
668 545 0 42
669 13916 0 148
670 1307 0 33
671 821 0 130
672 2528 0 51
673 990 0 13
674 5075 0 17
675 1972 0 12
676 3635 0 14
677 947 0 11
678 2788 1 82
679 5048 0 53
680 1318 0 3
681 7048 1 0
682 2938 0 104
683 1949 0 50
684 3319 0 29
685 591 0 43
686 1637 0 44
687 462 0 17
688 1578 0 9
689 1981 0 8
690 2498 0 11
691 1832 0 13
692 2118 0 11
693 1535 0 12
694 354 1 0
695 734 0 12
696 1672 1 0
697 2471 0 12
698 1498 0 13
699 3231 1 16
700 2214 0 29
701 1973 0 13
702 645 0 15
703 648 0 8
704 1188 0 11
705 1529 0 204
706 2795 0 7
707 591 0 11
708 7571 0 29
709 832 0 13
710 2409 0 14
711 2613 0 11
712 1242 0 9
713 1181 0 26
714 359 0 7
715 3297 0 30
716 2479 0 11
717 2237 0 8
718 1952 0 67
719 1031 0 42
720 1171 0 10
721 709 0 10
722 1883 0 9
723 1343 0 11
724 1421 0 9
725 2522 0 11
726 409 0 15
727 2261 0 12
728 1948 0 15
729 5043 0 10
730 911 0 21
731 2737 0 11
732 1954 0 13
733 523 0 41
734 728 0 13
735 504 0 24
736 783 0 42
737 1145 0 7
738 991 0 13
739 1047 0 29
740 5004 0 7
741 2889 0 86
742 2600 0 81
743 686 0 85
744 545 0 81
745 311 0 103
746 2278 0 8
747 1364 0 12
748 2227 0 13
749 1115 1 0
750 1353 0 8
751 2381 0 8
752 447 0 10
753 5049 0 10
754 1664 0 48
755 809 0 9
756 2986 0 92
757 1624 0 17
758 871 0 9
759 3202 0 69
760 563 0 10
761 269 0 12
762 1955 0 8
763 574 0 83
764 2278 0 8
765 2172 0 34
766 1296 0 7
767 17848 0 7
768 5006 0 82
769 3235 0 12
770 932 0 17
771 189 0 188
772 717 0 9
773 505 0 37
774 3336 0 139
775 2347 0 121
776 938 0 12
777 596 0 13
778 5157 0 11
779 5160 0 9
780 910 0 133
781 958 0 7
782 157 0 220
783 888 0 11
784 7048 0 10
785 2620 0 30
786 4773 0 9
787 1533 0 68
788 2493 0 229
789 1180 0 28
790 7301 0 10
791 1975 0 9
792 3354 0 616
793 3309 0 12
794 814 0 8
795 847 0 35
796 2163 0 31
797 869 0 15
798 1075 0 32
799 225 0 17
800 1098 0 27
801 455 0 20
802 571 0 12
803 255 0 14
804 5024 0 9
805 1840 0 9
806 7306 0 146
807 1056 0 57
808 1115 0 165
809 2891 0 10
810 513 0 11
811 925 0 9
812 943 0 13
813 592 0 32
814 574 0 11
815 1978 0 7
816 185 0 11
817 3188 0 13
818 554 0 9
819 587 0 16
820 554 0 19
821 6952 0 11
822 1951 0 16
823 1214 0 23
824 7048 0 25
825 6477 1 0
826 380 0 74
827 852 0 24
828 1769 0 150
829 3825 0 11
830 1893 0 11
831 688 0 8
832 7472 0 12
833 2725 0 79
834 16217 0 11
835 2381 0 10
836 929 0 11
837 284 0 37
838 989 0 29
839 1489 0 20
840 3325 0 12
841 1184 0 10
842 15938 0 7
843 1174 0 13
844 520 0 7
845 5071 0 12
846 3036 0 9
847 3328 0 8
848 1786 0 319
849 2911 0 10
850 1876 0 15
851 733 0 10
852 1347 0 12
853 3140 0 13
854 6519 0 38
855 983 0 27
856 1512 0 15
857 2446 0 11
858 1430 0 30
859 3372 0 13
860 1292 0 143
861 1418 0 8
862 3680 0 38
863 266 0 9
864 1020 1 15
865 1311 0 7
866 2964 0 91
867 1982 0 8
868 1966 1 120
869 1268 0 53
870 728 0 18
871 290 0 13
872 529 0 83
873 1227 0 95
874 194 0 16
875 3160 0 171
876 471 0 12
877 1753 0 13
878 1508 0 9
879 2542 0 9
880 12413 0 10
881 657 0 37
882 953 0 12
883 2193 0 7
884 1117 0 13
885 3342 0 11
886 3344 0 37
887 988 0 12
888 2230 0 20
889 3270 0 10
890 1253 0 36
891 865 0 29
892 8188 1 34
893 12508 0 13
894 2163 0 10
895 2044 0 29
896 2935 0 148
897 176 1 91
898 642 0 78
899 1697 0 15
900 1521 0 8
901 1988 0 10
902 189 0 9
903 16823 0 17
904 580 0 11
905 853 0 69
906 1977 0 10
907 2198 0 274
908 12883 0 14
909 5014 0 110
910 1224 0 93
911 2333 0 18
912 1053 0 54
913 3322 0 3
914 1426 0 7
915 1344 0 138
916 3203 0 10
917 8804 0 136
918 1032 0 11
919 207 0 9
920 1374 0 10
921 1675 0 10
922 1538 0 11
923 2432 0 19
924 918 0 9
925 3731 0 9
926 1504 0 8
927 1040 0 38
928 580 0 70
929 1538 0 8
930 1631 0 10
931 1984 0 7
932 962 0 11
933 1160 0 12
934 7048 0 40
935 3289 0 42
936 270 0 68
937 197 1 0
938 2721 0 248
939 749 0 9
940 5157 0 10
941 195 0 69
942 3379 0 12
943 2309 0 13
944 620 0 11
945 551 0 11
946 1969 0 17
947 3306 0 11
948 1264 0 10
949 1194 0 13
950 3257 0 180
951 1359 0 19
952 1437 0 10
953 5089 0 11
954 2055 1 27
955 3208 1 0
956 1549 0 12
957 666 0 13
958 1528 0 13
959 1383 1 123
960 28 0 11
961 3186 0 13
962 889 0 10
963 166 0 11
964 12765 0 13
965 2355 0 31
966 1259 0 26
967 7966 0 19
968 666 0 12
969 1754 0 12
970 2553 0 11
971 2293 0 20
972 631 0 6
973 3192 0 72
974 2169 0 11
975 993 0 10
976 1975 1 26
977 695 0 13
978 5104 0 74
979 989 1 0
980 3233 0 8
981 1195 0 28
982 5070 0 142
983 1876 0 421
984 1388 0 2
985 685 0 8
986 1326 0 9
987 902 0 24
988 172 0 72
989 5116 0 10
990 5068 0 12
991 3265 0 53
992 997 0 11
993 3200 0 19
994 1190 0 9
995 1270 0 34
996 788 0 7
997 1368 0 7
998 566 0 14
999 969 0 16
1000 1491 0 34
1001 1955 0 13
1002 741 0 19
1003 1345 0 9
1004 252 0 24
1005 1077 0 8
1006 635 0 22
1007 3340 0 8
1008 7264 0 9
1009 1549 0 11
1010 1164 0 12
1011 3837 0 10
1012 7469 0 11
1013 1070 0 17
1014 240 0 31
1015 13013 0 11
1016 885 0 13
1017 383 0 30
1018 866 0 13
1019 11515 0 10
1020 813 0 105
1021 12207 0 8
1022 1518 0 3
1023 1126 0 13
1024 662 0 63
1025 2237 0 29
1026 573 0 172
1027 5002 0 8
1028 1023 0 10
1029 7711 0 9
1030 12221 0 11
1031 255 0 39
1032 3237 0 13
1033 2713 0 7
1034 952 0 13
1035 1362 0 10
1036 868 0 62
1037 7954 0 109
1038 2781 1 31
1039 3303 0 11
1040 1945 0 378
1041 919 0 55
1042 1959 0 8
1043 904 0 126
1044 1427 0 10
1045 216 0 157
1046 1145 0 38
1047 1849 0 11
1048 954 0 8
1049 924 0 27
1050 991 0 11
1051 243 0 11
1052 1090 0 8
1053 1940 0 13
1054 282 0 44
1055 13064 0 34
1056 3234 0 14
1057 1824 0 13
1058 1043 0 11
1059 1696 0 367
1060 676 0 29
1061 2971 0 99
1062 885 0 6
1063 2741 0 28
1064 2200 0 54
1065 1985 0 11
1066 2548 0 12
1067 656 0 36
1068 484 0 7
1069 969 0 11
1070 18209 0 8
1071 328 0 13
1072 5136 0 73
1073 641 0 161
1074 1463 0 26
1075 1970 0 75
1076 184 1 0
1077 3316 0 34
1078 11796 0 18
1079 946 0 9
1080 3468 0 11
1081 5010 0 107
1082 737 0 22
1083 5761 0 22
1084 518 0 7
1085 823 0 62
1086 1863 0 8
1087 564 0 78
1088 6148 0 8
1089 1234 0 10
1090 1256 0 10
1091 1169 0 276
1092 1403 0 12
1093 3363 0 47
1094 691 0 8
1095 756 0 14
1096 1378 0 65
1097 5013 0 32
1098 829 0 7
1099 847 0 8
1100 1866 0 11
1101 2798 0 13
1102 867 0 52
1103 2784 0 11
1104 1164 1 102
1105 847 0 12
1106 5059 0 74
1107 905 0 34
1108 1897 0 30
1109 3526 0 58
1110 1042 0 39
1111 3162 0 8
1112 17303 0 9
1113 725 0 24
1114 7372 1 517
1115 6951 0 10
1116 1946 0 13
1117 392 0 10
1118 297 1 40
1119 3290 0 25
1120 5149 0 7
1121 3024 0 26
1122 1948 0 10
1123 490 0 14
1124 1068 0 115
1125 504 0 11
1126 289 0 105
1127 1506 0 23
1128 2153 0 30
1129 6732 0 64
1130 1015 0 12
1131 282 0 11
1132 1987 0 10
1133 1402 0 26
1134 710 0 14
1135 1089 0 38
1136 545 0 52
1137 525 0 70
1138 2227 0 122
1139 1467 0 99
1140 656 0 15
1141 511 0 11
1142 908 0 70
1143 1815 1 0
1144 515 0 39
1145 190 0 93
1146 391 0 73
1147 1236 0 11
1148 3314 0 8
1149 27 0 39
1150 890 1 17
1151 1607 0 9
1152 1086 0 15
1153 993 0 9
1154 1959 0 342
1155 1358 0 10
1156 1519 1 0
1157 3000 0 23
1158 1209 0 11
1159 1418 0 14
1160 1162 0 5
1161 2874 1 453
1162 1989 0 29
1163 1949 0 13
1164 864 0 11
1165 657 0 7
1166 449 0 30
1167 1885 0 10
1168 282 0 135
1169 517 0 9
1170 9980 0 11
1171 1034 0 8
1172 2817 0 11
1173 2591 0 11
1174 5894 0 7
1175 2821 0 142
1176 586 0 10
1177 3638 0 8
1178 2169 0 14
1179 1979 0 9
1180 12620 0 12
1181 1506 0 12
1182 3117 0 15
1183 1707 0 32
1184 372 0 17
1185 2938 0 168
1186 1390 0 352
1187 2212 0 17
1188 701 0 31
1189 1296 0 7
1190 474 0 10
1191 1056 0 25
1192 1246 0 15
1193 633 0 154
1194 1504 0 10
1195 267 0 27
1196 5160 0 78
1197 1058 0 352
1198 653 0 18
1199 3209 0 25
1200 7177 0 10
1201 1198 1 473
1202 183 0 13
1203 1667 0 9
1204 1791 0 12
1205 542 0 26
1206 819 0 68
1207 843 0 29
1208 2219 0 88
1209 3749 0 67
1210 2930 0 94
1211 523 0 8
1212 1015 0 12
1213 866 0 90
1214 13003 0 10
1215 514 0 74
1216 1087 0 25
1217 2536 0 7
1218 14376 0 32
1219 1051 0 393
1220 1273 0 15
1221 667 0 7
1222 2537 0 13
1223 1218 0 12
1224 3169 0 11
1225 1870 0 9
1226 3203 0 16
1227 882 0 7
1228 2652 0 8
1229 5122 0 11
1230 979 0 13
1231 1726 0 11
1232 2165 0 6
1233 1861 0 13
1234 3378 0 11
1235 884 0 28
1236 6126 0 37
1237 1268 0 38
1238 1978 0 63
1239 176 0 99
1240 2541 0 9
1241 907 0 11
1242 3078 0 37
1243 1080 0 12
1244 6468 0 24
1245 791 0 8
1246 998 0 6
1247 1176 0 12
1248 1385 0 57
1249 3634 0 11
1250 2812 0 63
1251 171 0 7
1252 1528 0 167
1253 1813 0 10
1254 1989 1 536
1255 1092 0 11
1256 429 1 0
1257 1410 0 13
1258 273 0 48
1259 903 0 8
1260 931 0 6
1261 993 0 12
1262 1884 0 37
1263 1614 1 196
1264 2902 0 8
1265 1571 0 9
1266 16569 0 26
1267 1776 0 28
1268 1313 0 12
1269 2908 0 141
1270 2536 1 0
1271 307 0 34
1272 13923 0 41
1273 646 0 19
1274 12747 0 20
1275 1159 0 12
1276 5132 0 13
1277 5154 1 18
1278 3265 1 40
1279 1313 0 11
1280 1737 0 8
1281 1067 0 397
1282 1190 0 17
1283 695 0 41
1284 7826 0 33
1285 890 0 17
1286 994 0 9
1287 1376 0 13
1288 1513 0 8
1289 516 0 11
1290 745 0 8
1291 7953 0 9
1292 2853 0 6
1293 2260 0 13
1294 2511 0 82
1295 3272 0 67
1296 1305 0 12
1297 2910 0 36
1298 475 0 110
1299 1523 0 9
1300 1082 0 20
1301 1528 0 25
1302 2284 0 11
1303 1043 0 9
1304 7736 0 213
1305 1998 0 21
1306 1511 0 13
1307 2804 0 10
1308 3333 0 11
1309 962 0 11
1310 461 0 133
1311 6235 0 46
1312 6205 0 37
1313 394 0 2
1314 1156 0 11
1315 1372 0 10
1316 1147 0 15
1317 5925 0 21
1318 1413 0 7
1319 3341 0 12
1320 238 0 128
1321 895 0 10
1322 1878 0 37
1323 909 0 60
1324 5038 0 70
1325 11896 0 7
1326 1107 0 199
1327 1318 0 82
1328 1141 0 42
1329 2273 0 9
1330 513 0 61
1331 2928 0 9
1332 1505 0 52
1333 1224 0 15
1334 418 0 18
1335 291 0 276
1336 1774 0 10
1337 3626 0 230
1338 2597 0 86
1339 773 0 6
1340 1014 0 41
1341 3283 0 7
1342 2772 0 63
1343 899 0 8
1344 877 0 7
1345 3359 0 8
1346 60 0 12
1347 1119 0 10
1348 7180 0 9
1349 2973 0 22
1350 183 0 11
1351 1372 0 17
1352 415 0 177
1353 3158 0 8
1354 3269 0 12
1355 1671 0 11
1356 411 0 11
1357 590 0 11
1358 1376 0 13
1359 798 0 135
1360 14 1 46
1361 1096 0 14
1362 1195 0 55
1363 1404 0 18
1364 2817 0 14
1365 3165 0 12
1366 1361 0 45
1367 488 0 11
1368 1518 0 59
1369 1426 0 106
1370 2326 0 69
1371 1558 0 7
1372 858 0 8
1373 1307 0 8
1374 1337 0 122
1375 1569 0 17
1376 5059 0 7
1377 205 0 13
1378 284 0 12
1379 1128 0 46
1380 2160 0 79
1381 517 0 105
1382 1659 0 11
1383 2 0 12
1384 618 0 13
1385 913 1 19
1386 3515 0 9
1387 528 0 7
1388 2445 0 11
1389 8950 0 47
1390 2025 0 40
1391 1346 0 74
1392 11857 0 18
1393 1186 0 18
1394 1322 0 16
1395 193 0 18
1396 1219 0 140
1397 1388 0 13
1398 1557 0 12
1399 712 0 18
1400 704 0 8
1401 3417 1 46
1402 3325 0 11
1403 1202 0 23
1404 3180 0 24
1405 992 0 54
1406 1297 0 30
1407 2435 0 19
1408 12530 1 596
1409 958 0 217
1410 1414 0 74
1411 1053 0 13
1412 643 0 36
1413 737 0 67
1414 1324 0 102
1415 1529 0 21
1416 684 0 22
1417 6742 0 8
1418 1516 0 11
1419 3483 0 68
1420 623 0 17
1421 1967 0 31
1422 753 0 7
1423 5012 0 11
1424 3665 0 63
1425 13548 0 93
1426 633 0 13
1427 360 0 9
1428 481 0 54
1429 5089 0 36
1430 1952 0 37
1431 960 0 76
1432 1380 0 15
1433 945 0 18
1434 5148 1 315
1435 1618 0 153
1436 2443 0 9
1437 2528 0 41
1438 14376 0 12
1439 485 0 26
1440 1875 0 13
1441 1591 0 25
1442 1536 1 0
1443 1848 0 13
1444 14204 1 0
1445 567 0 12
1446 3227 0 8
1447 1392 0 12
1448 3225 0 8
1449 1295 0 13
1450 852 0 9
1451 912 0 19
1452 7936 0 11
1453 1859 0 17
1454 1253 0 22
1455 404 0 14
1456 199 0 9
1457 611 0 2
1458 3312 0 41
1459 1316 0 13
1460 1287 0 31
1461 201 0 17
1462 1807 0 9
1463 880 0 27
1464 5121 0 40
1465 2014 0 17
1466 1977 0 10
1467 764 0 112
1468 922 0 7
1469 3296 0 29
1470 1135 0 222
1471 1517 0 24
1472 957 0 37
1473 1371 0 9
1474 1412 0 11
1475 1508 0 74
1476 1091 0 11
1477 2815 0 13
1478 690 0 8
1479 7048 0 46
1480 1179 0 12
1481 176 0 7
1482 1504 0 10
1483 201 0 9
1484 889 0 24
1485 5108 0 9
1486 1325 0 18
1487 2957 0 9
1488 1365 0 12
1489 912 0 30
1490 17470 0 2
1491 607 0 13
1492 2116 0 256
1493 14827 0 13
1494 1334 0 10
1495 1418 0 30
1496 5125 0 3
1497 1344 0 7
1498 3281 0 8
1499 1487 0 28
1500 206 0 11
1501 300 0 11
1502 2773 0 26
1503 2148 0 40
1504 683 0 38
1505 1127 0 10
1506 183 0 7
1507 206 1 0
1508 2871 0 9
1509 616 0 10
1510 783 0 67
1511 798 0 11
1512 307 0 2
1513 485 0 35
1514 353 0 12
1515 1764 1 0
1516 1962 0 7
1517 3379 0 65
1518 651 0 73
1519 1166 0 267
1520 1054 0 13
1521 3461 0 265
1522 2526 1 70
1523 3400 0 153
1524 831 0 146
1525 1823 0 92
1526 2142 0 11
1527 1201 0 78
1528 3261 0 23
1529 5070 0 8
1530 7288 0 67
1531 1013 0 23
1532 869 0 124
1533 669 0 31
1534 542 0 113
1535 1262 0 48
1536 988 0 14
1537 1379 0 7
1538 12525 0 82
1539 1085 0 23
1540 1358 1 265
1541 7497 0 16
1542 17 0 12
1543 995 0 84
1544 2108 0 70
1545 2855 0 11
1546 1998 0 13
1547 1401 0 82
1548 710 0 8
1549 5091 0 10
1550 1282 0 11
1551 1002 0 9
1552 932 0 41
1553 2524 0 9
1554 231 0 17
1555 3300 0 24
1556 1987 1 64
1557 328 0 172
1558 740 0 212
1559 13064 0 108
1560 3312 0 17
1561 168 0 16
1562 2820 0 109
1563 1952 0 9
1564 1511 0 8
1565 9336 0 146
1566 1315 0 7
1567 1185 0 27
1568 1282 0 6
1569 1041 0 27
1570 558 0 19
1571 1476 0 13
1572 2369 0 10
1573 1168 0 70
1574 244 0 11
1575 874 0 211
1576 2933 0 33
1577 584 0 17
1578 6566 0 10
1579 383 0 13
1580 2449 0 9
1581 365 0 54
1582 1190 0 39
1583 1038 0 116
1584 388 0 19
1585 1415 0 87
1586 1036 1 31
1587 2395 0 12
1588 1965 0 10
1589 5000 0 23
1590 204 1 0
1591 13571 0 8
1592 1845 0 13
1593 935 0 7
1594 365 0 34
1595 7694 0 9
1596 1948 0 22
1597 1303 0 15
1598 519 0 20
1599 1048 0 28
1600 1953 0 64
1601 773 0 421
1602 3452 0 38
1603 711 0 7
1604 5077 0 30
1605 565 0 19
1606 2307 0 17
1607 915 0 7
1608 891 0 67
1609 551 0 101
1610 1149 0 18
1611 967 0 36
1612 1513 0 22
1613 2317 1 18
1614 942 0 11
1615 817 0 67
1616 7809 0 8
1617 2184 0 10
1618 1232 0 12
1619 507 0 22
1620 1984 0 343
1621 929 0 15
1622 593 0 9
1623 1234 0 34
1624 1333 0 12
1625 170 0 41
1626 8624 0 95
1627 1405 0 12
1628 2513 0 8
1629 2813 0 6
1630 507 0 75
1631 3286 0 21
1632 1614 0 9
1633 645 0 22
1634 16529 0 69
1635 6212 0 36
1636 1645 0 13
1637 803 1 26
1638 885 0 75
1639 6200 0 67
1640 972 0 19
1641 1987 0 746
1642 1224 0 7
1643 2129 0 135
1644 5121 0 8
1645 1179 0 8
1646 1159 0 52
1647 7767 0 89
1648 904 0 27
1649 538 0 13
1650 1940 0 34
1651 1364 0 7
1652 1538 0 12
1653 865 0 8
1654 1672 0 13
1655 677 0 8
1656 1828 0 10
1657 905 0 18
1658 1982 0 150
1659 1293 0 10
1660 404 0 53
1661 167 0 32
1662 3714 0 6

15 1 1472
52
1663 1978 0 11
1664 181 0 29
1665 204 0 217
1666 492 0 10
1667 10223 0 16
1668 492 0 139
1669 2796 0 14
1670 3664 0 83
1671 165 0 2
1672 1378 0 11
1673 936 0 168
1674 808 0 143
1675 1216 0 17
1676 7288 0 11
1677 1957 0 13
1678 883 0 20
1679 1398 0 14
1680 775 0 20
1681 1948 0 54
1682 1711 0 62
1683 975 0 13
1684 2444 0 26
1685 1484 0 10
1686 3355 0 83
1687 1513 0 13
1688 2518 0 64
1689 9328 0 29
1690 1971 0 19
1691 1415 0 45
1692 194 0 11
1693 1513 0 11
1694 681 0 10
1695 1352 0 87
1696 638 0 24
1697 1427 0 138
1698 2951 1 0
1699 1170 0 16
1700 12366 0 8
1701 2494 0 18
1702 655 1 917
1703 1293 0 18
1704 1624 1 0
1705 2828 0 13
1706 885 0 207
1707 5351 0 9
1708 380 0 9
1709 1160 0 36
1710 13009 0 10
1711 717 0 34
1712 178 0 41
1713 508 0 10
1714 2590 0 8

16 1 1473
2
1715 3325 0 21
1716 5006 1 118

17 1 1485
26
1717 1052 0 6
1718 989 0 9
1719 1420 0 372
1720 1522 0 11
1721 13593 0 41
1722 1824 0 12
1723 192 0 9
1724 1188 0 12
1725 1971 0 8
1726 1399 0 208
1727 738 0 8
1728 7349 0 11
1729 6737 0 28
1730 989 0 8
1731 842 0 11
1732 709 0 18
1733 2778 0 74
1734 262 0 10
1735 212 0 19
1736 595 0 12
1737 2604 0 30
1738 1134 0 9
1739 5000 0 41
1740 5081 0 50
1741 180 0 7
1742 5446 0 12

18 1 1492
8
1743 1118 0 43
1744 666 0 24
1745 1178 0 16
1746 2717 0 8
1747 3326 0 16
1748 419 0 62
1749 2495 0 48
1750 771 0 8

19 1 1494
53
1751 3455 0 7
1752 1766 0 32
1753 1952 0 11
1754 11646 0 808
1755 959 0 8
1756 992 0 27
1757 710 1 26
1758 1545 0 13
1759 798 0 74
1760 673 0 32
1761 2816 0 33
1762 3386 0 7
1763 654 0 72
1764 1234 0 7
1765 2922 0 13
1766 8887 0 8
1767 2948 1 123
1768 847 0 10
1769 2969 0 7
1770 1157 0 42
1771 442 0 53
1772 496 0 9
1773 2006 0 20
1774 7690 0 20
1775 2605 0 50
1776 722 0 17
1777 1382 0 9
1778 1030 0 10
1779 2607 0 212
1780 1 0 8
1781 1165 0 10
1782 646 0 8
1783 1174 0 13
1784 3707 0 54
1785 1222 0 11
1786 2360 0 8
1787 1328 0 12
1788 1952 0 8
1789 2273 0 11
1790 3177 0 75
1791 910 0 41
1792 2389 0 18
1793 1962 0 16
1794 383 0 8
1795 1442 0 7
1796 3633 0 39
1797 894 0 130
1798 1199 0 70
1799 371 0 13
1800 2306 0 12
1801 1157 0 15
1802 500 0 18
1803 3324 0 86

