10

0 0 249
52
0 2450 0 73
1 1266 1 18
2 411 0 8
3 3372 0 14
4 1426 0 11
5 11 0 20
6 852 0 13
7 1344 0 19
8 4 0 10
9 448 0 8
10 3536 0 18
11 6566 0 134
12 1980 0 27
13 1024 0 19
14 1964 0 11
15 7885 0 8
16 648 0 52
17 2037 0 12
18 1813 0 13
19 1977 0 8
20 2598 0 79
21 776 0 37
22 1384 0 10
23 2546 0 18
24 1543 0 17
25 1719 0 65
26 2381 0 6
27 1420 0 13
28 1237 0 149
29 8829 0 10
30 1157 0 103
31 714 0 25
32 2857 0 14
33 2898 0 80
34 1027 0 11
35 1486 0 11
36 12474 0 12
37 1477 0 12
38 1246 0 12
39 1369 1 76
40 1087 0 9
41 722 0 29
42 3247 0 11
43 948 0 14
44 770 0 14
45 1180 0 92
46 474 0 41
47 991 0 62
48 1620 0 12
49 484 0 210
50 3521 0 295
51 17479 0 54

1 1 273
41
52 756 0 29
53 609 0 39
54 546 0 32
55 1005 0 13
56 660 0 172
57 692 0 9
58 1286 0 13
59 429 0 8
60 1140 0 44
61 985 0 15
62 1718 0 11
63 2450 0 8
64 2346 1 0
65 2888 0 11
66 16660 0 10
67 1268 0 73
68 1949 0 129
69 657 0 11
70 1134 0 14
71 558 0 16
72 1077 0 13
73 1576 0 28
74 411 0 40
75 5809 0 25
76 7477 0 20
77 506 0 43
78 608 0 43
79 468 0 12
80 762 0 10
81 3147 0 9
82 1166 0 11
83 1936 0 18
84 837 0 9
85 3279 0 11
86 1291 0 13
87 1957 0 67
88 1246 0 34
89 471 0 25
90 839 0 26
91 7820 0 8
92 1255 0 7

2 1 296
6
93 1303 0 23
94 195 0 45
95 356 0 35
96 1536 0 43
97 515 0 12
98 28 0 10

3 1 486
186
99 13006 0 13
100 1134 0 10
101 168 0 10
102 989 0 8
103 936 0 13
104 7911 0 28
105 2072 0 10
106 7484 0 14
107 1200 0 22
108 538 0 8
109 659 0 12
110 346 0 11
111 1537 0 74
112 807 0 10
113 796 0 7
114 1006 0 13
115 1280 0 15
116 1669 0 10
117 7324 0 12
118 1986 0 23
119 1178 0 47
120 408 0 11
121 3209 0 12
122 1056 0 98
123 1531 0 64
124 1387 0 39
125 2481 0 38
126 1949 0 9
127 9980 0 143
128 778 0 45
129 1423 0 92
130 738 0 8
131 3698 0 32
132 1617 0 122
133 5124 0 68
134 451 0 14
135 1276 0 9
136 1513 0 13
137 3298 0 25
138 497 0 41
139 3607 0 0
140 3358 0 43
141 2817 0 11
142 2145 0 132
143 1940 0 10
144 1393 0 269
145 1811 1 0
146 2445 0 116
147 2900 0 13
148 1165 0 9
149 1808 1 0
150 1989 0 7
151 905 0 13
152 694 1 0
153 1538 0 111
154 1260 0 99
155 714 0 78
156 3362 0 258
157 989 0 25
158 1767 0 17
159 970 0 7
160 3927 0 50
161 3046 0 16
162 1988 0 77
163 2050 0 10
164 735 0 38
165 1223 0 70
166 326 0 9
167 1656 0 180
168 3293 0 73
169 763 0 107
170 1214 0 11
171 1421 0 9
172 224 1 27
173 8907 0 44
174 171 0 146
175 1004 0 6
176 2789 0 41
177 1199 0 15
178 2793 1 44
179 870 0 15
180 989 0 71
181 1357 0 39
182 824 0 162
183 2671 0 28
184 7581 0 134
185 1260 0 40
186 522 0 164
187 1184 0 14
188 278 0 16
189 3373 0 132
190 555 0 12
191 2789 0 13
192 856 0 10
193 46 0 38
194 440 0 11
195 1461 0 13
196 768 0 84
197 500 0 9
198 2040 0 40
199 1101 0 16
200 2325 0 8
201 1189 0 16
202 1513 0 60
203 3269 0 7
204 1032 0 11
205 444 0 141
206 859 0 37
207 3182 0 8
208 5128 0 29
209 7048 0 45
210 7048 0 11
211 1237 0 7
212 574 0 12
213 1144 0 20
214 1647 0 8
215 2046 0 37
216 5110 0 11
217 7684 0 10
218 1914 0 134
219 1032 0 70
220 2888 0 13
221 5071 0 7
222 648 0 9
223 682 0 18
224 610 0 8
225 1127 0 49
226 1196 0 13
227 1518 0 11
228 756 0 280
229 1971 0 103
230 1506 0 12
231 1282 0 150
232 7282 0 242
233 7048 0 48
234 1159 0 13
235 962 0 8
236 1056 0 78
237 935 0 10
238 171 0 9
239 601 0 13
240 7657 0 10
241 1778 0 45
242 2762 0 16
243 2828 0 13
244 3208 0 263
245 2916 0 8
246 3233 0 67
247 2788 0 69
248 1171 0 14
249 7877 0 10
250 1990 0 23
251 961 0 81
252 2808 0 49
253 7260 0 87
254 8119 0 12
255 1969 0 10
256 717 0 6
257 1641 0 12
258 1185 0 207
259 6091 0 27
260 1055 0 23
261 7043 0 171
262 2568 0 51
263 1199 0 8
264 1101 0 10
265 600 0 29
266 1304 0 93
267 5116 0 109
268 1114 0 10
269 5149 0 24
270 1294 0 19
271 1055 0 12
272 1864 0 7
273 526 0 13
274 302 0 13
275 3372 0 9
276 7330 0 12
277 989 0 66
278 1506 0 13
279 1565 0 9
280 592 0 8
281 1339 0 372
282 1030 0 91
283 48 1 0
284 477 0 129

4 0 536
178
285 1444 0 14
286 3292 0 14
287 1100 0 8
288 646 0 11
289 517 0 11
290 694 0 11
291 759 0 10
292 2923 1 0
293 7175 0 122
294 3187 0 11
295 7401 0 11
296 738 0 6
297 1945 0 12
298 2240 1 194
299 2200 0 31
300 1166 0 30
301 5002 0 18
302 2288 0 11
303 6476 0 10
304 1970 0 302
305 1971 0 9
306 8886 0 18
307 8950 0 9
308 1184 0 56
309 385 0 39
310 2841 0 16
311 517 0 17
312 1810 0 82
313 407 0 36
314 1066 0 69
315 2074 0 9
316 802 0 8
317 1968 0 9
318 2848 0 63
319 1661 0 42
320 187 0 1
321 989 0 9
322 2958 0 6
323 712 0 18
324 2126 0 47
325 1185 0 11
326 1941 0 11
327 1140 0 19
328 2843 0 11
329 7906 0 6
330 2120 0 10
331 308 0 11
332 4028 0 9
333 269 0 11
334 2125 0 7
335 797 0 8
336 1335 0 217
337 2225 0 21
338 1546 0 108
339 914 0 11
340 877 0 12
341 1427 0 17
342 1445 0 6
343 1903 0 8
344 1116 0 11
345 1172 0 32
346 3922 0 30
347 426 0 10
348 3254 0 9
349 613 1 0
350 1383 0 10
351 3479 0 16
352 649 0 40
353 2504 0 6
354 1506 0 9
355 1214 0 8
356 1050 0 14
357 1505 0 7
358 1516 0 11
359 1405 0 11
360 513 0 12
361 191 0 8
362 1509 0 8
363 2749 1 0
364 716 0 143
365 459 0 7
366 240 0 8
367 2381 0 6
368 2231 0 295
369 2452 0 33
370 733 0 6
371 262 0 14
372 572 0 9
373 2170 0 41
374 289 0 69
375 472 0 10
376 715 0 13
377 181 0 10
378 1369 0 9
379 1564 0 113
380 550 0 27
381 536 0 85
382 1195 0 37
383 1919 0 14
384 989 0 18
385 1982 0 91
386 748 0 11
387 3378 0 8
388 289 0 76
389 1683 0 17
390 489 0 50
391 548 0 122
392 17110 0 8
393 1144 0 29
394 746 0 67
395 3247 0 138
396 5040 0 9
397 2170 0 10
398 1232 0 42
399 355 0 23
400 726 1 516
401 3203 0 35
402 1331 0 15
403 1954 0 12
404 7171 0 16
405 183 0 38
406 1939 0 72
407 401 0 125
408 2946 0 13
409 572 0 182
410 408 0 10
411 1301 0 62
412 3221 0 11
413 1947 0 12
414 1167 0 170
415 12225 0 9
416 7472 0 12
417 3264 0 26
418 1348 0 18
419 907 0 7
420 562 0 35
421 571 0 19
422 3655 0 8
423 792 0 55
424 2548 0 9
425 3203 0 13
426 498 0 57
427 12614 0 32
428 425 0 11
429 6161 0 13
430 1961 0 19
431 2355 0 67
432 2263 0 8
433 531 0 99
434 8209 0 15
435 676 0 6
436 1020 0 12
437 989 0 9
438 1123 0 9
439 3370 0 14
440 542 1 596
441 958 0 27
442 1139 0 62
443 943 0 132
444 1666 0 12
445 441 0 8
446 321 0 166
447 1008 0 12
448 7586 0 32
449 17177 1 46
450 5046 0 36
451 2038 0 40
452 1442 0 8
453 2827 0 168
454 935 0 12
455 994 0 107
456 2574 0 37
457 2918 0 13
458 1324 0 9
459 658 0 13
460 1121 0 17
461 989 0 41
462 608 0 109

5 1 664
1063
463 1537 0 12
464 584 0 206
465 1194 0 27
466 762 0 9
467 1596 0 144
468 17098 0 46
469 1394 0 8
470 648 0 7
471 173 0 9
472 1015 0 53
473 14643 0 9
474 616 0 132
475 1246 1 0
476 1386 0 10
477 7500 0 11
478 1095 0 9
479 5133 0 9
480 3217 0 27
481 769 0 14
482 1604 1 0
483 1223 0 370
484 14369 0 9
485 1875 0 10
486 837 0 39
487 2407 0 137
488 722 0 12
489 9127 0 63
490 9303 0 34
491 694 0 11
492 199 0 39
493 2084 0 8
494 984 0 29
495 835 0 7
496 3194 0 213
497 1934 0 11
498 976 0 72
499 592 0 90
500 6739 0 198
501 3288 0 10
502 1981 0 14
503 1106 0 8
504 989 0 168
505 1400 0 10
506 5040 0 10
507 3241 0 14
508 1566 0 8
509 389 0 10
510 805 0 10
511 1430 0 7
512 252 1 0
513 598 0 12
514 1403 0 158
515 7841 0 31
516 5102 0 39
517 1082 0 60
518 736 0 23
519 3085 0 15
520 5105 0 35
521 11482 0 103
522 3354 0 12
523 1100 0 7
524 2515 0 25
525 10798 0 9
526 842 0 13
527 1828 0 13
528 1085 0 6
529 317 1 0
530 442 0 13
531 7316 0 8
532 1018 0 6
533 992 0 6
534 419 0 10
535 1982 0 33
536 1978 0 58
537 815 0 11
538 1279 0 20
539 1320 0 13
540 1777 0 8
541 1410 0 8
542 2577 0 10
543 12471 0 332
544 1998 0 37
545 1480 0 10
546 966 0 13
547 1702 0 13
548 1630 0 103
549 155 0 42
550 964 0 0
551 2340 0 10
552 12927 0 313
553 832 0 12
554 3015 0 13
555 720 0 376
556 12812 0 53
557 8191 0 92
558 2916 0 13
559 2498 1 34
560 1947 0 30
561 1246 0 9
562 6575 0 12
563 1024 0 76
564 519 0 11
565 1367 0 29
566 442 0 12
567 1954 0 105
568 1341 0 72
569 1263 0 27
570 11797 1 0
571 2328 0 170
572 2825 0 40
573 9659 0 6
574 1353 0 53
575 2286 0 10
576 1871 0 10
577 2329 0 10
578 781 0 13
579 1409 0 18
580 1217 0 231
581 1028 0 109
582 253 0 8
583 17487 0 8
584 1029 0 42
585 132 0 122
586 3151 0 10
587 1184 0 43
588 936 0 13
589 967 0 189
590 3407 0 48
591 1537 0 11
592 2494 0 33
593 334 1 596
594 1229 0 66
595 6952 1 0
596 852 0 14
597 1371 0 8
598 1239 0 12
599 3376 0 17
600 1839 0 9
601 13918 0 12
602 491 0 41
603 771 0 11
604 558 0 13
605 13398 0 11
606 1897 0 8
607 654 0 37
608 1109 0 71
609 2925 0 31
610 1147 0 25
611 1139 0 10
612 832 0 87
613 489 0 11
614 1945 0 99
615 879 0 39
616 939 0 77
617 750 1 0
618 200 1 0
619 1992 1 0
620 2225 0 11
621 935 0 12
622 1225 1 789
623 1410 0 31
624 704 1 123
625 1292 0 10
626 2530 0 99
627 2181 0 58
628 2931 0 58
629 1305 0 25
630 2534 0 155
631 1515 0 28
632 1551 0 10
633 782 0 44
634 675 0 13
635 1368 0 63
636 5104 0 41
637 1295 0 23
638 1528 0 45
639 3478 0 53
640 1202 0 161
641 747 0 13
642 1713 0 7
643 866 0 13
644 12199 0 67
645 1047 0 11
646 2375 0 135
647 2401 0 7
648 950 0 60
649 1021 0 24
650 338 0 12
651 1211 0 10
652 207 0 43
653 3417 0 32
654 1689 0 29
655 1518 0 12
656 3754 1 104
657 769 0 8
658 2505 0 9
659 5002 1 0
660 5152 0 13
661 1537 0 10
662 1183 0 11
663 531 0 28
664 736 0 12
665 3327 0 8
666 7044 0 11
667 1260 0 8
668 3223 0 9
669 414 0 71
670 1361 0 11
671 1192 0 17
672 1202 0 45
673 989 0 72
674 1206 0 32
675 711 0 26
676 1123 0 163
677 1388 0 9
678 2208 0 13
679 1783 0 8
680 285 0 11
681 989 0 6
682 14920 0 16
683 1958 0 91
684 2403 0 15
685 563 0 12
686 2435 0 14
687 1265 0 39
688 2239 0 16
689 1113 0 77
690 938 0 67
691 2014 0 211
692 3637 1 24
693 1043 0 45
694 12602 0 13
695 1227 0 250
696 6731 0 38
697 1020 0 15
698 5026 1 19
699 650 0 9
700 12210 0 71
701 1961 0 7
702 3258 0 11
703 2894 0 43
704 513 1 10
705 442 0 11
706 710 0 9
707 221 0 11
708 1949 0 17
709 194 0 40
710 1960 0 15
711 1179 0 9
712 614 0 14
713 9367 0 13
714 1153 0 32
715 1239 0 30
716 928 0 12
717 1220 0 27
718 541 0 12
719 910 0 28
720 757 0 12
721 3267 0 8
722 1145 0 9
723 1315 0 24
724 1287 0 38
725 3462 0 21
726 644 0 304
727 1966 0 12
728 394 0 18
729 1309 0 16
730 1679 0 11
731 785 1 118
732 1514 0 12
733 526 0 52
734 5014 0 15
735 3164 0 71
736 1977 0 208
737 1602 0 31
738 1456 0 15
739 1693 0 10
740 733 0 11
741 7048 0 13
742 2600 0 8
743 1367 0 9
744 1206 0 8
745 924 0 122
746 1047 0 30
747 13377 0 13
748 5058 0 8
749 1266 0 13
750 1540 0 38
751 1052 0 7
752 206 0 13
753 637 0 27
754 1322 0 8
755 1376 0 33
756 691 0 15
757 1439 0 61
758 166 0 7
759 1315 0 11
760 634 0 167
761 1324 0 23
762 1504 0 28
763 289 0 17
764 776 0 11
765 664 0 8
766 2809 0 8
767 638 0 11
768 784 0 40
769 6250 0 8
770 515 0 11
771 509 0 34
772 1735 0 34
773 1191 0 8
774 1972 0 13
775 1970 0 17
776 12658 0 13
777 1795 0 23
778 1268 0 113
779 694 1 46
780 1011 0 9
781 7389 0 7
782 3000 0 8
783 14376 0 11
784 3121 0 112
785 3135 0 43
786 1329 0 9
787 1823 0 10
788 3285 0 8
789 215 0 16
790 2122 0 24
791 533 0 33
792 835 0 36
793 7050 0 105
794 896 0 11
795 576 0 9
796 710 0 63
797 986 0 35
798 692 0 13
799 1168 0 8
800 1380 0 13
801 476 0 8
802 1956 0 11
803 1225 0 10
804 4997 0 46
805 187 0 44
806 945 0 36
807 7780 0 49
808 429 0 75
809 1903 0 146
810 819 0 326
811 3933 1 0
812 622 0 10
813 1403 0 18
814 1146 1 6
815 6137 0 13
816 969 0 76
817 2357 0 11
818 1530 0 22
819 1085 0 6
820 1411 0 23
821 1191 0 68
822 982 0 23
823 1944 1 28
824 2858 0 24
825 1799 0 157
826 6853 0 13
827 698 0 68
828 164 0 7
829 1595 0 16
830 1373 0 68
831 3461 0 11
832 1687 1 0
833 961 0 129
834 633 0 12
835 5056 0 71
836 2072 0 22
837 2223 0 12
838 5025 0 70
839 631 0 10
840 7286 0 9
841 12208 0 63
842 3308 0 51
843 1317 0 25
844 5046 0 16
845 776 0 12
846 3326 0 10
847 1426 0 9
848 3646 0 9
849 2139 0 10
850 12488 0 18
851 284 0 22
852 3263 0 54
853 2847 0 150
854 17077 0 10
855 1620 0 13
856 1231 0 39
857 3258 0 18
858 6889 0 8
859 1480 0 14
860 716 0 16
861 1304 0 57
862 5101 0 9
863 2909 0 12
864 212 0 8
865 3278 0 200
866 2320 0 78
867 737 0 109
868 6366 0 38
869 1529 0 9
870 8 0 36
871 934 0 11
872 2541 1 113
873 963 0 9
874 2486 0 35
875 8078 0 11
876 9998 0 32
877 1099 0 146
878 985 0 11
879 584 0 10
880 651 0 34
881 766 0 8
882 348 0 47
883 1725 0 12
884 1348 0 33
885 3346 0 3
886 3778 0 35
887 345 1 0
888 5036 0 81
889 484 1 477
890 1506 0 10
891 1880 0 12
892 1191 0 8
893 859 0 12
894 388 0 11
895 3290 1 0
896 1949 0 9
897 1303 0 10
898 812 0 25
899 507 0 19
900 982 0 0
901 1391 0 15
902 266 0 8
903 173 0 16
904 510 0 33
905 964 0 7
906 1340 0 72
907 1718 0 71
908 974 1 15
909 1462 0 13
910 1352 0 7
911 1514 0 9
912 1504 0 82
913 388 0 10
914 1526 0 14
915 3252 0 13
916 3208 0 38
917 322 0 73
918 5000 0 9
919 729 0 35
920 6740 0 49
921 1200 0 9
922 641 0 13
923 3093 0 141
924 1971 0 19
925 4003 0 29
926 704 0 16
927 561 0 7
928 480 0 60
929 289 0 38
930 2476 0 23
931 1987 0 13
932 3150 0 15
933 1735 0 5
934 1719 0 9
935 1783 0 83
936 1142 0 8
937 7792 0 29
938 1100 0 247
939 1378 0 9
940 2883 0 9
941 578 0 230
942 1266 0 8
943 8197 0 79
944 7912 0 41
945 1921 0 12
946 1399 0 187
947 5103 0 129
948 780 0 122
949 11606 0 9
950 1087 0 139
951 2976 0 31
952 14 0 107
953 1155 0 11
954 1960 1 603
955 2765 0 34
956 470 0 51
957 422 0 10
958 488 0 13
959 6133 0 107
960 851 0 13
961 1204 1 0
962 704 0 149
963 1339 0 148
964 980 0 33
965 1179 0 21
966 3145 0 73
967 617 0 25
968 12787 0 8
969 677 0 161
970 10273 0 18
971 1988 0 43
972 628 0 8
973 1988 0 19
974 284 0 13
975 5063 0 9
976 288 0 18
977 918 0 9
978 2898 0 15
979 1768 0 10
980 3617 0 6
981 3230 0 10
982 2790 0 9
983 1369 0 19
984 2391 0 11
985 781 0 11
986 1039 0 182
987 6730 0 9
988 2856 0 10
989 1158 0 59
990 14372 0 15
991 531 0 11
992 1153 0 145
993 989 0 706
994 981 0 11
995 25 0 52
996 201 0 11
997 1150 0 8
998 717 0 8
999 586 0 617
1000 1575 0 50
1001 2997 0 98
1002 1900 0 7
1003 3219 1 84
1004 842 0 9
1005 404 0 11
1006 908 0 27
1007 16483 0 15
1008 776 1 474
1009 3230 0 6
1010 1200 0 37
1011 6227 0 76
1012 14920 0 45
1013 1248 0 7
1014 1518 0 11
1015 884 0 9
1016 17398 0 16
1017 4100 0 76
1018 2507 0 8
1019 3172 0 32
1020 1921 0 90
1021 973 0 7
1022 1423 0 23
1023 1812 0 10
1024 1235 0 8
1025 3379 0 13
1026 940 0 29
1027 1678 0 25
1028 626 0 4
1029 2574 0 12
1030 6717 0 8
1031 1518 0 73
1032 444 0 12
1033 1528 0 11
1034 1807 0 68
1035 1984 0 7
1036 942 0 11
1037 12721 0 13
1038 453 1 0
1039 190 0 19
1040 966 0 7
1041 563 0 9
1042 1114 0 46
1043 2912 0 10
1044 419 1 315
1045 2943 0 115
1046 1965 0 10
1047 1556 0 10
1048 462 0 8
1049 1528 0 8
1050 3047 0 12
1051 1054 0 73
1052 3289 0 63
1053 1277 0 7
1054 449 0 65
1055 265 0 21
1056 3377 0 9
1057 3155 0 7
1058 742 0 40
1059 989 0 14
1060 518 0 18
1061 3260 0 77
1062 1548 1 400
1063 17420 0 163
1064 3195 0 12
1065 857 0 10
1066 1981 0 11
1067 899 0 73
1068 533 0 13
1069 2946 0 21
1070 3079 0 11
1071 358 0 43
1072 2511 0 26
1073 3160 0 13
1074 5726 0 9
1075 847 0 10
1076 1725 0 11
1077 863 0 11
1078 17479 0 29
1079 1973 0 24
1080 11798 0 10
1081 3930 0 29
1082 3001 1 21
1083 1207 1 0
1084 3674 0 27
1085 5010 0 15
1086 706 0 9
1087 1978 0 36
1088 2046 0 25
1089 1516 0 67
1090 542 0 19
1091 1397 0 9
1092 2226 0 12
1093 2602 0 37
1094 5125 0 62
1095 4953 0 27
1096 174 0 11
1097 2788 0 9
1098 1626 1 0
1099 2828 0 7
1100 1044 0 6
1101 869 0 89
1102 6175 0 7
1103 1513 0 32
1104 3162 0 20
1105 1357 0 10
1106 265 0 10
1107 1530 0 8
1108 1287 0 54
1109 2558 0 11
1110 2193 0 87
1111 1080 0 12
1112 1883 0 10
1113 1513 0 22
1114 12773 0 16
1115 1294 0 18
1116 551 0 14
1117 536 0 110
1118 1353 0 28
1119 1122 0 39
1120 782 0 34
1121 5138 0 11
1122 174 0 11
1123 1486 0 11
1124 3344 0 17
1125 785 0 13
1126 1669 0 9
1127 6456 0 8
1128 1317 0 11
1129 459 0 41
1130 913 0 30
1131 2321 0 5
1132 1267 0 10
1133 671 0 37
1134 10028 0 40
1135 222 0 14
1136 1962 0 9
1137 3781 0 11
1138 886 0 18
1139 1675 0 25
1140 944 0 8
1141 1069 1 0
1142 275 0 53
1143 3323 0 9
1144 526 0 13
1145 3314 0 50
1146 895 0 9
1147 6453 0 24
1148 989 0 64
1149 1186 0 46
1150 1670 0 26
1151 12253 0 10
1152 1909 0 10
1153 7373 0 12
1154 502 0 18
1155 802 0 19
1156 7697 0 8
1157 372 0 9
1158 1921 0 10
1159 875 0 8
1160 3524 0 54
1161 566 0 32
1162 596 0 8
1163 3062 0 13
1164 2261 0 12
1165 6199 0 19
1166 1839 0 13
1167 989 0 35
1168 891 0 13
1169 1246 0 14
1170 1001 1 0
1171 1118 0 13
1172 595 0 9
1173 3153 0 17
1174 3367 0 11
1175 268 0 103
1176 2886 0 18
1177 984 0 41
1178 12463 0 25
1179 1106 0 10
1180 11861 0 20
1181 2214 0 17
1182 1001 0 98
1183 2556 0 71
1184 3299 0 11
1185 449 0 9
1186 1244 0 36
1187 13008 0 11
1188 2497 0 8
1189 325 0 16
1190 1421 1 13
1191 3371 0 8
1192 1742 0 43
1193 1298 0 30
1194 744 1 78
1195 243 0 13
1196 943 0 38
1197 375 0 31
1198 7667 0 8
1199 2845 0 81
1200 3513 0 29
1201 746 0 9
1202 6365 0 70
1203 832 0 34
1204 8086 0 36
1205 544 1 15
1206 919 0 22
1207 3197 0 26
1208 300 0 10
1209 1411 0 6
1210 2218 0 13
1211 516 0 37
1212 227 0 9
1213 2902 0 8
1214 568 0 107
1215 1200 0 67
1216 926 0 10
1217 2105 0 10
1218 2468 0 69
1219 3023 0 45
1220 1418 1 578
1221 959 0 7
1222 493 0 68
1223 7934 0 10
1224 1981 0 28
1225 2190 1 517
1226 7051 0 10
1227 3179 0 68
1228 1970 0 16
1229 3217 0 72
1230 2209 0 34
1231 729 0 7
1232 3475 0 9
1233 3593 0 10
1234 7759 0 281
1235 947 0 14
1236 1083 0 12
1237 716 0 8
1238 785 0 13
1239 1174 0 12
1240 3185 0 45
1241 2064 0 230
1242 1340 0 11
1243 968 0 53
1244 1096 0 8
1245 1784 0 13
1246 683 0 24
1247 1278 0 19
1248 989 0 7
1249 259 0 10
1250 1383 0 48
1251 2381 0 11
1252 14926 0 33
1253 1437 0 11
1254 1003 0 12
1255 793 0 71
1256 3645 0 40
1257 648 0 71
1258 1474 0 11
1259 3945 0 107
1260 1516 0 82
1261 2596 0 17
1262 652 0 38
1263 885 0 7
1264 2799 0 10
1265 951 0 19
1266 415 0 8
1267 416 0 19
1268 507 0 9
1269 1497 1 0
1270 2169 0 15
1271 13541 0 18
1272 833 0 13
1273 637 0 10
1274 1891 0 36
1275 5027 0 11
1276 680 0 8
1277 323 0 34
1278 10354 0 46
1279 2621 0 25
1280 1988 0 29
1281 738 0 8
1282 3307 0 97
1283 269 0 7
1284 6168 0 39
1285 1956 0 59
1286 3626 0 12
1287 785 0 32
1288 1370 0 11
1289 2865 0 9
1290 216 0 9
1291 1135 0 50
1292 1102 0 88
1293 1133 0 11
1294 761 0 8
1295 5044 0 8
1296 2229 0 88
1297 496 0 151
1298 1105 0 11
1299 246 0 9
1300 1271 0 13
1301 7386 0 9
1302 2784 0 10
1303 2645 0 7
1304 639 0 11
1305 259 0 15
1306 9984 0 11
1307 448 1 28
1308 1096 0 129
1309 1648 0 16
1310 282 0 85
1311 1303 0 69
1312 1949 0 16
1313 303 0 19
1314 1329 0 11
1315 819 0 7
1316 5051 0 8
1317 1350 0 106
1318 1239 0 10
1319 17723 0 12
1320 1976 0 30
1321 1057 0 97
1322 2343 0 8
1323 9692 0 38
1324 3637 0 69
1325 1094 0 33
1326 1284 0 43
1327 1529 0 9
1328 885 0 6
1329 1043 0 9
1330 1332 0 38
1331 894 0 88
1332 317 0 27
1333 1231 0 168
1334 982 0 7
1335 2537 0 11
1336 901 0 152
1337 17711 0 13
1338 5006 0 31
1339 1197 0 8
1340 2589 0 54
1341 1738 0 33
1342 980 0 40
1343 1116 0 164
1344 1923 0 8
1345 2214 0 60
1346 816 1 0
1347 735 0 67
1348 1972 0 22
1349 2900 0 9
1350 3307 0 9
1351 173 0 10
1352 2593 0 68
1353 3482 0 9
1354 556 0 13
1355 3284 0 41
1356 1957 0 12
1357 7667 0 24
1358 5003 0 77
1359 1010 0 18
1360 464 0 45
1361 628 0 9
1362 1961 0 9
1363 1194 0 33
1364 3177 0 11
1365 1006 0 7
1366 1965 0 20
1367 7358 0 12
1368 5120 0 11
1369 2576 0 157
1370 1300 0 214
1371 318 0 11
1372 1217 0 14
1373 750 0 10
1374 3191 0 29
1375 637 0 13
1376 169 0 14
1377 1315 0 8
1378 5116 0 26
1379 3339 0 105
1380 1230 0 102
1381 1837 0 14
1382 1976 0 307
1383 2194 0 16
1384 1320 0 53
1385 7050 0 7
1386 1347 0 12
1387 525 0 11
1388 6730 0 135
1389 1538 0 9
1390 3536 0 9
1391 1961 0 11
1392 483 0 9
1393 3203 0 39
1394 5014 0 39
1395 1100 0 10
1396 1207 0 13
1397 2908 0 213
1398 777 0 10
1399 1329 0 40
1400 12903 0 9
1401 255 0 7
1402 3175 0 21
1403 1821 0 11
1404 8117 0 51
1405 3723 1 0
1406 1805 0 11
1407 328 0 9
1408 2489 0 13
1409 1008 0 10
1410 3368 0 10
1411 6366 0 27
1412 3271 0 31
1413 761 0 73
1414 5115 0 38
1415 1966 1 30
1416 2430 0 241
1417 3270 0 69
1418 977 0 7
1419 714 0 13
1420 7088 0 17
1421 3154 0 23
1422 2516 0 11
1423 982 0 15
1424 539 0 23
1425 1608 0 13
1426 1783 0 71
1427 3249 0 10
1428 424 0 74
1429 1181 0 8
1430 3126 0 118
1431 7937 0 7
1432 775 0 7
1433 1987 0 6
1434 1341 0 287
1435 7386 0 174
1436 1357 0 9
1437 1330 0 10
1438 442 0 10
1439 1054 1 316
1440 2732 0 43
1441 531 0 11
1442 3306 0 22
1443 3369 0 9
1444 2369 0 118
1445 1782 0 15
1446 969 0 15
1447 3131 0 14
1448 2885 0 9
1449 1235 0 11
1450 454 0 9
1451 10452 0 12
1452 3278 0 12
1453 1162 0 72
1454 2672 0 10
1455 1379 0 9
1456 1727 0 11
1457 1041 0 13
1458 424 0 12
1459 17473 1 25
1460 762 1 270
1461 1527 0 20
1462 1657 0 11
1463 4999 0 6
1464 3077 0 6
1465 9317 0 7
1466 1420 0 7
1467 1945 0 8
1468 2060 0 13
1469 2515 0 62
1470 4538 0 14
1471 1066 0 10
1472 490 0 12
1473 1988 0 30
1474 986 0 12
1475 5867 0 8
1476 223 0 17
1477 565 0 11
1478 1970 0 10
1479 12719 0 62
1480 1127 0 89
1481 878 0 33
1482 2537 0 9
1483 13029 0 10
1484 2116 0 81
1485 5131 0 16
1486 2211 0 7
1487 2766 0 24
1488 1055 0 28
1489 1985 0 171
1490 3210 0 8
1491 13069 0 24
1492 489 0 10
1493 1415 0 11
1494 624 0 14
1495 311 0 36
1496 1108 0 37
1497 2336 0 141
1498 7884 0 304
1499 750 0 76
1500 1953 0 7
1501 2803 0 31
1502 1511 0 8
1503 404 0 61
1504 1204 0 19
1505 2830 0 7
1506 7266 0 51
1507 2834 0 30
1508 1115 0 30
1509 1513 0 9
1510 1306 0 46
1511 1506 0 11
1512 471 0 12
1513 1071 0 10
1514 641 0 30
1515 1207 0 148
1516 5097 0 8
1517 1513 0 7
1518 499 0 8
1519 653 0 171
1520 1403 0 13
1521 1274 0 18
1522 899 0 3
1523 2821 0 9
1524 13920 0 16
1525 886 0 253

6 1 691
27
1526 7313 0 71
1527 1968 0 36
1528 599 0 9
1529 3357 0 43
1530 1295 0 138
1531 967 0 18
1532 5019 0 28
1533 645 0 7
1534 985 0 11
1535 650 0 36
1536 728 0 54
1537 1280 0 20
1538 2542 0 133
1539 5089 0 22
1540 2054 0 147
1541 59 0 19
1542 1333 0 12
1543 3539 0 11
1544 562 0 13
1545 2141 0 32
1546 540 0 28
1547 505 0 77
1548 12562 0 134
1549 648 0 11
1550 1349 0 34
1551 766 0 18
1552 835 0 9

7 1 700
54
1553 3169 0 165
1554 982 0 135
1555 3181 0 106
1556 1371 0 13
1557 1223 0 11
1558 1301 0 11
1559 525 0 107
1560 1516 0 131
1561 1204 0 41
1562 867 0 14
1563 2280 0 10
1564 1537 0 10
1565 527 0 12
1566 1981 0 15
1567 1305 0 287
1568 3620 0 19
1569 1637 0 10
1570 426 0 7
1571 296 0 12
1572 2726 0 13
1573 1809 0 46
1574 1710 0 32
1575 67 0 17
1576 2556 0 11
1577 1604 0 9
1578 5760 0 8
1579 2260 0 10
1580 1877 0 22
1581 1429 0 19
1582 1572 0 11
1583 444 0 13
1584 2466 0 16
1585 1528 0 14
1586 783 0 7
1587 1578 0 8
1588 1106 0 19
1589 491 0 11
1590 473 0 21
1591 2044 0 37
1592 374 0 10
1593 830 0 53
1594 1068 0 10
1595 714 0 9
1596 624 0 13
1597 1623 0 11
1598 982 0 8
1599 908 0 11
1600 377 0 353
1601 457 0 37
1602 1947 0 19
1603 604 0 10
1604 3746 0 29
1605 982 0 12
1606 2724 0 35

8 1 710
178
1607 294 0 119
1608 1513 0 6
1609 1265 0 14
1610 1139 0 13
1611 1989 0 11
1612 1112 0 57
1613 72 0 13
1614 171 0 20
1615 2587 0 9
1616 5089 0 23
1617 1362 0 19
1618 690 0 10
1619 579 0 65
1620 747 0 11
1621 3226 0 10
1622 687 0 11
1623 3312 0 11
1624 590 0 32
1625 488 0 303
1626 1697 1 0
1627 633 0 14
1628 1323 0 53
1629 1941 0 12
1630 3354 0 34
1631 27 0 9
1632 5024 0 17
1633 2851 0 37
1634 311 0 16
1635 498 0 39
1636 1422 0 40
1637 7933 0 17
1638 1342 0 105
1639 1563 0 11
1640 1966 0 7
1641 774 0 15
1642 1191 0 206
1643 171 1 29
1644 587 0 7
1645 2276 0 50
1646 1589 0 75
1647 7794 0 92
1648 3444 0 39
1649 3320 1 121
1650 5045 0 3
1651 403 0 39
1652 7970 0 11
1653 427 0 229
1654 1591 0 18
1655 1915 0 37
1656 3206 0 9
1657 5870 0 38
1658 827 0 80
1659 658 0 10
1660 3225 0 13
1661 1377 0 11
1662 16778 0 99
1663 989 1 0
1664 1261 0 23
1665 222 0 42
1666 1382 0 175
1667 1513 0 13
1668 12564 0 40
1669 1264 0 7
1670 189 0 36
1671 1160 0 51
1672 225 0 11
1673 2795 0 9
1674 1790 0 71
1675 1178 0 94
1676 774 0 12
1677 2774 0 106
1678 1012 0 33
1679 327 0 7
1680 2312 0 10
1681 1382 0 7
1682 6823 0 185
1683 554 0 10
1684 1944 0 18
1685 1076 0 15
1686 8914 0 12
1687 2478 0 12
1688 2877 0 36
1689 804 0 11
1690 866 0 6
1691 1419 0 12
1692 1656 0 8
1693 3258 0 8
1694 1641 0 11
1695 252 0 11
1696 2369 0 19
1697 713 0 36
1698 1343 0 162
1699 6202 0 11
1700 606 0 12
1701 1349 0 18
1702 202 0 12
1703 3351 0 19
1704 458 0 53
1705 629 0 7
1706 26 1 163
1707 964 0 133
1708 1407 0 8
1709 1511 0 13
1710 6242 0 9
1711 1524 0 9
1712 499 0 7
1713 1467 0 10
1714 6473 0 16
1715 658 0 13
1716 1245 0 13
1717 831 0 30
1718 1970 0 163
1719 1416 0 6
1720 6782 0 11
1721 2019 0 68
1722 2161 0 71
1723 2888 0 9
1724 2112 0 22
1725 257 0 11
1726 575 1 0
1727 2514 0 11
1728 641 0 10
1729 3147 0 10
1730 1063 1 30
1731 2089 0 21
1732 1158 0 30
1733 1206 0 11
1734 707 0 14
1735 1033 0 15
1736 1515 0 49
1737 1091 0 41
1738 1974 0 7
1739 463 0 29
1740 3145 0 13
1741 2683 0 13
1742 1408 0 12
1743 2793 0 12
1744 2749 0 12
1745 1425 0 7
1746 598 0 12
1747 496 0 98
1748 1513 0 7
1749 1965 0 110
1750 6952 0 9
1751 1095 0 12
1752 3378 0 7
1753 475 0 17
1754 313 0 12
1755 943 0 11
1756 3424 0 13
1757 971 0 10
1758 1265 0 9
1759 1429 1 0
1760 2698 0 31
1761 6199 0 9
1762 1071 0 279
1763 565 0 28
1764 3064 0 43
1765 1513 0 12
1766 167 0 19
1767 7779 1 89
1768 1256 0 13
1769 1020 0 8
1770 1022 0 87
1771 3682 0 143
1772 634 0 244
1773 575 0 7
1774 757 0 12
1775 3194 0 13
1776 971 0 8
1777 1516 0 14
1778 333 0 8
1779 2307 0 29
1780 999 0 58
1781 5031 0 8
1782 1275 0 53
1783 1298 0 25
1784 3379 0 14

9 1 710
52
1785 435 0 16
1786 2541 0 34
1787 3565 0 13
1788 6952 0 11
1789 542 0 7
1790 269 0 35
1791 21 0 10
1792 1283 0 10
1793 3273 0 6
1794 12015 1 0
1795 3230 0 7
1796 177 0 87
1797 650 0 9
1798 879 0 125
1799 880 0 9
1800 3105 1 30
1801 663 0 8
1802 272 0 30
1803 695 0 70
1804 1597 0 18
1805 554 0 8
1806 878 0 120
1807 1040 0 9
1808 1425 0 152
1809 700 0 27
1810 1136 0 10
1811 1770 0 169
1812 1089 1 0
1813 2810 0 8
1814 1990 0 13
1815 1155 0 10
1816 1710 0 104
1817 17609 0 12
1818 561 0 7
1819 2757 0 11
1820 1054 0 13
1821 2491 0 34
1822 501 0 22
1823 1531 0 38
1824 3738 0 47
1825 2842 0 162
1826 1427 0 73
1827 588 0 18
1828 757 0 22
1829 2797 0 9
1830 3183 0 33
1831 665 0 29
1832 304 0 17
1833 609 0 10
1834 793 0 16
1835 819 0 30
1836 3405 0 9

