10

0 1 261
22
0 1939 0 38
1 1952 0 48
2 3172 0 83
3 411 0 15
4 734 0 150
5 1102 0 275
6 181 0 63
7 1812 1 132
8 5923 0 32
9 198 0 73
10 3872 0 9
11 16 0 11
12 1244 0 9
13 3322 0 32
14 3147 0 24
15 5145 0 99
16 1218 0 23
17 1294 0 7
18 2604 0 8
19 534 0 34
20 1975 0 9
21 2944 0 296

1 0 266
176
22 1980 0 11
23 1836 0 27
24 3227 0 10
25 1385 0 77
26 1509 0 14
27 952 0 18
28 6732 0 12
29 1205 0 9
30 665 0 37
31 580 0 10
32 1431 0 67
33 1421 0 12
34 851 0 30
35 13017 1 181
36 1325 0 34
37 1450 0 14
38 4999 0 11
39 12620 0 9
40 1050 0 107
41 3202 0 7
42 2534 0 14
43 5070 0 9
44 1302 0 12
45 952 0 33
46 215 0 8
47 1386 0 16
48 877 0 22
49 1060 0 17
50 7352 0 12
51 3792 0 5
52 7252 0 7
53 1529 0 8
54 3256 0 8
55 1537 0 7
56 16572 0 29
57 1276 0 27
58 943 0 135
59 17 0 89
60 1406 0 290
61 2204 0 12
62 881 0 66
63 829 0 15
64 1619 0 112
65 1516 1 0
66 1123 0 8
67 1950 0 28
68 407 0 10
69 1968 0 21
70 1566 1 516
71 163 0 9
72 226 0 18
73 891 0 9
74 1811 0 79
75 1299 0 156
76 171 0 10
77 736 0 50
78 3307 0 8
79 978 0 12
80 437 0 9
81 6487 0 22
82 758 0 11
83 513 0 49
84 2707 0 56
85 1 1 0
86 937 0 63
87 869 0 10
88 733 0 19
89 2553 0 110
90 1417 0 12
91 438 0 13
92 1953 0 12
93 989 0 288
94 1162 0 13
95 2211 0 17
96 1067 0 13
97 1067 0 11
98 411 0 20
99 1419 0 10
100 11615 0 130
101 771 0 9
102 646 0 10
103 3151 0 8
104 591 0 9
105 7309 0 14
106 1285 0 25
107 3132 0 14
108 172 0 13
109 1267 0 8
110 1080 0 20
111 1386 0 168
112 323 0 13
113 570 0 18
114 1240 0 72
115 601 0 19
116 3225 0 49
117 1720 0 10
118 829 1 0
119 3026 0 13
120 2812 0 115
121 2461 0 33
122 7471 0 9
123 16618 0 126
124 169 1 22
125 5093 0 127
126 377 0 11
127 1431 0 182
128 2649 0 17
129 1920 0 51
130 1040 0 11
131 190 0 208
132 1426 0 8
133 535 0 14
134 729 0 19
135 3305 0 14
136 6260 0 9
137 468 0 46
138 2403 0 66
139 5006 0 7
140 2685 0 13
141 893 0 15
142 1344 0 28
143 772 0 45
144 1410 0 13
145 618 0 186
146 1194 0 265
147 2102 0 73
148 401 0 11
149 1518 0 18
150 7575 0 7
151 1551 0 41
152 2269 0 79
153 7663 0 12
154 3354 0 132
155 544 0 11
156 743 0 28
157 17499 0 39
158 1325 0 7
159 1977 0 71
160 4 0 13
161 1086 0 11
162 3333 0 13
163 1518 0 24
164 3188 0 154
165 1415 0 7
166 2844 0 16
167 2968 0 146
168 3199 0 24
169 1122 0 26
170 1005 0 8
171 1464 0 9
172 16721 0 13
173 345 0 163
174 2808 0 8
175 696 0 13
176 941 0 11
177 6492 0 27
178 1341 0 19
179 7305 0 11
180 1275 1 0
181 3212 0 11
182 442 0 9
183 924 0 11
184 3271 1 0
185 1952 0 14
186 1125 0 8
187 18095 0 11
188 5072 0 20
189 372 0 32
190 1591 0 7
191 5940 0 106
192 1536 0 71
193 1689 0 22
194 462 0 8
195 2572 0 7
196 2801 0 23
197 1970 0 10

2 1 269
184
198 1107 0 76
199 895 0 20
200 3334 0 10
201 2567 0 13
202 1099 0 85
203 2763 0 26
204 569 0 47
205 629 0 15
206 507 1 602
207 2391 0 11
208 2223 0 11
209 832 0 64
210 1246 0 8
211 3345 0 11
212 11792 0 33
213 810 0 9
214 2005 0 12
215 2504 0 17
216 3375 0 36
217 1603 0 7
218 12824 0 73
219 560 0 9
220 12847 0 16
221 9368 0 7
222 183 0 13
223 1355 0 91
224 846 0 50
225 1155 0 38
226 9488 0 30
227 1108 0 30
228 141 0 191
229 7051 0 80
230 1231 0 11
231 780 0 12
232 2299 0 9
233 3556 0 43
234 945 0 12
235 1089 0 20
236 2307 0 11
237 1769 0 15
238 1291 0 9
239 1967 0 11
240 2949 0 35
241 548 0 12
242 1305 0 8
243 7050 0 16
244 3730 0 95
245 784 0 12
246 1969 0 10
247 2169 0 7
248 2495 0 8
249 3191 0 40
250 511 0 118
251 1063 0 8
252 525 1 0
253 1116 0 42
254 2497 0 47
255 22 0 150
256 678 0 7
257 378 0 38
258 7475 0 9
259 1166 0 16
260 1222 0 617
261 3318 1 0
262 1146 0 14
263 681 0 12
264 1169 0 10
265 6752 0 12
266 3300 0 10
267 3908 0 10
268 1543 0 73
269 1068 0 11
270 2501 0 42
271 2118 0 11
272 1348 0 12
273 5004 0 69
274 712 0 13
275 1812 0 11
276 2131 0 10
277 1952 0 75
278 1035 0 9
279 1358 0 41
280 529 0 138
281 1591 0 12
282 891 0 12
283 395 0 97
284 6366 0 11
285 904 0 141
286 1519 0 8
287 1523 0 8
288 883 0 14
289 3141 0 5
290 413 0 11
291 829 0 85
292 1909 0 14
293 991 0 7
294 511 0 14
295 3183 0 12
296 462 0 83
297 555 0 31
298 1173 0 190
299 1217 0 50
300 909 0 19
301 493 0 10
302 1214 0 13
303 12676 0 102
304 763 0 11
305 3096 0 13
306 7324 0 30
307 2576 0 71
308 1393 0 28
309 610 0 36
310 6913 0 10
311 1710 0 12
312 1018 0 16
313 1890 0 124
314 3464 0 14
315 1335 0 66
316 989 0 7
317 656 0 58
318 958 0 43
319 2541 0 13
320 1164 0 11
321 6951 0 13
322 2886 0 8
323 12698 0 37
324 374 0 10
325 1048 0 9
326 1024 0 76
327 1012 0 85
328 1196 0 11
329 16053 0 10
330 884 0 57
331 541 0 117
332 1872 0 79
333 1430 0 10
334 5000 0 138
335 2552 0 8
336 1225 0 35
337 401 0 26
338 1948 0 106
339 808 0 9
340 979 0 31
341 725 0 5
342 972 0 13
343 1267 0 24
344 989 0 206
345 452 0 8
346 1515 0 36
347 1304 0 40
348 565 0 110
349 388 0 11
350 773 0 322
351 1430 0 8
352 355 0 141
353 1952 0 11
354 4077 0 114
355 429 0 9
356 1330 0 10
357 695 0 20
358 1239 0 11
359 299 0 64
360 11606 0 92
361 3610 0 9
362 7884 0 54
363 1205 0 36
364 3197 0 6
365 3148 0 69
366 3355 0 765
367 973 1 31
368 1328 0 53
369 207 1 15
370 1247 0 9
371 1353 0 9
372 834 0 9
373 453 0 11
374 5091 0 9
375 12524 0 37
376 3232 0 8
377 906 0 42
378 2488 0 10
379 184 0 9
380 13010 0 25
381 716 0 107

3 1 495
176
382 677 0 37
383 5050 0 27
384 794 0 8
385 6952 1 21
386 1832 0 26
387 1091 0 31
388 1220 0 8
389 2856 0 165
390 6795 0 11
391 1351 0 30
392 1275 0 11
393 2258 0 7
394 4578 0 46
395 9303 0 13
396 11606 0 10
397 726 1 17
398 2100 0 13
399 692 0 10
400 1430 0 160
401 9982 0 57
402 717 0 17
403 1718 0 10
404 6143 0 11
405 572 0 8
406 989 0 8
407 7389 0 38
408 1149 0 75
409 1604 0 10
410 1317 0 20
411 2022 0 76
412 1090 0 37
413 1151 0 8
414 198 1 40
415 6954 0 11
416 16706 0 23
417 1333 0 10
418 1199 0 7
419 1426 0 27
420 544 0 42
421 643 0 276
422 1936 0 72
423 240 0 13
424 903 0 18
425 916 0 21
426 2937 0 67
427 2076 0 6
428 1265 0 17
429 2963 0 12
430 1057 0 18
431 5082 0 13
432 759 0 13
433 2826 0 73
434 9979 0 8
435 877 0 14
436 1542 0 12
437 1066 0 7
438 173 0 7
439 3179 0 19
440 2109 0 33
441 1534 0 12
442 1538 0 17
443 1415 0 23
444 2646 0 13
445 1784 0 8
446 16098 1 26
447 3179 0 24
448 6235 0 15
449 2303 0 44
450 3515 0 31
451 2931 0 13
452 7785 0 44
453 3270 0 96
454 851 0 11
455 1084 0 12
456 264 0 36
457 375 1 93
458 945 0 42
459 13569 1 102
460 3261 0 34
461 595 0 11
462 431 0 8
463 2473 0 35
464 6741 0 11
465 2018 0 10
466 1023 0 12
467 685 0 353
468 1936 0 152
469 875 1 0
470 1252 0 55
471 6170 0 10
472 2558 0 9
473 1933 0 19
474 1155 0 97
475 1338 0 8
476 3343 0 353
477 4061 0 245
478 1235 0 16
479 7259 0 10
480 512 0 13
481 888 0 11
482 5140 0 7
483 404 0 29
484 3078 0 11
485 3131 0 15
486 5004 1 0
487 2863 0 11
488 3562 1 4
489 1098 0 54
490 535 0 42
491 3203 0 218
492 1847 0 12
493 1846 0 20
494 2476 0 58
495 356 0 20
496 563 0 14
497 660 0 24
498 846 0 8
499 1037 0 12
500 1172 0 11
501 251 0 11
502 242 0 31
503 5024 0 9
504 1149 0 29
505 623 0 11
506 1037 0 19
507 7952 0 7
508 1777 0 15
509 789 0 11
510 1390 1 0
511 1218 0 9
512 2820 0 10
513 3369 0 133
514 12201 0 8
515 1081 0 13
516 1396 0 11
517 1323 0 16
518 539 0 18
519 721 0 12
520 1417 0 28
521 644 0 9
522 16448 0 14
523 675 0 36
524 595 0 9
525 1592 0 8
526 2526 0 11
527 2909 0 7
528 8200 0 38
529 2010 0 29
530 5082 0 71
531 989 0 7
532 1941 0 41
533 2913 0 12
534 1972 0 12
535 3260 0 41
536 304 0 18
537 3204 0 18
538 1394 0 19
539 7336 0 13
540 1206 0 13
541 2880 0 152
542 2876 0 83
543 2017 0 311
544 1145 0 23
545 2428 0 84
546 2184 0 25
547 568 0 7
548 3243 0 23
549 760 0 7
550 5116 0 8
551 895 0 35
552 1075 0 9
553 5871 0 90
554 401 0 16
555 1985 0 11
556 3305 0 8
557 1089 0 55

4 0 507
3
558 364 0 27
559 911 0 10
560 303 0 13

5 0 524
130
561 331 1 20
562 2855 0 8
563 2816 0 7
564 1429 0 13
565 2187 0 76
566 7540 0 153
567 1538 0 11
568 12940 0 13
569 2019 0 618
570 807 0 10
571 5113 0 10
572 1415 0 17
573 2926 0 10
574 12232 0 146
575 2150 0 36
576 523 0 129
577 5137 0 9
578 966 0 99
579 7994 0 14
580 449 1 24
581 1513 0 75
582 1738 0 8
583 1516 0 7
584 1409 0 12
585 511 0 9
586 1079 0 29
587 650 0 267
588 9303 1 85
589 1983 0 122
590 1152 1 6
591 1983 0 13
592 405 0 10
593 1248 0 161
594 1288 0 13
595 1288 0 7
596 2038 0 11
597 2882 0 24
598 537 0 10
599 2267 0 78
600 410 0 13
601 489 1 0
602 3714 0 19
603 2776 0 162
604 332 0 12
605 762 0 70
606 6372 0 42
607 2584 0 10
608 2749 0 7
609 2379 0 13
610 1387 0 121
611 411 0 11
612 2948 0 27
613 643 0 52
614 1127 0 7
615 1223 0 19
616 3281 0 54
617 12203 0 7
618 12246 0 13
619 342 0 9
620 1285 0 41
621 1836 0 11
622 1986 1 266
623 2155 0 144
624 586 0 29
625 2878 0 17
626 1660 0 27
627 498 0 19
628 1537 0 11
629 1947 0 17
630 3306 0 9
631 1192 0 66
632 1243 0 7
633 1102 1 32
634 1384 0 40
635 169 0 19
636 317 0 33
637 218 0 7
638 1522 0 18
639 1315 0 172
640 2281 0 46
641 5043 0 372
642 3821 0 8
643 616 0 11
644 1067 0 13
645 918 0 202
646 489 0 34
647 1200 0 20
648 716 0 14
649 1084 0 22
650 3645 0 6
651 577 0 9
652 989 0 8
653 927 0 11
654 2185 0 12
655 2129 0 34
656 2843 0 12
657 5047 0 42
658 1388 0 70
659 1219 0 14
660 2940 0 12
661 1940 1 20
662 911 0 31
663 2535 0 19
664 6960 0 20
665 2502 0 11
666 1331 0 187
667 3232 0 9
668 682 0 202
669 1327 0 70
670 544 0 61
671 1738 0 8
672 1282 0 30
673 741 0 7
674 1952 0 71
675 7975 0 288
676 3109 0 76
677 638 0 10
678 754 0 7
679 2811 0 225
680 9312 0 19
681 5759 0 6
682 1962 0 7
683 1985 0 91
684 1326 0 14
685 1795 0 6
686 2117 0 10
687 2440 0 74
688 779 0 9
689 3373 1 13
690 955 0 69

6 0 539
1246
691 3199 0 16
692 224 0 19
693 191 0 18
694 3716 0 11
695 5774 0 17
696 675 0 22
697 10952 0 8
698 1394 0 13
699 913 1 0
700 2930 0 7
701 1287 0 10
702 3731 0 401
703 1419 0 48
704 450 1 0
705 1538 0 8
706 732 0 8
707 5722 0 14
708 12767 0 6
709 970 0 9
710 12232 0 108
711 797 0 10
712 1263 0 150
713 1627 0 19
714 3298 0 11
715 1175 0 92
716 1636 0 117
717 8011 0 11
718 427 0 12
719 2144 0 63
720 1111 0 186
721 3788 0 11
722 1037 0 10
723 912 0 10
724 428 0 12
725 5178 0 119
726 1992 0 11
727 1337 0 87
728 518 1 46
729 197 0 11
730 1327 0 8
731 877 0 78
732 46 0 105
733 2196 0 9
734 1320 0 124
735 1211 0 10
736 839 0 13
737 3223 0 40
738 1368 0 28
739 3918 0 29
740 973 0 9
741 1994 0 10
742 925 0 20
743 3217 0 10
744 1088 0 19
745 1329 0 25
746 1835 0 24
747 365 0 9
748 1 0 7
749 1982 0 83
750 921 0 10
751 7048 0 72
752 1358 0 16
753 1513 0 69
754 182 0 89
755 1059 0 9
756 3301 0 150
757 2947 0 14
758 1943 0 13
759 9998 0 14
760 12115 0 39
761 1089 1 0
762 1520 0 71
763 1307 0 9
764 392 0 14
765 684 0 18
766 426 0 81
767 1045 0 70
768 1606 0 91
769 602 0 14
770 340 0 56
771 11611 0 9
772 492 0 118
773 237 0 8
774 1513 0 68
775 1496 0 57
776 1709 0 28
777 2561 0 7
778 444 0 10
779 1504 0 37
780 1299 0 36
781 989 0 46
782 1420 0 7
783 542 0 59
784 989 0 11
785 1992 0 11
786 544 0 9
787 273 0 21
788 777 0 52
789 1875 0 32
790 1688 0 36
791 860 0 9
792 1574 0 46
793 1988 0 19
794 5074 0 59
795 2524 0 184
796 169 0 5
797 1413 0 13
798 971 0 21
799 480 0 12
800 8 0 13
801 2176 0 10
802 1516 0 28
803 922 0 18
804 642 0 12
805 515 0 9
806 1181 0 12
807 2292 0 23
808 634 0 74
809 1294 0 29
810 728 0 12
811 5114 0 10
812 1985 0 11
813 608 0 13
814 1827 0 9
815 1091 0 10
816 1162 0 9
817 1025 0 16
818 702 0 7
819 3316 0 11
820 1691 0 24
821 1425 0 33
822 1340 0 9
823 1240 0 13
824 622 0 23
825 951 0 9
826 2880 0 30
827 2914 0 10
828 1329 0 63
829 1991 1 43
830 5149 0 10
831 7626 0 38
832 1309 0 10
833 1940 0 34
834 1321 0 33
835 1165 0 28
836 2008 0 16
837 2410 1 595
838 3633 0 31
839 8839 0 10
840 2044 0 132
841 1696 0 67
842 1343 0 7
843 1421 0 155
844 456 0 9
845 1103 0 8
846 1171 0 48
847 754 0 16
848 1661 0 12
849 1002 0 11
850 2610 0 17
851 3216 0 77
852 1084 0 30
853 673 0 13
854 2924 0 17
855 3211 0 9
856 2993 0 47
857 2950 0 12
858 365 0 28
859 919 0 18
860 6915 0 221
861 633 0 7
862 1805 0 9
863 3750 0 10
864 2605 0 6
865 2872 0 32
866 12883 0 12
867 2491 0 8
868 10030 0 7
869 12424 0 10
870 6249 0 23
871 1143 0 8
872 410 0 23
873 354 0 41
874 565 0 20
875 3595 0 39
876 1316 0 9
877 7052 0 25
878 1252 0 29
879 407 0 9
880 1771 0 83
881 2017 0 12
882 187 0 10
883 1789 0 11
884 5047 0 7
885 2329 0 84
886 485 0 18
887 994 0 13
888 803 0 19
889 7401 0 69
890 3384 0 72
891 1972 1 0
892 919 0 11
893 2312 0 7
894 3307 0 14
895 1371 0 81
896 557 0 17
897 287 0 96
898 12443 0 9
899 2853 0 11
900 1172 0 53
901 5152 0 38
902 11615 0 11
903 3202 0 375
904 1138 0 8
905 2396 0 9
906 1125 0 9
907 789 0 45
908 736 0 60
909 1876 0 11
910 2619 0 10
911 1513 0 15
912 1971 0 80
913 2215 0 8
914 2227 0 12
915 1045 0 37
916 95 0 144
917 5037 1 365
918 753 0 13
919 1311 0 86
920 3208 0 52
921 2 0 67
922 1506 1 203
923 1059 0 43
924 553 0 22
925 11794 0 180
926 542 0 11
927 1134 0 8
928 427 0 9
929 1055 0 159
930 1982 0 9
931 931 1 0
932 483 0 232
933 223 0 9
934 2202 0 17
935 3344 0 75
936 3294 0 40
937 751 0 12
938 269 0 28
939 2523 0 7
940 708 0 11
941 6514 0 23
942 11512 0 72
943 850 0 13
944 1526 0 10
945 636 0 7
946 1402 0 35
947 1319 0 11
948 567 0 58
949 477 0 10
950 1896 0 12
951 1522 0 190
952 1431 0 17
953 2870 0 41
954 674 0 11
955 3198 1 0
956 799 0 64
957 2130 0 7
958 1829 0 7
959 1296 0 12
960 607 1 26
961 1977 0 6
962 2826 0 10
963 1103 0 13
964 2077 0 18
965 1850 0 9
966 345 0 79
967 1321 0 12
968 3789 0 22
969 12255 0 10
970 1926 0 9
971 1300 0 11
972 937 0 54
973 427 0 245
974 1510 0 7
975 168 0 9
976 3364 0 37
977 1710 0 9
978 585 0 46
979 12201 0 13
980 17379 0 12
981 6903 0 5
982 1237 0 6
983 989 0 21
984 266 0 9
985 1373 0 6
986 580 0 110
987 869 0 17
988 3296 0 150
989 3184 0 9
990 2092 0 11
991 806 0 12
992 765 0 10
993 7985 0 20
994 608 0 70
995 2074 0 41
996 1198 0 13
997 5115 0 10
998 1244 0 14
999 3170 0 7
1000 1154 0 12
1001 1351 0 13
1002 509 0 86
1003 1277 0 103
1004 548 0 64
1005 260 0 13
1006 3281 0 10
1007 1980 1 0
1008 736 1 0
1009 349 0 13
1010 863 0 9
1011 863 0 11
1012 993 0 9
1013 5014 0 16
1014 2065 0 54
1015 1237 0 18
1016 419 0 170
1017 868 0 7
1018 7952 0 8
1019 5102 0 17
1020 5016 0 69
1021 1977 0 74
1022 1977 1 16
1023 2924 0 52
1024 1954 0 19
1025 1645 0 8
1026 285 0 30
1027 1944 0 32
1028 2702 0 11
1029 1121 0 11
1030 683 0 9
1031 681 0 7
1032 1164 1 0
1033 12829 0 10
1034 2803 0 16
1035 335 0 8
1036 1007 0 17
1037 5136 0 8
1038 2150 0 19
1039 415 0 12
1040 239 0 16
1041 2496 0 37
1042 2593 0 39
1043 787 0 9
1044 636 0 13
1045 786 0 14
1046 3372 0 6
1047 6198 0 16
1048 7350 0 13
1049 1764 0 11
1050 3190 0 35
1051 1416 0 164
1052 1963 0 9
1053 3773 0 30
1054 1254 0 16
1055 726 0 8
1056 1942 0 21
1057 3363 0 10
1058 882 0 11
1059 1194 0 7
1060 1692 1 0
1061 2217 0 170
1062 13064 0 37
1063 1792 0 12
1064 3142 0 11
1065 2523 0 18
1066 5455 0 18
1067 729 0 11
1068 3379 0 142
1069 3372 1 400
1070 989 0 99
1071 2090 0 9
1072 6372 0 10
1073 2036 1 0
1074 2810 0 10
1075 624 0 7
1076 5030 0 9
1077 1817 0 9
1078 247 0 14
1079 543 0 14
1080 2568 0 23
1081 5116 0 59
1082 5002 0 77
1083 3282 0 13
1084 389 0 38
1085 1041 0 42
1086 958 0 14
1087 446 0 131
1088 553 0 78
1089 5828 0 26
1090 7783 0 112
1091 943 0 78
1092 2313 0 18
1093 777 0 616
1094 932 0 9
1095 8159 0 29
1096 351 0 0
1097 1176 0 8
1098 751 0 12
1099 783 0 191
1100 3638 0 10
1101 3374 0 82
1102 1341 0 264
1103 989 0 25
1104 386 0 10
1105 1193 1 0
1106 562 0 142
1107 1513 1 0
1108 553 0 52
1109 641 0 11
1110 1384 0 14
1111 7283 0 41
1112 1132 0 11
1113 828 0 8
1114 613 0 18
1115 893 0 7
1116 1821 0 37
1117 1349 0 42
1118 5087 1 0
1119 581 0 174
1120 9982 0 18
1121 1174 0 20
1122 3514 0 9
1123 2845 0 15
1124 1661 0 110
1125 2048 0 8
1126 1518 0 148
1127 5788 0 83
1128 1027 0 12
1129 2029 0 64
1130 859 0 40
1131 780 0 31
1132 7565 0 40
1133 417 0 8
1134 270 0 31
1135 1784 0 12
1136 6500 0 10
1137 1416 0 9
1138 10018 0 6
1139 2628 0 8
1140 938 0 12
1141 504 0 51
1142 1155 1 0
1143 1221 0 10
1144 514 1 100
1145 5071 0 12
1146 699 0 33
1147 2035 1 0
1148 1222 0 40
1149 1337 0 11
1150 3357 0 15
1151 7051 0 35
1152 989 0 38
1153 1413 0 80
1154 933 0 9
1155 1237 0 13
1156 454 0 12
1157 415 0 13
1158 2466 0 16
1159 8909 0 30
1160 647 0 7
1161 2496 0 18
1162 7722 0 51
1163 1352 0 7
1164 467 0 11
1165 1524 0 11
1166 1951 0 135
1167 3155 0 207
1168 3647 0 14
1169 533 0 9
1170 3282 0 29
1171 1696 0 80
1172 1470 0 8
1173 7693 0 19
1174 1520 0 13
1175 2768 0 11
1176 329 0 19
1177 1204 0 82
1178 639 0 9
1179 1228 0 7
1180 2417 1 16
1181 1665 0 145
1182 6366 0 313
1183 1356 0 26
1184 394 0 10
1185 171 0 41
1186 2919 0 22
1187 1175 0 8
1188 650 0 27
1189 1103 0 11
1190 1038 0 53
1191 181 0 214
1192 1248 0 21
1193 3169 0 16
1194 1279 0 39
1195 534 0 108
1196 959 0 136
1197 2922 0 3
1198 7539 0 51
1199 437 0 24
1200 945 0 6
1201 494 0 27
1202 1961 0 182
1203 654 0 13
1204 1769 0 12
1205 11606 0 75
1206 475 0 30
1207 5106 0 10
1208 1369 0 61
1209 2871 0 24
1210 1189 0 88
1211 5056 0 21
1212 5113 0 14
1213 964 0 9
1214 6448 0 35
1215 1509 0 7
1216 642 0 15
1217 1214 0 10
1218 1422 0 7
1219 674 0 33
1220 816 0 10
1221 1254 0 136
1222 3588 0 7
1223 1560 0 36
1224 1451 0 32
1225 1709 0 10
1226 2303 0 10
1227 440 0 11
1228 3271 0 114
1229 350 0 71
1230 1231 0 13
1231 578 0 70
1232 428 0 10
1233 1315 0 30
1234 463 0 88
1235 835 0 12
1236 163 0 21
1237 1318 0 40
1238 532 1 0
1239 542 1 20
1240 1178 0 11
1241 1203 0 18
1242 1429 0 0
1243 5144 0 12
1244 3585 0 11
1245 2789 1 0
1246 2311 0 10
1247 1504 0 42
1248 1455 0 13
1249 1615 0 9
1250 3326 0 10
1251 841 0 36
1252 745 0 6
1253 2806 0 6
1254 871 0 96
1255 5007 0 29
1256 2007 0 13
1257 2440 0 10
1258 2453 0 136
1259 413 1 485
1260 1289 0 68
1261 1042 0 27
1262 1383 0 17
1263 547 0 33
1264 2344 0 9
1265 1271 0 9
1266 685 0 34
1267 516 0 9
1268 781 0 24
1269 1364 0 24
1270 6182 0 82
1271 752 0 10
1272 5141 0 9
1273 698 1 0
1274 330 0 35
1275 288 0 44
1276 3244 0 183
1277 9987 0 27
1278 2100 0 80
1279 937 0 41
1280 2606 0 9
1281 922 0 10
1282 605 1 19
1283 202 0 23
1284 296 0 32
1285 3023 0 19
1286 3275 0 7
1287 722 0 11
1288 1259 0 8
1289 998 0 144
1290 403 0 28
1291 989 0 81
1292 3241 0 12
1293 1269 0 10
1294 12148 0 10
1295 6484 0 18
1296 648 0 10
1297 6734 0 9
1298 182 0 40
1299 1059 0 10
1300 3363 0 69
1301 6694 0 19
1302 2785 0 12
1303 3144 0 12
1304 965 0 95
1305 2564 0 11
1306 2557 0 11
1307 961 0 15
1308 1241 0 13
1309 992 0 14
1310 718 0 12
1311 577 0 22
1312 1081 0 16
1313 1410 0 16
1314 824 0 8
1315 943 0 37
1316 3859 0 98
1317 2911 0 9
1318 3380 0 7
1319 1693 0 13
1320 1530 0 10
1321 435 0 11
1322 778 0 14
1323 10581 0 12
1324 730 0 11
1325 7139 0 70
1326 1389 0 26
1327 667 0 11
1328 989 0 47
1329 7963 0 14
1330 1629 0 16
1331 6885 0 10
1332 919 0 43
1333 1678 0 11
1334 1081 1 20
1335 5051 0 16
1336 304 0 14
1337 3276 1 0
1338 2850 0 16
1339 980 0 67
1340 555 0 9
1341 370 0 34
1342 169 0 19
1343 171 0 144
1344 494 0 26
1345 6731 0 12
1346 171 0 3
1347 9254 0 53
1348 1094 0 10
1349 319 0 8
1350 1114 0 16
1351 2407 0 26
1352 1980 0 22
1353 605 0 14
1354 2541 0 12
1355 12901 0 139
1356 244 0 12
1357 659 0 12
1358 3375 0 18
1359 2868 0 11
1360 1367 0 19
1361 1972 0 33
1362 1247 0 18
1363 2973 0 26
1364 16477 0 10
1365 1421 0 44
1366 1295 0 9
1367 3304 0 42
1368 2345 0 145
1369 516 0 10
1370 191 0 9
1371 499 0 10
1372 2064 0 11
1373 1325 0 8
1374 3298 0 109
1375 840 0 8
1376 592 0 9
1377 1205 0 86
1378 2716 0 10
1379 2800 0 10
1380 2566 0 8
1381 712 0 63
1382 1370 1 51
1383 1136 0 9
1384 1036 0 12
1385 2289 0 170
1386 171 0 8
1387 1592 0 97
1388 5038 0 81
1389 1982 0 2
1390 2458 0 11
1391 1667 0 15
1392 11610 0 10
1393 1344 0 11
1394 989 0 15
1395 2913 0 11
1396 2854 0 11
1397 468 0 53
1398 1114 0 72
1399 2864 0 7
1400 1944 0 35
1401 1096 0 136
1402 515 0 13
1403 1046 0 17
1404 1004 0 12
1405 1113 0 9
1406 248 0 71
1407 527 0 10
1408 482 0 13
1409 797 0 46
1410 1241 0 37
1411 1218 0 9
1412 2794 0 18
1413 2432 0 8
1414 1225 0 163
1415 167 0 8
1416 1317 0 22
1417 2266 0 28
1418 1733 0 39
1419 3375 0 23
1420 433 0 12
1421 366 0 21
1422 482 0 17
1423 1505 0 10
1424 3206 0 18
1425 1089 0 13
1426 871 0 153
1427 2732 0 83
1428 558 0 14
1429 1963 0 9
1430 2142 0 9
1431 1099 0 7
1432 6731 0 29
1433 6113 0 11
1434 4354 0 11
1435 1711 0 80
1436 749 0 9
1437 1531 0 13
1438 2805 0 10
1439 17650 0 106
1440 859 0 11
1441 2917 0 25
1442 1939 0 10
1443 1734 0 19
1444 6127 0 128
1445 8414 0 11
1446 193 0 7
1447 313 0 11
1448 985 1 0
1449 5122 0 82
1450 5009 0 11
1451 1762 0 13
1452 1892 0 70
1453 1732 0 15
1454 1584 0 9
1455 1824 0 12
1456 1530 0 85
1457 873 0 27
1458 1150 1 20
1459 604 0 20
1460 1537 0 10
1461 3206 0 14
1462 1286 0 19
1463 994 0 11
1464 1299 0 10
1465 1110 0 9
1466 2402 0 11
1467 2473 1 0
1468 1075 0 57
1469 550 0 13
1470 3379 0 28
1471 723 0 7
1472 12232 0 13
1473 3246 0 42
1474 695 0 9
1475 504 0 19
1476 11882 0 10
1477 1708 0 7
1478 492 0 36
1479 281 0 401
1480 2454 0 22
1481 988 0 8
1482 560 0 293
1483 7944 0 39
1484 1529 0 7
1485 338 0 49
1486 1200 0 7
1487 1346 0 26
1488 772 0 37
1489 434 0 7
1490 1658 0 10
1491 1964 0 68
1492 2130 0 17
1493 2877 0 12
1494 2230 0 31
1495 687 0 39
1496 1064 0 218
1497 1266 0 11
1498 545 0 17
1499 17619 0 9
1500 3376 0 9
1501 466 0 10
1502 2808 0 30
1503 867 0 9
1504 420 0 30
1505 618 0 11
1506 1173 0 79
1507 1322 1 0
1508 3595 0 19
1509 246 0 19
1510 1964 0 33
1511 1947 0 15
1512 1309 0 10
1513 3408 0 8
1514 222 0 61
1515 709 0 17
1516 2944 0 8
1517 1410 0 13
1518 1389 0 10
1519 1513 0 13
1520 531 0 18
1521 688 0 9
1522 823 0 32
1523 1647 0 14
1524 9157 0 12
1525 3549 0 27
1526 609 0 134
1527 2261 0 11
1528 1286 0 3
1529 1090 0 11
1530 345 0 57
1531 564 0 22
1532 941 0 110
1533 717 0 13
1534 171 1 0
1535 653 0 9
1536 275 0 6
1537 813 0 13
1538 357 0 66
1539 2244 0 101
1540 1456 0 156
1541 1200 0 29
1542 921 0 16
1543 824 0 8
1544 1063 0 85
1545 806 0 17
1546 13018 0 10
1547 181 0 11
1548 989 0 39
1549 3335 0 11
1550 2980 0 39
1551 2622 0 19
1552 1307 0 78
1553 1208 0 21
1554 3569 0 129
1555 1970 0 114
1556 6920 0 67
1557 2738 0 9
1558 3146 0 9
1559 404 0 191
1560 1419 0 7
1561 6186 0 9
1562 2842 0 71
1563 1060 0 25
1564 2115 0 11
1565 300 0 8
1566 881 1 28
1567 1640 0 399
1568 910 0 14
1569 3312 0 8
1570 401 0 13
1571 1656 0 69
1572 3289 0 43
1573 541 0 612
1574 3695 0 27
1575 3484 0 33
1576 1516 0 43
1577 591 0 11
1578 518 0 20
1579 3263 0 9
1580 606 0 77
1581 3168 0 11
1582 2109 0 7
1583 2211 0 317
1584 1986 0 22
1585 1079 0 9
1586 3203 0 8
1587 17164 0 14
1588 611 0 101
1589 545 0 9
1590 1426 0 10
1591 198 0 9
1592 482 0 14
1593 332 0 16
1594 1521 0 215
1595 2048 0 205
1596 1029 0 9
1597 1429 0 63
1598 2908 0 23
1599 580 1 0
1600 1310 0 18
1601 1407 0 9
1602 2009 0 86
1603 18 0 17
1604 607 0 9
1605 433 0 11
1606 1287 0 7
1607 720 0 308
1608 813 0 104
1609 611 0 431
1610 2200 0 10
1611 1378 0 16
1612 245 0 8
1613 1426 0 11
1614 1802 0 29
1615 679 0 8
1616 5095 0 12
1617 16097 0 31
1618 371 0 89
1619 1190 0 37
1620 634 0 108
1621 5095 0 135
1622 629 1 21
1623 775 0 104
1624 1288 0 12
1625 2781 0 19
1626 1069 0 177
1627 3213 0 11
1628 1172 1 0
1629 941 0 12
1630 1869 0 13
1631 743 0 46
1632 1326 0 7
1633 1877 0 43
1634 3287 0 8
1635 1369 0 99
1636 910 0 9
1637 757 0 13
1638 1574 0 293
1639 1410 0 49
1640 1495 0 222
1641 698 0 13
1642 6749 0 15
1643 1321 0 23
1644 833 0 17
1645 1959 0 10
1646 310 0 124
1647 1574 0 8
1648 7051 0 8
1649 2779 0 9
1650 2214 0 11
1651 382 0 13
1652 717 0 13
1653 1140 0 11
1654 2030 1 0
1655 1144 0 10
1656 1156 0 11
1657 1718 0 38
1658 1232 0 8
1659 893 1 0
1660 1594 0 41
1661 268 0 35
1662 1420 0 67
1663 1955 0 7
1664 16881 0 25
1665 3096 0 151
1666 377 0 70
1667 1004 0 15
1668 422 0 10
1669 1014 0 11
1670 3270 0 10
1671 375 0 0
1672 1697 0 7
1673 260 0 9
1674 1262 0 76
1675 571 0 11
1676 828 0 10
1677 1030 0 13
1678 16044 0 8
1679 1060 0 10
1680 415 0 67
1681 1070 0 13
1682 532 0 13
1683 1943 0 306
1684 657 0 8
1685 432 0 57
1686 593 0 8
1687 710 0 12
1688 5348 0 11
1689 1820 0 8
1690 1874 0 12
1691 1940 0 37
1692 850 0 9
1693 1217 0 9
1694 485 0 77
1695 1080 0 10
1696 989 0 18
1697 941 0 2
1698 5023 0 11
1699 2235 0 98
1700 1372 0 14
1701 884 0 42
1702 178 0 233
1703 933 0 68
1704 2605 0 10
1705 1182 0 10
1706 2502 0 98
1707 1979 0 8
1708 769 0 301
1709 1946 0 15
1710 28 0 131
1711 393 0 9
1712 989 0 13
1713 1107 0 11
1714 2870 1 0
1715 1320 0 346
1716 6527 0 315
1717 1607 0 30
1718 1283 0 20
1719 1715 0 12
1720 2934 0 26
1721 382 0 11
1722 2870 0 13
1723 2086 0 21
1724 2729 0 10
1725 1960 0 41
1726 890 0 13
1727 1033 0 2
1728 1651 0 80
1729 539 0 8
1730 2748 0 39
1731 1178 0 6
1732 2336 0 14
1733 2933 0 12
1734 7509 0 77
1735 877 0 17
1736 949 0 54
1737 6372 0 25
1738 599 0 6
1739 706 0 16
1740 360 0 40
1741 5083 0 7
1742 1421 0 11
1743 1035 0 7
1744 199 0 62
1745 508 0 12
1746 1530 0 30
1747 413 0 8
1748 1001 0 16
1749 1962 0 31
1750 2867 0 11
1751 1022 0 20
1752 1223 0 23
1753 570 0 9
1754 1258 0 69
1755 9258 0 69
1756 813 0 8
1757 12237 0 8
1758 3213 0 106
1759 1388 0 72
1760 1417 0 23
1761 514 0 21
1762 2836 0 11
1763 1008 0 7
1764 1426 0 14
1765 3087 0 36
1766 6141 0 13
1767 857 0 7
1768 3349 0 100
1769 1011 0 8
1770 385 0 278
1771 1569 0 12
1772 1787 0 7
1773 2953 0 9
1774 3374 1 9
1775 2918 0 13
1776 422 0 31
1777 718 0 10
1778 916 0 100
1779 2359 0 28
1780 802 0 39
1781 1283 0 20
1782 5030 0 37
1783 1976 0 62
1784 3278 0 11
1785 1429 0 11
1786 1058 0 10
1787 1887 0 13
1788 668 0 79
1789 3306 0 11
1790 2906 0 10
1791 6708 0 34
1792 808 0 10
1793 8176 0 7
1794 2720 0 20
1795 745 0 18
1796 1051 0 112
1797 1286 0 98
1798 819 0 7
1799 2251 1 0
1800 1697 0 74
1801 829 0 59
1802 1910 0 8
1803 626 0 143
1804 963 0 181
1805 1962 0 41
1806 1420 0 34
1807 1698 0 9
1808 1364 0 10
1809 16929 0 32
1810 602 0 28
1811 2079 0 12
1812 202 0 24
1813 13125 0 92
1814 991 0 19
1815 5025 0 38
1816 295 0 19
1817 16586 0 73
1818 2817 0 11
1819 993 0 12
1820 755 0 12
1821 1357 0 10
1822 1396 0 276
1823 2768 0 49
1824 1876 0 284
1825 1337 0 353
1826 3163 0 7
1827 1199 0 21
1828 2361 0 10
1829 2167 0 8
1830 2235 0 11
1831 1561 0 11
1832 2420 0 7
1833 3331 0 52
1834 956 0 11
1835 409 0 31
1836 1650 0 11
1837 779 0 7
1838 1001 0 11
1839 1989 0 11
1840 404 0 12
1841 1331 0 43
1842 305 0 73
1843 1988 0 13
1844 478 0 109
1845 449 0 55
1846 585 0 8
1847 1817 0 12
1848 1152 0 28
1849 1284 0 8
1850 3799 0 14
1851 3001 0 19
1852 965 0 9
1853 944 0 83
1854 1960 0 42
1855 3373 0 13
1856 6954 0 98
1857 502 0 7
1858 1208 0 26
1859 778 0 15
1860 2702 0 48
1861 1856 0 13
1862 2094 0 14
1863 250 0 7
1864 2260 0 15
1865 748 0 15
1866 1513 0 11
1867 1157 0 7
1868 9892 0 136
1869 2877 0 10
1870 1874 0 158
1871 1151 0 12
1872 205 0 6
1873 809 0 9
1874 196 0 32
1875 1507 0 28
1876 8886 0 10
1877 1162 0 7
1878 8914 0 11
1879 945 0 7
1880 996 0 294
1881 955 0 10
1882 3586 0 43
1883 5148 0 125
1884 3135 0 67
1885 1198 0 30
1886 1324 0 133
1887 2154 0 189
1888 1407 0 9
1889 3517 0 7
1890 1212 0 9
1891 3538 1 0
1892 2234 0 13
1893 485 0 77
1894 531 0 27
1895 3172 0 11
1896 1409 0 14
1897 333 0 37
1898 3220 1 316
1899 1091 0 11
1900 2794 0 12
1901 1104 0 13
1902 6731 0 10
1903 1138 0 150
1904 2133 0 50
1905 2867 0 8
1906 643 0 32
1907 893 0 11
1908 1422 0 14
1909 3337 0 239
1910 1537 0 10
1911 2105 0 68
1912 1864 0 37
1913 1383 0 27
1914 382 0 19
1915 2000 0 11
1916 867 0 75
1917 455 0 85
1918 7291 0 8
1919 721 1 0
1920 1416 0 11
1921 580 0 7
1922 1958 0 48
1923 667 0 136
1924 1412 0 28
1925 696 0 38
1926 625 0 16
1927 581 0 10
1928 1397 0 45
1929 3278 0 63
1930 1513 0 17
1931 834 0 12
1932 2829 0 165
1933 995 0 3
1934 6955 0 9
1935 1550 0 38
1936 1209 0 21

7 1 682
1
1937 439 0 12

8 1 692
109
1938 605 0 9
1939 1895 0 8
1940 1412 0 12
1941 9312 0 10
1942 1215 0 41
1943 2743 0 7
1944 1041 0 47
1945 783 0 14
1946 1176 0 33
1947 2519 0 12
1948 1415 1 0
1949 5145 0 169
1950 568 0 16
1951 1293 0 11
1952 1852 0 11
1953 1353 0 14
1954 1858 0 87
1955 2991 0 11
1956 3300 0 11
1957 1504 0 144
1958 463 0 23
1959 6840 0 10
1960 311 1 0
1961 202 0 8
1962 1516 0 8
1963 2120 0 13
1964 1513 0 13
1965 7253 0 140
1966 1014 0 16
1967 3671 0 87
1968 1851 0 54
1969 2791 0 59
1970 1424 0 11
1971 3263 0 11
1972 1417 0 18
1973 1329 0 11
1974 175 0 174
1975 2228 0 11
1976 719 0 7
1977 3362 0 11
1978 1933 0 10
1979 1956 0 35
1980 6365 0 50
1981 420 0 34
1982 1974 0 11
1983 2000 1 0
1984 1137 0 10
1985 1970 0 16
1986 1456 0 23
1987 2061 0 18
1988 458 0 11
1989 9478 0 88
1990 1946 0 52
1991 1986 0 68
1992 5986 0 7
1993 982 0 11
1994 389 0 60
1995 653 0 20
1996 14897 0 14
1997 1393 0 16
1998 1537 0 35
1999 3182 0 110
2000 2254 0 23
2001 359 0 53
2002 917 0 10
2003 1585 0 9
2004 17432 0 11
2005 2153 0 8
2006 2023 0 23
2007 362 0 34
2008 7658 0 43
2009 912 0 112
2010 740 0 13
2011 1041 1 0
2012 2330 0 8
2013 720 0 13
2014 11796 1 68
2015 6140 0 20
2016 1289 1 473
2017 1628 0 126
2018 2879 0 16
2019 1040 1 0
2020 1179 0 8
2021 987 0 11
2022 1506 1 196
2023 1533 0 10
2024 464 0 37
2025 7292 0 67
2026 807 0 10
2027 3391 0 7
2028 6185 0 11
2029 1168 0 31
2030 11 0 106
2031 1200 0 206
2032 3513 0 11
2033 937 0 13
2034 1474 0 28
2035 2904 0 66
2036 952 0 14
2037 1698 0 10
2038 989 0 36
2039 1973 0 141
2040 528 0 9
2041 1059 0 14
2042 967 0 38
2043 2405 0 12
2044 1513 0 176
2045 2932 0 43
2046 2046 0 12

9 1 717
48
2047 3139 0 7
2048 3440 0 154
2049 319 0 39
2050 1899 0 13
2051 2049 0 37
2052 7186 0 53
2053 915 0 11
2054 989 0 10
2055 4512 0 7
2056 9303 0 9
2057 3164 0 37
2058 1191 0 9
2059 1725 0 55
2060 451 1 28
2061 259 0 11
2062 1963 0 39
2063 2711 0 24
2064 6857 0 11
2065 391 0 34
2066 2891 0 9
2067 583 0 11
2068 742 0 9
2069 1202 0 30
2070 1989 0 12
2071 563 0 10
2072 411 0 11
2073 1123 0 9
2074 806 0 7
2075 2423 0 43
2076 1977 0 14
2077 163 0 18
2078 1984 0 28
2079 12854 0 218
2080 10855 0 50
2081 1142 0 19
2082 494 0 11
2083 8886 0 7
2084 1185 0 2
2085 715 0 97
2086 1036 0 12
2087 3223 0 53
2088 1397 0 8
2089 1972 0 41
2090 1163 0 16
2091 250 0 16
2092 1284 0 128
2093 1282 0 11
2094 7543 0 76

