20

0 1 247
8
0 994 0 9
1 472 0 8
2 798 0 10
3 1365 0 10
4 1654 0 19
5 13568 0 9
6 5086 0 61
7 12 0 13

1 1 286
29
8 5019 0 75
9 3219 0 40
10 3194 0 10
11 5156 0 249
12 3308 0 44
13 1059 0 56
14 3331 0 13
15 2443 0 9
16 549 0 117
17 5155 0 234
18 179 0 12
19 640 0 29
20 8353 0 11
21 2543 0 9
22 3300 0 79
23 1957 0 57
24 875 0 15
25 1396 0 9
26 2270 0 11
27 928 0 15
28 2483 0 19
29 3274 0 14
30 5155 0 59
31 1216 0 7
32 1080 0 20
33 3185 0 19
34 3203 0 30
35 17609 0 12
36 1041 0 70

2 1 290
25
37 633 0 45
38 5091 0 214
39 1857 0 17
40 3377 0 9
41 302 0 67
42 805 0 46
43 1962 1 8
44 1944 0 9
45 2557 0 27
46 2909 0 10
47 431 0 8
48 492 0 24
49 3337 0 14
50 2138 0 28
51 698 0 8
52 683 0 29
53 563 0 140
54 5100 0 10
55 2759 0 33
56 619 0 21
57 869 0 11
58 2197 0 87
59 1377 0 9
60 422 0 15
61 3590 0 71

3 1 691
9
62 471 0 46
63 533 0 35
64 1988 0 10
65 1407 0 8
66 642 0 11
67 2786 0 68
68 833 0 19
69 1345 0 42
70 3927 0 24

4 1 714
5
71 1511 0 11
72 3276 0 133
73 5035 0 13
74 1506 0 10
75 2056 0 9

5 1 972
25
76 900 0 40
77 14374 0 49
78 1950 0 9
79 714 0 14
80 13598 0 13
81 1914 0 15
82 454 0 7
83 1008 0 144
84 872 0 9
85 5001 0 8
86 2569 0 11
87 2781 0 389
88 833 0 228
89 5070 1 0
90 443 0 11
91 1586 0 139
92 17619 0 13
93 1678 0 10
94 1292 0 14
95 1513 0 9
96 3351 0 12
97 492 0 63
98 1233 0 145
99 1746 0 113
100 1251 0 17

6 1 988
52
101 1318 0 6
102 3260 0 28
103 440 0 11
104 472 1 41
105 1423 0 7
106 2949 0 12
107 807 0 18
108 1538 1 597
109 198 0 147
110 1431 0 114
111 177 1 400
112 2019 0 11
113 3303 0 11
114 984 0 53
115 1424 0 94
116 665 0 9
117 1420 0 124
118 911 0 22
119 6176 0 9
120 1887 0 56
121 974 1 21
122 856 0 12
123 598 0 7
124 1950 1 9
125 891 0 73
126 1885 0 84
127 1409 0 13
128 1752 0 15
129 574 0 11
130 1318 0 13
131 487 0 11
132 1308 0 122
133 990 0 32
134 6729 0 40
135 471 0 11
136 1099 0 81
137 955 0 10
138 2430 0 10
139 2193 0 9
140 2448 0 71
141 1176 0 38
142 556 0 35
143 307 0 52
144 679 1 19
145 1973 0 11
146 640 0 25
147 717 0 8
148 11604 0 13
149 1985 0 27
150 1181 0 149
151 843 0 108
152 2811 0 10

7 1 1009
1254
153 840 0 8
154 837 0 16
155 1873 0 212
156 6723 0 149
157 8191 0 11
158 2679 0 12
159 1511 0 198
160 587 0 8
161 503 0 11
162 1951 0 149
163 852 0 13
164 1538 0 8
165 716 0 31
166 546 0 44
167 556 0 11
168 1024 0 7
169 732 0 80
170 1725 0 12
171 24 0 278
172 1767 0 13
173 5070 0 9
174 1226 0 34
175 1888 0 7
176 3444 0 11
177 5119 0 8
178 2573 0 20
179 864 0 28
180 609 0 75
181 3239 0 11
182 507 0 19
183 2007 0 9
184 1949 0 11
185 2033 0 161
186 786 0 7
187 977 0 188
188 1082 0 44
189 2555 0 11
190 10400 0 145
191 1388 0 12
192 970 0 7
193 239 0 12
194 1214 0 7
195 1055 0 111
196 1299 0 20
197 1431 0 6
198 3183 0 9
199 1029 0 31
200 3316 0 10
201 1080 0 12
202 1335 0 38
203 437 0 10
204 1407 0 11
205 1147 0 139
206 1530 0 38
207 933 1 37
208 7403 0 11
209 805 0 32
210 1394 0 11
211 1175 0 183
212 1421 0 34
213 171 0 18
214 1530 0 11
215 14140 0 8
216 5100 0 14
217 1803 0 9
218 1893 0 25
219 17487 0 47
220 178 0 119
221 1198 0 17
222 485 0 11
223 2871 0 9
224 1259 1 16
225 2824 0 10
226 893 0 28
227 13011 0 35
228 1140 0 8
229 5122 0 16
230 2489 0 10
231 1520 0 45
232 3149 0 51
233 9986 0 41
234 3235 0 80
235 534 0 128
236 170 0 34
237 503 0 26
238 3191 0 11
239 2873 0 58
240 1526 0 52
241 1381 0 182
242 962 0 20
243 3000 0 25
244 1939 0 38
245 1385 0 16
246 1472 0 68
247 953 0 11
248 472 1 16
249 2883 0 97
250 679 0 18
251 980 0 9
252 944 0 9
253 2251 0 11
254 3375 0 78
255 582 0 47
256 5992 0 50
257 648 0 9
258 2140 0 18
259 1245 0 7
260 969 0 31
261 3245 0 770
262 5048 0 13
263 1144 0 14
264 189 0 8
265 645 0 13
266 781 0 13
267 3745 0 11
268 621 0 7
269 1142 0 10
270 3237 0 142
271 1035 0 10
272 1418 0 10
273 1998 0 93
274 3656 0 10
275 1063 0 71
276 1244 0 10
277 6173 1 0
278 3177 0 7
279 1178 0 8
280 867 0 26
281 3697 0 9
282 1938 0 10
283 7856 0 16
284 3202 0 16
285 357 0 11
286 403 0 47
287 705 0 13
288 775 0 8
289 1316 0 7
290 2782 0 11
291 2228 0 10
292 1193 0 43
293 5132 0 11
294 6152 0 13
295 6732 0 10
296 1317 0 132
297 946 0 44
298 1880 0 10
299 2021 0 36
300 4155 0 60
301 4304 0 12
302 1213 0 10
303 1349 0 9
304 720 0 78
305 1205 1 0
306 1524 0 8
307 7676 0 71
308 1504 0 14
309 944 0 29
310 1701 0 8
311 2178 0 12
312 326 0 19
313 1422 0 18
314 491 0 11
315 1344 0 8
316 2859 0 31
317 5037 0 34
318 1398 0 131
319 1068 0 29
320 3377 0 42
321 821 0 85
322 345 0 9
323 3242 0 16
324 1981 0 326
325 480 0 82
326 1375 0 220
327 2343 0 13
328 1681 0 53
329 1418 0 33
330 3233 0 31
331 2830 0 36
332 1431 0 26
333 697 0 32
334 1143 0 11
335 1530 0 62
336 3361 1 6
337 910 0 42
338 3160 0 11
339 743 0 17
340 645 1 0
341 190 0 0
342 1326 0 36
343 480 0 144
344 2717 0 10
345 1536 0 11
346 919 0 13
347 743 0 75
348 1144 1 0
349 5160 0 13
350 3363 0 12
351 591 0 11
352 434 0 11
353 877 0 7
354 1709 0 67
355 6838 0 17
356 1513 0 213
357 17619 0 17
358 897 0 11
359 550 0 11
360 11757 0 9
361 1032 0 10
362 2109 0 82
363 1957 0 17
364 2984 0 11
365 2818 0 49
366 5950 0 10
367 1702 0 6
368 888 0 22
369 5044 0 8
370 3198 0 73
371 965 0 19
372 481 0 108
373 7401 0 11
374 12519 0 19
375 1919 0 19
376 7674 0 156
377 3931 0 10
378 1295 0 13
379 643 1 27
380 661 0 23
381 2875 0 89
382 2946 0 82
383 225 0 9
384 1965 0 13
385 917 0 7
386 1535 0 30
387 2797 0 8
388 195 0 20
389 3156 0 9
390 416 0 13
391 1513 0 11
392 776 0 79
393 1123 0 20
394 637 0 12
395 199 0 19
396 3602 0 94
397 1132 0 8
398 1535 0 10
399 924 0 5
400 1105 0 49
401 795 0 189
402 1259 0 13
403 227 0 32
404 2299 0 9
405 496 0 2
406 942 0 52
407 1238 0 1
408 5062 0 17
409 1101 0 9
410 3693 0 20
411 1529 0 55
412 1499 0 12
413 313 0 8
414 2503 0 7
415 2507 0 22
416 2154 0 122
417 1849 0 11
418 1506 0 176
419 546 0 38
420 5957 0 0
421 777 0 38
422 1318 0 12
423 1408 0 13
424 1153 0 10
425 795 0 16
426 1945 0 14
427 2047 0 11
428 1167 0 11
429 3362 0 31
430 336 0 135
431 554 0 13
432 686 0 47
433 7273 0 8
434 264 0 7
435 711 0 13
436 1279 0 83
437 1381 0 11
438 324 0 119
439 3152 0 10
440 227 0 8
441 3378 0 29
442 1989 0 8
443 603 0 57
444 671 0 46
445 1021 0 30
446 1142 0 9
447 5096 0 107
448 1227 0 272
449 569 0 133
450 5000 0 19
451 2987 0 11
452 1004 0 13
453 710 0 25
454 1008 0 172
455 1961 0 10
456 278 0 5
457 1049 0 25
458 812 0 12
459 1048 0 36
460 577 0 13
461 1073 0 13
462 3378 0 14
463 6472 0 143
464 577 0 29
465 1621 0 102
466 1030 0 10
467 5001 0 33
468 1753 0 10
469 2155 0 12
470 3379 0 35
471 679 0 59
472 580 0 13
473 1559 0 9
474 528 0 10
475 3163 0 63
476 3377 0 13
477 488 0 164
478 2109 0 137
479 1998 0 294
480 1341 0 11
481 1251 0 18
482 823 0 8
483 7176 0 208
484 2918 0 16
485 471 0 9
486 1484 0 10
487 668 0 10
488 2323 0 8
489 1153 0 7
490 524 0 11
491 501 0 308
492 2043 0 15
493 2326 0 11
494 2421 0 6
495 613 0 36
496 707 0 14
497 1222 0 77
498 7183 0 17
499 511 0 107
500 1697 0 11
501 947 0 20
502 1511 0 12
503 475 0 9
504 370 0 26
505 2680 0 12
506 2148 0 9
507 726 0 12
508 5109 0 21
509 774 0 24
510 3298 0 13
511 403 0 18
512 255 0 56
513 1597 0 12
514 951 0 34
515 914 0 10
516 3156 0 11
517 924 0 52
518 1508 0 38
519 3268 0 9
520 1967 0 13
521 2141 0 9
522 3093 0 9
523 422 0 7
524 287 0 13
525 3080 0 90
526 2933 0 8
527 1094 0 148
528 3328 0 35
529 921 0 96
530 2475 0 46
531 1506 0 10
532 918 0 22
533 930 0 11
534 3343 0 11
535 1506 0 27
536 1260 0 39
537 2883 0 10
538 2524 0 3
539 265 0 66
540 725 0 76
541 1984 0 26
542 906 0 29
543 728 0 13
544 3642 0 19
545 204 0 37
546 646 0 22
547 1072 0 106
548 1458 0 9
549 1162 0 41
550 1333 0 11
551 3002 0 13
552 2162 0 39
553 957 0 19
554 17 0 79
555 1061 0 107
556 1118 0 13
557 555 0 11
558 1511 0 13
559 206 0 29
560 1571 0 11
561 3784 0 11
562 1246 0 14
563 16413 0 131
564 1664 0 17
565 862 0 13
566 434 0 14
567 1586 0 11
568 581 0 10
569 6258 0 9
570 61 0 8
571 637 0 75
572 2830 0 119
573 3187 0 27
574 3142 0 68
575 1260 0 39
576 3328 0 616
577 850 0 459
578 1282 0 19
579 1054 0 8
580 437 1 47
581 2398 0 6
582 1530 0 64
583 2971 0 68
584 7048 0 9
585 1230 0 18
586 2925 0 10
587 6212 0 141
588 17336 0 18
589 1363 0 38
590 17489 0 11
591 1022 0 91
592 16277 0 10
593 1878 0 12
594 6176 0 10
595 3488 0 38
596 8920 0 98
597 1127 0 106
598 3103 0 37
599 641 0 3
600 608 0 148
601 3498 0 8
602 6894 0 43
603 435 0 9
604 726 0 8
605 5086 0 14
606 197 0 246
607 16174 0 122
608 133 0 19
609 814 0 57
610 802 0 10
611 2250 0 12
612 1591 0 53
613 1524 0 83
614 1274 0 11
615 2864 0 8
616 2319 0 32
617 810 0 35
618 2847 0 11
619 727 0 33
620 2163 0 12
621 1401 0 26
622 2918 0 11
623 1370 0 9
624 1201 0 10
625 321 0 9
626 2543 0 11
627 2604 0 57
628 2474 0 10
629 1898 1 60
630 1430 0 89
631 7390 0 73
632 6204 0 15
633 535 0 11
634 2857 0 9
635 416 0 9
636 654 0 3
637 1851 0 3
638 3671 0 10
639 1823 0 54
640 265 0 157
641 12669 0 35
642 658 0 10
643 1013 0 7
644 627 1 0
645 1973 0 9
646 1711 0 70
647 3371 0 10
648 2046 1 26
649 1171 0 20
650 3177 0 27
651 5612 0 12
652 613 0 9
653 475 0 22
654 3437 0 23
655 772 0 22
656 599 0 67
657 1352 0 21
658 1218 0 13
659 3260 0 10
660 5152 0 20
661 2364 0 7
662 807 0 103
663 2093 0 11
664 865 0 71
665 571 0 11
666 11603 0 11
667 2928 0 47
668 868 0 15
669 198 0 164
670 1676 0 16
671 747 0 49
672 618 0 62
673 1404 1 0
674 12237 0 12
675 3366 0 19
676 1053 0 9
677 2149 0 77
678 1263 0 43
679 2935 0 8
680 1074 0 15
681 924 0 10
682 194 0 12
683 5064 0 10
684 358 0 11
685 237 0 40
686 275 0 41
687 370 0 7
688 3325 1 0
689 8356 0 8
690 236 0 83
691 6095 0 54
692 1860 0 11
693 633 0 12
694 976 0 11
695 892 0 70
696 410 0 83
697 5104 0 14
698 3374 0 24
699 822 0 11
700 3268 0 15
701 3372 0 9
702 735 0 9
703 2783 1 10
704 3934 0 21
705 1620 0 18
706 2363 0 99
707 1092 0 7
708 1181 0 9
709 787 0 77
710 3612 0 60
711 171 0 29
712 672 0 13
713 1289 0 73
714 253 0 24
715 650 0 41
716 6252 0 34
717 2817 0 130
718 1435 1 0
719 1214 0 24
720 2907 0 233
721 407 0 12
722 1185 0 11
723 503 0 89
724 7857 0 59
725 8191 0 20
726 2150 0 8
727 3181 0 9
728 1476 1 265
729 1895 0 8
730 1003 0 6
731 1675 0 161
732 1971 0 37
733 928 0 13
734 7409 0 17
735 1328 0 13
736 1529 0 132
737 1695 0 17
738 108 0 20
739 1011 0 12
740 6728 0 8
741 2521 0 19
742 923 0 11
743 1732 0 17
744 1029 0 48
745 1003 0 59
746 680 0 153
747 1101 0 39
748 770 0 15
749 1205 0 17
750 626 0 6
751 3157 0 91
752 2268 0 13
753 328 0 5
754 1971 0 56
755 1221 0 13
756 1513 0 10
757 326 0 14
758 1961 0 24
759 1361 0 29
760 302 0 130
761 2733 0 25
762 705 0 10
763 590 0 8
764 892 1 29
765 448 0 11
766 1530 0 10
767 3219 0 72
768 579 0 41
769 2982 0 10
770 361 1 400
771 3501 1 17
772 1513 0 10
773 391 0 2
774 938 0 7
775 1066 0 9
776 600 0 20
777 12408 0 11
778 696 0 7
779 989 0 13
780 3228 0 13
781 3770 0 70
782 1528 0 21
783 1204 0 10
784 1973 0 14
785 964 0 11
786 1041 0 32
787 277 0 8
788 2825 0 11
789 904 0 97
790 1002 0 8
791 828 0 12
792 774 0 54
793 488 0 8
794 2935 0 12
795 1986 0 17
796 1983 0 8
797 586 0 7
798 2772 0 9
799 1002 0 295
800 755 0 213
801 3273 1 0
802 1079 0 71
803 2832 0 11
804 1169 0 112
805 989 0 12
806 901 0 84
807 1238 0 8
808 3749 0 17
809 1972 0 37
810 1946 0 27
811 1334 0 96
812 662 0 11
813 932 0 11
814 1263 0 16
815 1406 0 65
816 2379 0 9
817 1226 0 10
818 1993 0 11
819 996 0 67
820 3343 0 7
821 784 0 127
822 572 0 13
823 2847 1 0
824 7575 0 209
825 485 0 7
826 928 0 2
827 1990 0 38
828 6155 0 14
829 3143 0 84
830 3008 0 12
831 2029 0 52
832 1250 0 617
833 1944 0 10
834 7585 0 30
835 1530 0 9
836 714 0 38
837 5031 0 34
838 344 0 14
839 1974 0 8
840 818 0 10
841 631 0 66
842 1254 0 82
843 474 0 6
844 16504 0 9
845 3329 0 40
846 410 1 93
847 8191 0 10
848 533 0 9
849 488 0 11
850 9979 0 169
851 1338 0 7
852 525 0 9
853 750 0 137
854 1670 0 10
855 9982 0 8
856 1082 0 15
857 3573 0 11
858 1876 0 10
859 3298 0 11
860 978 0 36
861 6676 0 81
862 1573 0 10
863 653 0 10
864 171 0 36
865 2514 0 10
866 485 0 71
867 637 0 11
868 6448 0 221
869 734 0 38
870 1091 0 68
871 1984 0 10
872 2862 0 66
873 219 0 13
874 1420 0 8
875 799 0 12
876 447 0 9
877 488 0 8
878 3369 0 6
879 1949 0 7
880 1519 0 21
881 903 0 13
882 13548 0 8
883 5024 0 7
884 3340 0 46
885 200 0 7
886 5003 0 113
887 1400 0 10
888 442 0 52
889 165 1 134
890 3379 0 13
891 194 0 19
892 400 0 30
893 3960 0 7
894 1775 0 13
895 659 0 24
896 2923 0 14
897 2835 0 72
898 775 0 13
899 3323 0 13
900 189 0 50
901 1040 0 12
902 6865 0 10
903 2077 0 48
904 1104 0 13
905 1188 0 12
906 1005 0 12
907 609 0 10
908 11610 0 368
909 2280 0 339
910 1930 0 11
911 5796 0 11
912 548 0 11
913 5089 0 72
914 1518 0 9
915 506 0 13
916 5139 0 41
917 1500 0 10
918 1992 0 38
919 1263 0 109
920 1298 0 69
921 989 0 8
922 6876 0 10
923 1340 0 13
924 5047 1 0
925 8301 0 11
926 2570 0 9
927 1524 0 68
928 3253 0 11
929 1902 0 46
930 1084 0 10
931 889 0 106
932 1037 0 8
933 526 0 12
934 6366 0 145
935 2897 0 11
936 993 0 126
937 882 0 13
938 585 0 10
939 801 1 473
940 1357 0 12
941 3014 0 11
942 1250 0 38
943 1586 0 30
944 1518 0 9
945 953 0 15
946 1034 0 30
947 1954 0 101
948 2622 0 20
949 3195 0 20
950 3249 0 39
951 590 0 11
952 1347 0 32
953 1327 0 43
954 620 0 22
955 494 0 8
956 2472 0 10
957 2797 0 10
958 1242 0 13
959 172 0 14
960 1064 0 8
961 307 0 11
962 1023 0 33
963 2879 0 14
964 625 0 144
965 2653 0 9
966 1519 0 37
967 233 0 161
968 3247 0 48
969 963 0 8
970 5125 0 36
971 3072 0 63
972 2259 0 41
973 7472 0 18
974 2838 0 52
975 324 0 9
976 7314 0 79
977 6361 0 9
978 1750 0 8
979 2208 0 223
980 16145 0 10
981 1292 0 9
982 1392 0 14
983 1892 0 8
984 1415 0 13
985 1217 0 13
986 517 0 6
987 3375 0 22
988 1954 0 9
989 975 0 27
990 3149 0 9
991 503 0 20
992 1400 0 136
993 793 0 11
994 12857 0 9
995 7406 0 13
996 2578 0 13
997 1029 0 8
998 661 0 79
999 791 0 3
1000 1173 0 11
1001 1538 0 27
1002 859 0 10
1003 3303 0 11
1004 1526 0 172
1005 2850 0 8
1006 14923 0 32
1007 12796 0 82
1008 559 0 30
1009 712 0 45
1010 1282 0 6
1011 2593 0 72
1012 1277 0 14
1013 11082 0 12
1014 1340 0 18
1015 939 0 55
1016 425 0 66
1017 1975 0 9
1018 331 0 72
1019 1744 0 9
1020 989 0 19
1021 2819 0 208
1022 908 0 51
1023 893 0 8
1024 845 0 152
1025 7389 0 14
1026 6179 0 13
1027 756 0 7
1028 2567 0 47
1029 507 0 19
1030 1967 0 16
1031 348 0 52
1032 939 0 137
1033 1783 0 12
1034 1202 1 0
1035 1044 0 9
1036 2783 0 9
1037 393 0 44
1038 1421 0 8
1039 5028 0 18
1040 2161 0 7
1041 5051 0 146
1042 3351 0 16
1043 489 0 128
1044 279 0 98
1045 1219 0 31
1046 817 0 7
1047 5076 0 11
1048 8829 0 9
1049 2886 0 159
1050 1994 0 43
1051 5053 0 13
1052 414 0 33
1053 1042 0 38
1054 6191 0 87
1055 1380 0 60
1056 5060 0 63
1057 1168 0 13
1058 730 0 17
1059 1145 0 11
1060 1497 0 13
1061 827 0 17
1062 965 0 14
1063 1255 0 9
1064 1942 0 27
1065 3208 0 54
1066 1325 0 33
1067 327 0 118
1068 4165 0 12
1069 648 0 129
1070 2488 0 8
1071 1388 0 14
1072 598 0 71
1073 3262 0 23
1074 7410 0 73
1075 1125 0 27
1076 198 1 0
1077 1024 0 10
1078 6746 0 12
1079 1406 0 8
1080 1518 0 23
1081 1900 0 11
1082 937 0 24
1083 1554 0 33
1084 287 0 53
1085 3377 0 33
1086 820 0 73
1087 1188 0 124
1088 1460 0 12
1089 1384 0 31
1090 832 0 8
1091 760 0 60
1092 2770 0 12
1093 989 0 12
1094 1046 0 9
1095 1186 0 14
1096 1982 0 9
1097 281 0 8
1098 5118 0 39
1099 1140 0 41
1100 3252 0 98
1101 1234 0 12
1102 2249 0 12
1103 1716 0 91
1104 574 0 44
1105 1323 0 7
1106 650 0 11
1107 2813 0 36
1108 1595 0 30
1109 264 0 110
1110 1106 0 9
1111 3739 0 8
1112 740 0 13
1113 3309 1 40
1114 6143 0 30
1115 1213 0 19
1116 3376 0 247
1117 563 0 10
1118 591 0 7
1119 2832 1 517
1120 595 0 26
1121 1121 0 13
1122 251 0 24
1123 2920 0 13
1124 5036 0 13
1125 1592 0 11
1126 1518 0 7
1127 715 0 8
1128 2393 0 9
1129 5071 0 31
1130 1112 0 12
1131 1941 0 11
1132 7468 0 10
1133 1965 0 11
1134 1429 0 13
1135 2813 0 70
1136 1212 0 22
1137 1622 0 7
1138 229 0 112
1139 994 1 0
1140 618 0 150
1141 1568 0 10
1142 412 0 36
1143 1376 0 43
1144 1987 0 21
1145 3199 0 12
1146 2206 0 31
1147 231 0 7
1148 2722 1 0
1149 1053 0 32
1150 709 1 102
1151 1538 0 69
1152 3020 0 96
1153 3248 0 12
1154 1691 0 29
1155 1346 0 8
1156 2627 0 10
1157 2653 0 106
1158 1438 0 28
1159 449 0 10
1160 1506 0 22
1161 876 0 14
1162 7382 0 174
1163 1970 0 19
1164 1812 0 38
1165 1538 0 206
1166 6742 0 2
1167 1516 0 22
1168 448 0 41
1169 321 0 13
1170 277 0 69
1171 515 1 0
1172 2428 0 8
1173 838 0 45
1174 759 0 59
1175 353 0 138
1176 2875 0 22
1177 1942 0 10
1178 1513 0 10
1179 1965 0 13
1180 1043 0 8
1181 1418 0 11
1182 214 0 13
1183 12802 0 13
1184 1318 0 38
1185 2194 0 17
1186 1959 0 11
1187 1511 0 40
1188 977 0 12
1189 972 0 11
1190 787 0 13
1191 991 0 8
1192 3616 0 39
1193 687 0 9
1194 476 0 131
1195 815 0 259
1196 366 0 12
1197 1169 0 15
1198 1530 0 14
1199 634 1 6
1200 1337 0 264
1201 1986 0 110
1202 3582 0 23
1203 1695 0 69
1204 712 0 11
1205 5810 0 12
1206 1770 0 13
1207 2053 0 25
1208 281 0 144
1209 1095 0 42
1210 831 0 9
1211 1569 0 20
1212 1212 0 11
1213 3182 0 221
1214 870 0 6
1215 3319 0 89
1216 1180 1 3
1217 937 1 30
1218 1265 0 56
1219 2818 0 99
1220 1414 0 77
1221 780 0 12
1222 442 0 9
1223 1984 0 70
1224 989 0 160
1225 543 0 19
1226 1406 0 110
1227 6785 0 10
1228 2991 0 18
1229 1317 0 9
1230 973 0 38
1231 1506 0 13
1232 1310 0 24
1233 4947 0 70
1234 1820 0 8
1235 8829 0 11
1236 2865 0 12
1237 1256 0 11
1238 15920 0 43
1239 2252 0 7
1240 745 0 13
1241 2888 0 10
1242 2596 0 12
1243 2637 0 72
1244 3491 0 203
1245 1516 0 36
1246 389 0 36
1247 7635 0 10
1248 2839 0 8
1249 563 0 51
1250 354 0 2
1251 1383 0 72
1252 515 0 30
1253 3153 0 8
1254 765 0 107
1255 533 0 113
1256 443 0 66
1257 823 0 12
1258 379 0 16
1259 2282 0 11
1260 1859 0 7
1261 1040 0 20
1262 1513 0 7
1263 380 0 9
1264 1958 0 122
1265 987 1 115
1266 2542 0 13
1267 7328 1 265
1268 1560 0 19
1269 14377 0 13
1270 1429 0 9
1271 3348 0 9
1272 1379 0 35
1273 2094 0 11
1274 1195 0 13
1275 733 0 40
1276 13923 1 0
1277 2198 0 35
1278 2862 0 11
1279 1333 0 14
1280 8099 0 12
1281 1143 0 8
1282 6888 0 11
1283 1031 0 6
1284 1506 0 41
1285 1128 0 19
1286 159 0 7
1287 1249 0 11
1288 3372 0 11
1289 2903 0 9
1290 1541 0 11
1291 1973 0 11
1292 874 0 33
1293 797 0 7
1294 3358 0 37
1295 2852 0 10
1296 1025 0 10
1297 875 0 41
1298 1192 0 132
1299 5147 0 7
1300 430 0 10
1301 537 0 9
1302 1318 0 44
1303 2816 0 11
1304 1292 0 11
1305 7478 0 112
1306 1095 0 163
1307 1953 0 41
1308 1414 0 69
1309 654 0 72
1310 1392 0 29
1311 2948 0 75
1312 202 0 128
1313 7973 0 7
1314 941 0 12
1315 2927 0 68
1316 3168 0 13
1317 745 0 10
1318 2325 0 30
1319 223 0 9
1320 2187 0 9
1321 361 0 20
1322 2765 0 13
1323 2824 0 17
1324 5006 0 23
1325 1976 0 119
1326 2918 0 11
1327 478 0 7
1328 3143 0 26
1329 552 0 38
1330 594 0 10
1331 1286 0 19
1332 3371 0 141
1333 1108 0 22
1334 551 0 129
1335 1955 0 19
1336 23 0 8
1337 538 0 7
1338 1849 0 30
1339 902 0 28
1340 3496 0 10
1341 3146 0 16
1342 2954 0 37
1343 1309 0 13
1344 948 0 15
1345 2838 0 11
1346 1222 0 13
1347 1082 1 0
1348 1059 0 19
1349 1383 1 101
1350 1385 0 12
1351 372 0 9
1352 564 0 10
1353 1954 0 3
1354 992 0 76
1355 3039 0 40
1356 400 0 11
1357 2308 0 10
1358 11470 0 8
1359 716 0 39
1360 773 0 172
1361 702 0 14
1362 1430 0 45
1363 6853 0 11
1364 1526 0 11
1365 1118 0 40
1366 2437 0 111
1367 2951 0 10
1368 6187 0 11
1369 5155 0 50
1370 1964 0 72
1371 2280 0 36
1372 643 0 6
1373 510 0 13
1374 1523 0 36
1375 1860 0 11
1376 891 0 11
1377 1301 0 21
1378 1097 1 64
1379 726 0 86
1380 2912 0 27
1381 2849 0 13
1382 2804 0 9
1383 1215 0 7
1384 2180 0 81
1385 890 0 11
1386 1409 0 42
1387 869 0 8
1388 1745 0 7
1389 2729 0 11
1390 465 1 0
1391 1296 0 164
1392 1095 0 68
1393 181 0 36
1394 1329 0 30
1395 2884 0 31
1396 496 0 229
1397 66 0 7
1398 1940 0 15
1399 922 0 43
1400 5150 0 43
1401 678 0 8
1402 3102 0 11
1403 3362 0 50
1404 3520 0 7
1405 411 1 17
1406 1997 0 8

8 1 1015
31
1407 12910 0 11
1408 1414 0 14
1409 1516 0 128
1410 1250 0 10
1411 533 0 36
1412 613 0 12
1413 939 0 19
1414 1337 0 297
1415 1363 0 23
1416 544 0 16
1417 3710 0 53
1418 1200 0 10
1419 8023 0 49
1420 2221 0 0
1421 3212 0 12
1422 991 0 43
1423 3140 0 213
1424 7304 0 12
1425 170 0 15
1426 1537 0 108
1427 938 0 7
1428 810 0 10
1429 1187 0 11
1430 1914 0 10
1431 588 0 11
1432 792 0 67
1433 1285 0 7
1434 1360 0 10
1435 3494 0 17
1436 3226 0 13
1437 2164 0 14

9 1 1450
6
1438 1355 0 221
1439 997 0 8
1440 1829 0 16
1441 1316 0 8
1442 687 0 146
1443 995 0 11

10 1 1450
52
1444 3315 0 32
1445 3440 0 12
1446 191 0 40
1447 6036 0 11
1448 1886 0 11
1449 1458 0 150
1450 1729 0 11
1451 431 0 13
1452 556 0 68
1453 2493 0 159
1454 1055 0 13
1455 1231 0 13
1456 11610 0 7
1457 542 0 10
1458 251 0 67
1459 1198 0 17
1460 3348 0 80
1461 1810 0 18
1462 2165 0 28
1463 7407 0 66
1464 729 0 6
1465 918 0 10
1466 5096 0 11
1467 188 0 65
1468 1531 0 16
1469 429 0 12
1470 3357 0 9
1471 200 0 14
1472 7030 0 31
1473 1192 0 13
1474 630 0 11
1475 5004 0 14
1476 2882 0 9
1477 577 0 55
1478 592 0 11
1479 3370 0 11
1480 1296 0 11
1481 163 0 1
1482 1962 0 76
1483 756 0 8
1484 2814 0 9
1485 1750 0 10
1486 1227 0 10
1487 1528 0 11
1488 3781 0 13
1489 344 0 24
1490 662 0 13
1491 448 0 11
1492 1808 0 81
1493 2476 1 30
1494 554 0 7
1495 431 0 8

11 1 1453
1
1496 2765 0 10

12 0 1465
9
1497 171 0 21
1498 3746 0 17
1499 1165 0 7
1500 767 0 16
1501 1989 0 7
1502 445 0 132
1503 8160 0 62
1504 1965 0 16
1505 1511 0 19

13 1 1479
7
1506 2094 0 298
1507 5761 1 0
1508 1326 0 8
1509 1203 0 16
1510 12092 0 14
1511 1956 0 14
1512 970 0 73

14 1 1481
29
1513 292 0 13
1514 1018 0 32
1515 604 0 72
1516 1707 0 31
1517 587 0 115
1518 1399 0 31
1519 305 0 152
1520 1411 0 109
1521 1295 0 11
1522 2131 0 8
1523 1042 0 9
1524 1411 0 11
1525 2392 0 31
1526 1256 0 2
1527 1909 0 8
1528 1693 0 31
1529 612 0 65
1530 2132 0 50
1531 6259 0 12
1532 1943 0 13
1533 1182 0 9
1534 1028 0 11
1535 281 1 16
1536 1003 0 13
1537 865 0 17
1538 3507 0 10
1539 2570 0 41
1540 2782 0 28
1541 1305 0 24

15 1 1484
184
1542 2539 0 26
1543 619 0 11
1544 1948 0 10
1545 572 0 18
1546 441 0 11
1547 1211 0 9
1548 623 0 67
1549 1428 0 133
1550 1620 0 134
1551 7311 0 70
1552 16688 0 13
1553 589 0 10
1554 523 0 17
1555 2736 0 56
1556 7781 0 18
1557 1129 0 123
1558 846 0 16
1559 1346 0 16
1560 13112 0 8
1561 1888 0 9
1562 1599 0 181
1563 1198 0 10
1564 1026 0 19
1565 844 0 8
1566 1295 0 84
1567 3365 0 97
1568 5008 0 9
1569 806 0 23
1570 419 0 71
1571 513 0 9
1572 989 0 76
1573 1306 0 12
1574 7185 0 11
1575 1873 0 39
1576 3931 0 62
1577 1594 0 11
1578 1279 0 126
1579 1281 1 0
1580 2526 0 9
1581 7893 0 11
1582 1111 0 84
1583 3322 1 0
1584 3161 0 20
1585 1274 1 16
1586 727 1 11
1587 2952 0 16
1588 1716 0 11
1589 680 0 179
1590 3042 0 15
1591 1372 0 45
1592 2062 0 9
1593 1514 0 39
1594 679 0 12
1595 904 0 315
1596 847 0 9
1597 407 0 29
1598 9626 1 0
1599 1528 0 28
1600 4867 0 30
1601 927 0 37
1602 1896 0 24
1603 545 0 10
1604 1412 0 17
1605 110 0 7
1606 3361 0 13
1607 331 0 13
1608 433 0 12
1609 754 0 11
1610 6889 0 11
1611 2940 0 10
1612 346 0 13
1613 1211 0 110
1614 588 1 473
1615 1286 0 13
1616 8717 0 109
1617 451 0 12
1618 1122 0 7
1619 830 0 38
1620 982 0 13
1621 1627 0 42
1622 164 0 55
1623 627 0 97
1624 2377 0 8
1625 1972 0 9
1626 1133 0 21
1627 985 0 11
1628 462 0 98
1629 782 0 56
1630 816 0 41
1631 374 0 24
1632 1941 0 11
1633 1529 0 63
1634 1987 0 71
1635 1 0 8
1636 14897 0 24
1637 11047 0 54
1638 686 0 10
1639 5004 0 70
1640 505 0 7
1641 528 0 16
1642 312 0 617
1643 12865 0 8
1644 1423 0 13
1645 237 0 8
1646 12799 0 17
1647 3217 0 8
1648 657 0 11
1649 135 0 60
1650 585 0 10
1651 1513 0 12
1652 519 0 34
1653 990 0 153
1654 7367 0 10
1655 1134 0 11
1656 2297 0 10
1657 9256 0 9
1658 1516 0 226
1659 1006 0 12
1660 752 0 11
1661 12502 0 372
1662 1786 0 18
1663 1276 0 11
1664 1299 0 8
1665 831 0 9
1666 6147 0 7
1667 1295 0 10
1668 962 0 19
1669 2750 0 118
1670 1229 0 8
1671 947 1 377
1672 17471 0 7
1673 943 0 12
1674 1953 0 8
1675 1582 0 7
1676 1900 0 39
1677 1288 0 13
1678 883 1 774
1679 545 0 37
1680 1374 0 7
1681 5850 0 11
1682 413 0 10
1683 3402 0 11
1684 12876 0 36
1685 415 0 16
1686 3373 0 31
1687 2991 0 10
1688 1366 0 107
1689 1309 0 10
1690 448 0 43
1691 852 0 33
1692 1418 0 167
1693 1073 0 23
1694 1002 0 19
1695 320 0 34
1696 5105 0 7
1697 442 0 62
1698 1224 0 8
1699 1355 0 16
1700 655 0 24
1701 2919 0 7
1702 446 0 14
1703 1563 0 17
1704 871 0 0
1705 1876 0 28
1706 1006 0 7
1707 2150 0 16
1708 7034 0 11
1709 505 0 9
1710 3352 0 8
1711 1219 0 10
1712 1834 0 9
1713 157 0 24
1714 2849 0 13
1715 2031 0 11
1716 3078 0 12
1717 2795 0 74
1718 7335 0 28
1719 749 0 10
1720 1304 0 14
1721 961 0 9
1722 326 0 18
1723 1309 0 59
1724 3097 0 174
1725 2847 0 12

16 0 1486
403
1726 2930 0 320
1727 2920 0 31
1728 3285 0 8
1729 1390 0 8
1730 1306 0 14
1731 1428 0 11
1732 3338 0 10
1733 2942 0 8
1734 2541 0 12
1735 1408 0 13
1736 1323 0 8
1737 996 0 13
1738 1916 0 12
1739 1983 0 10
1740 1373 0 368
1741 2823 0 12
1742 728 0 11
1743 2592 0 12
1744 1514 0 9
1745 2309 0 11
1746 1680 1 0
1747 549 0 32
1748 16 0 616
1749 671 0 86
1750 1085 0 73
1751 3149 0 15
1752 3342 0 29
1753 1520 0 7
1754 1215 0 11
1755 7340 0 12
1756 5094 0 78
1757 3191 0 13
1758 3313 0 35
1759 1325 0 12
1760 1965 0 9
1761 1750 0 44
1762 1394 1 0
1763 533 0 11
1764 955 0 10
1765 1217 0 13
1766 1406 0 7
1767 521 0 13
1768 597 0 9
1769 3236 0 10
1770 2200 0 37
1771 5002 0 10
1772 2404 0 8
1773 352 1 42
1774 405 0 9
1775 4042 0 11
1776 1970 0 17
1777 1167 0 17
1778 770 0 12
1779 2108 0 9
1780 4048 0 7
1781 13064 0 11
1782 1849 0 8
1783 562 0 22
1784 2541 0 70
1785 1045 0 11
1786 1186 0 83
1787 265 0 6
1788 666 0 7
1789 1662 0 16
1790 1941 0 21
1791 2198 0 12
1792 1328 0 19
1793 971 0 150
1794 518 0 9
1795 877 0 129
1796 3242 0 10
1797 1147 0 10
1798 3005 0 49
1799 3234 0 11
1800 171 1 20
1801 1374 0 10
1802 213 0 177
1803 2052 0 10
1804 1528 0 49
1805 2048 0 12
1806 2512 0 84
1807 707 0 10
1808 517 0 25
1809 263 0 150
1810 817 0 36
1811 3911 0 72
1812 193 0 10
1813 1201 0 41
1814 1169 0 11
1815 965 0 18
1816 7362 0 23
1817 3317 0 11
1818 3203 0 158
1819 731 0 10
1820 2873 0 38
1821 961 0 38
1822 1356 0 9
1823 1337 0 9
1824 1337 1 15
1825 1191 0 13
1826 1089 0 162
1827 2235 0 13
1828 855 0 14
1829 1188 0 80
1830 1081 0 20
1831 993 0 14
1832 1969 0 7
1833 1248 0 85
1834 1937 0 12
1835 1420 0 44
1836 1207 0 11
1837 809 0 10
1838 752 0 10
1839 983 1 0
1840 955 0 11
1841 629 0 41
1842 1377 0 70
1843 1993 0 147
1844 6454 0 182
1845 763 0 40
1846 6208 1 0
1847 2169 0 25
1848 1849 0 206
1849 864 0 13
1850 1425 0 73
1851 989 0 9
1852 596 0 12
1853 1507 0 81
1854 1585 0 15
1855 1267 0 96
1856 3199 0 61
1857 6851 0 7
1858 5027 0 7
1859 17645 0 30
1860 173 0 7
1861 10 0 241
1862 872 0 10
1863 981 0 13
1864 1063 0 20
1865 2532 0 12
1866 1972 0 9
1867 3360 0 12
1868 444 0 9
1869 1373 0 15
1870 842 0 6
1871 1394 0 106
1872 1697 0 29
1873 1015 0 13
1874 828 0 21
1875 6174 0 12
1876 12409 0 28
1877 259 0 41
1878 1389 0 117
1879 12237 0 13
1880 935 1 45
1881 1250 0 33
1882 1983 0 16
1883 825 1 502
1884 1126 0 42
1885 478 0 12
1886 1146 0 63
1887 930 0 145
1888 1106 0 44
1889 1612 0 133
1890 507 0 269
1891 844 0 8
1892 1064 0 10
1893 5000 0 14
1894 2060 0 171
1895 84 0 41
1896 1322 0 292
1897 2870 0 54
1898 1763 0 40
1899 6729 0 27
1900 644 0 12
1901 641 0 42
1902 1921 0 290
1903 1325 1 19
1904 6229 0 12
1905 1623 0 7
1906 1013 0 44
1907 1312 0 13
1908 1382 0 8
1909 2204 0 7
1910 1224 0 78
1911 351 0 11
1912 709 0 11
1913 3069 0 10
1914 3228 0 11
1915 2818 0 24
1916 984 0 42
1917 2831 0 11
1918 3762 0 221
1919 2411 0 19
1920 971 0 10
1921 871 0 5
1922 2593 0 9
1923 706 0 21
1924 2283 0 114
1925 1891 0 46
1926 989 0 64
1927 7409 1 35
1928 1374 0 13
1929 576 0 7
1930 1299 0 17
1931 1715 0 11
1932 1377 0 11
1933 1200 0 9
1934 1184 0 20
1935 2343 0 15
1936 1028 0 8
1937 12833 0 11
1938 625 0 8
1939 3225 0 99
1940 3187 0 10
1941 517 0 111
1942 1193 0 10
1943 3328 0 76
1944 989 0 8
1945 2491 0 62
1946 666 0 20
1947 1302 0 13
1948 1530 0 42
1949 770 0 17
1950 617 0 11
1951 1588 0 10
1952 5052 0 8
1953 12901 1 21
1954 3283 0 99
1955 506 0 39
1956 3174 0 17
1957 859 0 14
1958 1394 0 8
1959 913 0 210
1960 2276 0 19
1961 1049 0 11
1962 1598 0 180
1963 1341 0 11
1964 354 1 26
1965 775 0 10
1966 6101 0 9
1967 3194 0 317
1968 7407 0 11
1969 2200 0 60
1970 5067 0 8
1971 1882 0 33
1972 822 0 10
1973 2827 0 7
1974 934 0 35
1975 1906 0 55
1976 2466 0 13
1977 3358 0 7
1978 1575 0 24
1979 5108 0 7
1980 717 0 145
1981 2520 0 13
1982 593 0 18
1983 2575 0 144
1984 1181 0 72
1985 1410 0 10
1986 1320 0 112
1987 2430 0 8
1988 783 0 14
1989 859 0 9
1990 3296 0 17
1991 1157 0 70
1992 11791 0 39
1993 592 0 9
1994 956 0 24
1995 815 0 11
1996 1217 0 12
1997 2584 0 23
1998 701 0 38
1999 193 0 19
2000 647 0 10
2001 1838 0 8
2002 579 0 11
2003 1789 0 18
2004 1718 0 164
2005 565 0 28
2006 1099 0 7
2007 447 0 21
2008 2789 0 33
2009 767 1 0
2010 2605 0 29
2011 2038 0 13
2012 827 0 22
2013 578 0 14
2014 1338 0 7
2015 6789 0 49
2016 4737 0 17
2017 5064 0 32
2018 13571 0 11
2019 195 0 3
2020 424 0 13
2021 1952 0 78
2022 2901 0 39
2023 1775 0 7
2024 1808 0 2
2025 3335 0 12
2026 905 0 137
2027 1325 0 14
2028 3267 0 17
2029 1687 0 165
2030 1760 0 7
2031 3165 0 37
2032 2930 0 6
2033 2661 0 8
2034 2912 0 13
2035 2734 0 13
2036 6468 0 78
2037 2817 0 12
2038 2816 0 7
2039 535 0 24
2040 7183 0 34
2041 304 0 10
2042 3235 1 0
2043 1518 0 334
2044 1371 0 11
2045 1735 0 20
2046 1127 0 17
2047 57 0 12
2048 1625 0 39
2049 3220 0 70
2050 3320 0 7
2051 851 0 24
2052 1154 0 25
2053 480 0 11
2054 3921 0 165
2055 171 0 7
2056 1999 1 0
2057 1511 0 12
2058 862 0 8
2059 2415 0 70
2060 1424 0 8
2061 1984 0 179
2062 3684 0 15
2063 1608 0 7
2064 9559 0 8
2065 615 0 9
2066 796 0 9
2067 14447 0 12
2068 1449 0 7
2069 1891 0 10
2070 962 1 0
2071 870 0 130
2072 1567 0 404
2073 3336 0 92
2074 989 0 8
2075 410 0 23
2076 17658 0 11
2077 6508 0 12
2078 1357 1 0
2079 1852 0 10
2080 2528 0 189
2081 3166 0 12
2082 1325 0 9
2083 1310 0 76
2084 804 1 7
2085 1153 0 12
2086 575 0 71
2087 1069 0 13
2088 660 0 10
2089 1295 0 11
2090 1058 0 11
2091 958 0 172
2092 1172 0 6
2093 2605 0 12
2094 957 0 14
2095 29 0 6
2096 3560 0 18
2097 1354 0 70
2098 573 0 41
2099 1243 0 26
2100 1418 0 10
2101 436 0 137
2102 1215 0 8
2103 1862 0 139
2104 8950 0 13
2105 3999 0 26
2106 610 1 31
2107 217 0 162
2108 348 0 69
2109 3676 0 76
2110 2018 0 24
2111 1262 0 13
2112 1518 0 10
2113 231 0 12
2114 171 0 7
2115 191 0 26
2116 1215 0 18
2117 3316 0 11
2118 858 0 28
2119 1796 0 9
2120 765 0 9
2121 946 0 46
2122 1967 0 618
2123 877 0 7
2124 1223 0 9
2125 917 0 152
2126 6899 0 205
2127 1970 0 8
2128 3157 0 10

17 1 1495
105
2129 935 0 13
2130 3276 0 23
2131 1941 0 10
2132 909 0 7
2133 7399 0 23
2134 3556 0 75
2135 2371 0 13
2136 703 0 19
2137 1022 0 7
2138 2509 0 11
2139 179 0 34
2140 928 0 11
2141 6952 0 8
2142 196 0 34
2143 1314 0 10
2144 1426 0 7
2145 1833 0 14
2146 2346 0 35
2147 12863 0 384
2148 2395 0 24
2149 875 0 851
2150 659 0 29
2151 289 0 13
2152 2884 0 13
2153 980 0 29
2154 1420 0 101
2155 497 0 81
2156 478 0 415
2157 1969 0 10
2158 823 0 20
2159 1235 0 165
2160 700 0 11
2161 3042 0 37
2162 1036 0 8
2163 383 0 12
2164 1351 0 72
2165 966 0 20
2166 1677 0 11
2167 745 0 11
2168 1166 0 9
2169 928 0 12
2170 25 0 21
2171 7302 0 8
2172 2961 0 9
2173 430 0 31
2174 479 0 12
2175 1943 0 19
2176 1007 0 12
2177 2465 0 14
2178 831 0 19
2179 2566 0 23
2180 1933 0 12
2181 614 0 91
2182 3211 0 95
2183 2821 0 72
2184 1286 0 44
2185 982 0 63
2186 726 0 23
2187 1980 0 8
2188 2880 0 19
2189 3238 0 14
2190 2810 0 9
2191 1301 0 29
2192 989 0 35
2193 3372 0 12
2194 5047 0 219
2195 1391 0 12
2196 1288 0 9
2197 837 0 10
2198 358 0 17
2199 1254 0 18
2200 824 0 11
2201 1048 0 10
2202 1224 0 7
2203 962 0 12
2204 601 0 13
2205 539 0 13
2206 1138 0 82
2207 2006 0 10
2208 1649 0 7
2209 2880 0 11
2210 12192 0 20
2211 487 0 7
2212 732 0 12
2213 536 0 29
2214 2749 0 38
2215 1249 0 186
2216 737 0 9
2217 449 0 39
2218 989 0 19
2219 989 0 11
2220 1964 0 80
2221 662 0 19
2222 414 0 9
2223 2463 0 20
2224 516 0 144
2225 2288 0 218
2226 861 0 24
2227 2340 0 35
2228 1389 0 74
2229 708 0 12
2230 2869 0 8
2231 434 0 12
2232 2950 0 40
2233 1392 0 37

18 1 1497
1
2234 382 0 42

19 0 119105
6
2235 5044 0 8
2236 495 0 6
2237 2453 0 135
2238 2830 0 80
2239 1127 0 11
2240 1525 0 14

