10

0 1 258
3
0 924 0 19
1 8886 0 10
2 419 0 12

1 1 285
184
3 1022 0 9
4 740 0 13
5 3237 0 65
6 1692 0 8
7 3352 0 10
8 3376 0 39
9 1177 0 76
10 191 0 107
11 1283 0 35
12 7682 0 23
13 5160 0 38
14 3257 0 48
15 646 0 58
16 11954 0 10
17 1023 0 1
18 732 0 99
19 13018 0 11
20 2982 0 8
21 1256 0 14
22 2224 0 8
23 612 0 13
24 989 1 0
25 560 0 10
26 1378 0 13
27 196 0 12
28 869 0 10
29 1180 0 53
30 2535 0 417
31 1819 0 13
32 1374 0 11
33 1967 0 24
34 2579 0 135
35 1115 0 11
36 358 0 27
37 1012 0 187
38 1074 0 294
39 776 0 9
40 305 1 515
41 1900 0 8
42 6898 0 21
43 1173 0 71
44 3975 0 14
45 180 0 11
46 2812 0 8
47 1090 0 8
48 344 0 99
49 615 0 163
50 1978 0 46
51 900 0 28
52 517 0 7
53 1800 0 8
54 706 0 11
55 3359 0 211
56 12826 0 14
57 528 0 122
58 5932 0 37
59 954 0 67
60 990 0 13
61 1926 0 11
62 394 0 13
63 5141 1 18
64 2838 0 11
65 251 0 11
66 2670 0 14
67 2922 0 40
68 2231 0 11
69 672 0 130
70 905 0 17
71 1954 0 7
72 1828 0 16
73 1347 0 107
74 555 0 10
75 1121 0 7
76 2332 0 23
77 564 0 9
78 2264 0 21
79 1551 0 11
80 3202 0 73
81 995 0 10
82 1986 0 9
83 2839 0 11
84 1933 0 10
85 3377 1 0
86 660 0 53
87 2870 0 339
88 3272 0 30
89 1360 0 67
90 4160 0 12
91 15334 0 82
92 465 0 24
93 2823 0 73
94 490 0 13
95 1201 0 23
96 1067 0 9
97 427 0 12
98 1362 0 12
99 8076 0 17
100 6024 0 52
101 866 0 15
102 2883 0 29
103 511 0 23
104 1885 0 35
105 1957 1 106
106 1622 0 13
107 2717 0 12
108 1959 0 42
109 2891 0 17
110 364 0 12
111 3646 0 17
112 1614 0 10
113 767 0 13
114 1132 0 7
115 2024 0 11
116 1355 0 34
117 12834 0 49
118 3189 0 12
119 2157 0 10
120 965 0 15
121 867 0 88
122 766 0 11
123 219 0 65
124 2350 0 20
125 2721 0 45
126 452 0 9
127 926 0 10
128 869 0 32
129 653 1 16
130 1088 0 9
131 1027 0 10
132 1183 1 486
133 1307 0 138
134 2237 0 216
135 5035 0 11
136 6140 0 311
137 1971 0 7
138 1926 0 19
139 1831 0 101
140 2077 0 12
141 1192 0 40
142 3314 0 69
143 7018 0 41
144 728 0 13
145 3344 0 52
146 835 0 144
147 2541 0 8
148 824 0 71
149 6845 0 38
150 302 0 18
151 1163 0 93
152 6146 0 11
153 6235 0 8
154 2170 0 8
155 538 0 9
156 1623 0 10
157 165 0 8
158 1966 0 97
159 6178 1 25
160 1975 0 37
161 2087 0 16
162 2011 0 68
163 788 0 16
164 11991 0 10
165 1703 0 32
166 5088 1 0
167 420 0 127
168 2521 0 11
169 1155 0 19
170 577 0 36
171 2036 0 7
172 3227 0 148
173 328 0 7
174 1231 0 73
175 1223 0 14
176 814 0 13
177 689 0 19
178 821 0 10
179 1356 1 0
180 469 0 17
181 7493 0 16
182 382 0 14
183 1234 0 7
184 1082 0 105
185 3276 1 18
186 3209 0 29

2 0 485
8
187 484 0 111
188 2984 0 70
189 1146 1 0
190 623 0 51
191 1833 0 34
192 1335 1 0
193 2553 0 99
194 207 1 0

3 1 498
23
195 3281 0 8
196 1518 0 43
197 585 0 12
198 161 0 7
199 574 0 12
200 929 0 48
201 1531 0 219
202 374 0 27
203 11603 0 11
204 8023 0 5
205 1513 0 13
206 1504 0 11
207 2890 0 9
208 1377 1 16
209 667 0 33
210 482 0 10
211 1088 0 40
212 1412 0 77
213 245 0 93
214 2410 0 13
215 4040 0 9
216 201 0 9
217 1269 0 12

4 1 505
1
218 1306 0 7

5 0 519
5
219 2684 0 73
220 1922 0 9
221 1973 0 36
222 789 0 20
223 5040 0 31

6 1 532
11
224 1426 0 32
225 186 0 13
226 989 0 15
227 281 0 80
228 2229 0 33
229 1513 0 88
230 3218 0 137
231 5096 0 7
232 393 0 8
233 941 0 54
234 3317 0 54

7 0 690
1
235 2534 0 10

8 0 703
8
236 7496 0 13
237 1002 0 9
238 1617 0 20
239 1906 0 7
240 1033 0 19
241 7915 0 14
242 680 0 10
243 7771 0 11

9 1 491402
4
244 1066 0 9
245 1542 0 17
246 1718 0 11
247 175 0 13

