10

0 1 247
8
0 179 0 66
1 613 0 33
2 770 0 7
3 517 0 41
4 1409 0 9
5 1323 0 23
6 937 0 92
7 838 0 6

1 1 259
25
8 12699 0 17
9 1514 0 38
10 179 0 38
11 1394 0 11
12 188 0 49
13 2926 0 136
14 666 0 98
15 783 0 12
16 1057 0 35
17 448 0 10
18 2178 0 26
19 223 0 6
20 3288 0 97
21 169 0 46
22 2881 0 11
23 1215 0 33
24 2821 0 7
25 2827 0 332
26 598 0 55
27 693 0 11
28 5056 0 37
29 488 0 23
30 1422 0 30
31 1338 0 174
32 870 0 151

2 0 285
1
33 2093 0 31

3 1 285
175
34 331 0 98
35 1271 0 42
36 2209 0 13
37 6570 0 93
38 275 0 111
39 2431 0 8
40 5090 0 7
41 3158 0 11
42 737 0 8
43 2885 0 173
44 804 1 26
45 8907 0 9
46 7734 0 11
47 12498 0 10
48 2583 0 30
49 709 0 14
50 1016 0 18
51 6748 0 100
52 304 0 16
53 508 0 31
54 1959 0 7
55 5062 0 285
56 1544 0 38
57 853 0 124
58 454 0 9
59 212 0 11
60 1981 0 7
61 1298 0 157
62 902 0 7
63 318 0 8
64 424 0 10
65 1875 0 25
66 655 0 24
67 1794 0 189
68 1034 0 10
69 2577 0 53
70 305 0 8
71 1126 1 477
72 1722 0 12
73 1017 0 9
74 355 0 12
75 3185 0 10
76 17058 0 11
77 378 0 20
78 3338 0 11
79 963 0 39
80 989 0 16
81 187 0 66
82 5883 0 15
83 1111 0 20
84 1259 0 15
85 959 0 12
86 3304 0 19
87 1712 0 19
88 576 0 99
89 1379 0 30
90 1021 0 12
91 303 0 22
92 1528 0 9
93 1144 0 7
94 1234 0 9
95 199 0 9
96 1519 0 19
97 2132 0 8
98 432 0 10
99 2883 0 17
100 346 0 109
101 663 0 12
102 1878 0 36
103 2578 0 12
104 244 0 16
105 644 0 14
106 6201 0 11
107 1135 0 144
108 1816 0 39
109 2537 0 11
110 797 0 8
111 3963 0 8
112 1187 0 13
113 857 0 10
114 1862 0 28
115 927 0 9
116 828 0 52
117 911 0 39
118 1791 0 40
119 488 1 28
120 1304 0 7
121 1515 0 9
122 1174 1 0
123 991 0 6
124 1370 0 12
125 687 0 18
126 1781 0 10
127 591 0 77
128 1123 0 10
129 1281 0 9
130 2881 0 79
131 873 0 24
132 14386 0 23
133 2359 0 133
134 818 0 8
135 442 0 10
136 3071 0 13
137 1640 0 12
138 3552 0 75
139 1648 0 21
140 1028 0 10
141 841 0 175
142 588 0 16
143 1764 0 96
144 772 0 38
145 3271 0 9
146 1965 0 8
147 3357 0 12
148 624 0 96
149 1526 0 12
150 1353 0 95
151 2728 0 13
152 1957 0 140
153 2247 0 276
154 7280 0 173
155 174 1 17
156 756 0 7
157 987 0 11
158 858 0 8
159 1444 0 183
160 5064 0 13
161 2828 0 33
162 2026 0 38
163 3325 0 8
164 784 0 99
165 554 0 8
166 400 0 13
167 14389 0 9
168 2380 0 12
169 2431 0 10
170 1534 0 7
171 1518 0 8
172 1228 0 41
173 16848 0 34
174 437 1 10
175 1240 0 34
176 631 0 8
177 2413 0 71
178 2504 0 12
179 1183 0 17
180 1968 0 10
181 797 0 32
182 3335 0 73
183 1205 0 13
184 199 0 11
185 512 1 0
186 7992 0 10
187 14460 0 14
188 11612 0 9
189 1108 0 8
190 658 0 77
191 854 0 68
192 643 0 9
193 14378 0 16
194 488 0 172
195 1391 0 6
196 1370 0 8
197 6954 0 9
198 1985 0 15
199 3376 0 12
200 5135 0 11
201 12585 0 13
202 441 0 172
203 525 0 9
204 2820 0 3
205 683 0 8
206 3370 0 165
207 1855 0 30
208 395 0 11

4 0 292
23
209 1700 0 12
210 1221 0 110
211 2224 0 8
212 834 0 23
213 941 0 42
214 1422 0 12
215 984 0 95
216 938 0 13
217 2302 0 7
218 3259 0 70
219 464 0 10
220 2746 0 27
221 1322 0 10
222 2331 0 147
223 2480 0 9
224 2928 0 7
225 205 0 10
226 5079 0 33
227 2149 0 59
228 860 0 29
229 785 0 12
230 1522 0 74
231 883 0 21

5 0 528
5
232 3383 0 6
233 509 0 24
234 5110 0 40
235 974 0 7
236 1418 0 39

6 1 673
27
237 451 0 6
238 942 0 8
239 1317 0 13
240 1908 0 19
241 1917 0 34
242 1293 0 39
243 17336 0 62
244 989 0 22
245 2862 0 17
246 3334 0 11
247 677 0 11
248 1254 0 38
249 1058 0 9
250 2936 0 8
251 1225 0 7
252 2069 0 67
253 1243 0 11
254 963 0 29
255 161 0 10
256 5127 0 72
257 969 0 20
258 1200 0 11
259 3234 0 8
260 1431 0 13
261 495 0 9
262 612 0 17
263 3289 0 36

7 1 701
25
264 2808 0 12
265 1661 0 134
266 1182 0 68
267 1419 0 176
268 448 0 7
269 302 0 8
270 2575 0 22
271 2780 0 9
272 1398 0 8
273 1011 0 11
274 2398 0 10
275 508 0 39
276 5005 0 8
277 1753 0 11
278 562 0 11
279 3207 0 10
280 1238 0 39
281 626 0 78
282 1982 0 11
283 3515 0 9
284 174 0 11
285 1917 0 9
286 476 0 17
287 1033 0 7
288 1136 0 11

8 1 709
3
289 5019 0 40
290 5141 0 30
291 1511 0 12

9 1 719
4
292 1316 0 15
293 842 0 10
294 612 0 11
295 14371 0 39

