20

0 1 296
160
0 8829 0 12
1 739 0 16
2 2429 0 11
3 2801 0 13
4 2811 0 76
5 5000 0 31
6 1516 0 10
7 499 0 296
8 811 0 13
9 2022 1 0
10 2695 0 8
11 353 0 23
12 3318 0 30
13 703 1 0
14 2518 0 11
15 1513 0 10
16 3209 0 86
17 1384 0 38
18 3349 0 9
19 1175 0 51
20 1369 0 10
21 1226 0 13
22 3372 0 11
23 942 0 10
24 3528 0 7
25 2231 0 7
26 2787 0 12
27 1145 0 18
28 1417 0 133
29 1339 0 9
30 2601 0 10
31 3223 0 20
32 885 0 148
33 1610 0 32
34 989 0 8
35 302 0 34
36 6154 0 20
37 1236 0 16
38 195 0 18
39 16126 0 67
40 1205 0 9
41 17650 1 124
42 480 0 17
43 1407 0 39
44 2831 0 53
45 181 0 12
46 1526 0 7
47 449 0 11
48 1974 0 11
49 2515 0 71
50 3935 0 39
51 698 0 13
52 5072 0 151
53 757 0 21
54 13018 0 6
55 1335 0 100
56 3141 0 27
57 895 0 52
58 1517 0 22
59 1215 0 13
60 2474 0 11
61 166 0 51
62 3235 0 9
63 2884 0 238
64 2828 0 36
65 3731 0 11
66 472 0 16
67 1693 0 52
68 2293 0 42
69 1141 1 14
70 3471 0 98
71 2616 0 11
72 202 0 187
73 3230 0 217
74 1533 0 8
75 269 0 27
76 1013 0 36
77 5282 0 19
78 3213 0 182
79 5097 0 34
80 3602 0 111
81 6857 0 44
82 3286 0 36
83 802 0 13
84 772 0 46
85 1942 0 76
86 1056 0 14
87 377 0 377
88 16182 0 13
89 1538 0 17
90 2263 0 13
91 1067 0 19
92 1670 0 90
93 1978 0 18
94 1663 1 252
95 3704 0 218
96 3172 0 21
97 5044 0 37
98 579 0 14
99 1673 0 11
100 5044 0 48
101 1372 0 17
102 623 0 8
103 625 0 11
104 9985 0 10
105 7828 0 8
106 2926 0 45
107 256 0 10
108 2474 0 11
109 1029 0 7
110 3319 0 11
111 2615 0 10
112 888 0 96
113 2818 0 44
114 1059 0 16
115 1559 0 8
116 969 0 20
117 3171 0 12
118 5030 0 16
119 2283 1 0
120 9310 0 27
121 633 0 13
122 191 0 61
123 7178 0 13
124 1424 0 11
125 16650 0 9
126 2557 0 122
127 3369 0 40
128 2910 0 48
129 1412 0 97
130 1328 0 41
131 618 0 18
132 8082 0 10
133 12451 0 2
134 1364 1 916
135 3291 0 78
136 1385 0 14
137 138 0 55
138 602 0 61
139 7407 0 11
140 563 0 26
141 3549 0 8
142 429 0 279
143 1828 0 23
144 943 0 9
145 1068 0 13
146 1885 0 51
147 1149 0 13
148 572 0 10
149 765 0 10
150 71 0 55
151 930 0 20
152 3510 0 9
153 3666 0 9
154 9987 0 46
155 3449 0 145
156 2564 0 41
157 3271 0 14
158 764 0 11
159 3372 0 8

1 1 497
6
160 2188 0 162
161 295 0 29
162 13385 0 8
163 1381 0 7
164 824 0 70
165 2551 0 63

2 1 530
1273
166 1513 0 8
167 978 0 10
168 2559 0 8
169 1105 0 13
170 1389 0 16
171 2774 0 24
172 1819 0 13
173 1362 0 138
174 242 0 8
175 929 0 8
176 881 0 11
177 1032 1 28
178 1977 0 19
179 5077 0 7
180 635 0 12
181 6227 0 0
182 5119 0 11
183 5131 0 17
184 8886 0 12
185 331 0 13
186 3140 0 69
187 3694 0 26
188 1407 0 12
189 316 0 123
190 872 0 276
191 3881 0 13
192 2956 0 2
193 1082 1 51
194 542 0 8
195 1486 1 0
196 909 0 9
197 520 0 317
198 2048 0 8
199 720 0 8
200 717 0 172
201 1229 0 29
202 423 0 18
203 2280 0 224
204 1414 0 6
205 2776 1 0
206 3208 0 617
207 1221 0 11
208 13530 0 48
209 1529 0 23
210 796 0 9
211 531 0 15
212 5005 1 478
213 1254 0 20
214 1414 0 29
215 186 0 10
216 906 0 12
217 279 0 20
218 5024 0 10
219 1602 0 20
220 660 0 79
221 307 0 13
222 497 0 41
223 1647 0 13
224 12717 0 23
225 346 0 7
226 1048 0 23
227 1411 0 13
228 2161 0 111
229 1210 0 39
230 623 1 254
231 287 0 48
232 948 0 16
233 733 1 373
234 2197 0 16
235 981 0 70
236 1088 0 213
237 791 0 123
238 1431 0 11
239 1707 0 19
240 833 0 8
241 1329 1 28
242 2392 0 12
243 3680 0 27
244 979 0 11
245 1426 0 47
246 1298 0 38
247 1246 0 11
248 1378 0 17
249 179 1 315
250 1511 0 34
251 3196 0 19
252 1952 0 62
253 489 0 23
254 1239 0 12
255 989 0 12
256 1513 0 9
257 12728 0 15
258 1774 0 341
259 692 0 9
260 764 0 2
261 990 0 13
262 1539 0 73
263 674 0 10
264 6848 0 92
265 1370 0 11
266 1057 0 16
267 26 0 127
268 548 0 40
269 1966 0 11
270 2413 0 14
271 3264 0 15
272 504 0 11
273 1526 0 10
274 1525 1 27
275 1050 0 11
276 381 0 16
277 1775 0 18
278 1954 0 6
279 1411 0 130
280 11615 0 95
281 676 0 8
282 1567 1 516
283 845 0 11
284 899 0 10
285 968 0 11
286 957 0 12
287 102 0 41
288 1403 0 17
289 1063 0 8
290 6761 0 7
291 922 0 149
292 630 0 7
293 1395 0 36
294 718 0 8
295 7 0 12
296 1835 0 77
297 1317 0 39
298 1363 0 17
299 1901 0 18
300 7711 0 8
301 7840 0 28
302 3085 0 11
303 1976 0 13
304 1096 0 103
305 1295 0 11
306 1610 0 7
307 2435 0 138
308 586 0 12
309 3310 0 10
310 1381 0 11
311 692 0 7
312 2416 0 36
313 8912 1 0
314 407 0 11
315 176 0 16
316 1977 0 11
317 7326 0 12
318 1440 0 34
319 1112 0 42
320 2393 0 10
321 2552 0 8
322 1286 0 228
323 1516 0 13
324 652 0 8
325 4997 0 30
326 442 0 9
327 2188 0 111
328 2582 0 33
329 7687 0 21
330 422 0 11
331 2406 0 40
332 2883 0 12
333 5125 0 11
334 362 0 8
335 320 0 26
336 1959 0 61
337 6249 0 107
338 1346 0 104
339 1950 0 28
340 3117 0 12
341 2443 0 13
342 988 0 103
343 1189 0 122
344 329 0 14
345 503 0 29
346 1154 0 70
347 3253 0 10
348 530 0 118
349 2214 0 41
350 893 0 88
351 1380 1 0
352 6651 0 179
353 667 0 8
354 1421 0 7
355 909 0 21
356 1529 1 165
357 1439 0 8
358 1275 0 11
359 1419 1 0
360 862 0 11
361 1528 0 18
362 772 0 3
363 1077 0 8
364 1719 0 7
365 989 0 18
366 1249 0 74
367 763 0 181
368 498 0 7
369 7410 0 13
370 3417 0 67
371 3582 0 11
372 11573 0 9
373 1005 0 9
374 5160 0 14
375 761 0 48
376 565 0 15
377 1329 0 57
378 126 0 168
379 1296 1 0
380 481 0 144
381 1276 1 0
382 2335 0 13
383 1406 0 8
384 558 0 147
385 3258 0 14
386 2815 0 44
387 383 0 19
388 1358 0 82
389 903 0 11
390 604 0 23
391 1502 0 11
392 861 0 50
393 989 0 27
394 324 0 28
395 761 0 12
396 1492 0 29
397 609 0 23
398 1489 0 10
399 2712 0 9
400 1528 1 473
401 290 0 19
402 321 0 11
403 1322 0 57
404 1210 0 153
405 771 0 6
406 639 0 118
407 2122 0 61
408 1400 0 11
409 411 0 105
410 3750 0 14
411 13918 0 10
412 295 0 8
413 2912 0 13
414 3142 0 14
415 574 0 10
416 1349 0 7
417 633 0 10
418 1776 0 10
419 921 0 34
420 2700 0 16
421 1538 0 12
422 403 0 7
423 6553 0 6
424 1064 0 6
425 916 0 8
426 3217 0 7
427 8209 0 73
428 12459 0 162
429 2796 0 38
430 592 0 24
431 7822 0 20
432 16673 0 7
433 610 0 29
434 1944 0 11
435 1965 0 10
436 1303 0 8
437 1002 0 10
438 1345 0 11
439 247 0 96
440 1208 0 9
441 890 0 7
442 759 0 33
443 722 0 138
444 8315 0 7
445 375 0 14
446 1869 0 27
447 1954 0 8
448 3197 0 33
449 766 0 10
450 891 0 7
451 2470 0 6
452 380 0 42
453 1070 0 35
454 2894 0 11
455 3801 0 31
456 2460 0 13
457 6735 1 0
458 3142 0 91
459 194 0 151
460 3190 0 80
461 1271 0 23
462 1983 0 14
463 1410 0 6
464 1364 0 28
465 1963 0 29
466 2342 0 10
467 2409 0 19
468 1393 0 32
469 398 0 7
470 3156 0 27
471 1670 0 9
472 3359 0 34
473 1263 0 10
474 1510 0 10
475 16456 0 7
476 724 0 11
477 514 0 135
478 2813 0 9
479 1954 0 12
480 1051 0 7
481 939 0 12
482 970 0 11
483 1231 0 10
484 802 0 10
485 3201 0 12
486 473 0 10
487 1183 0 11
488 3017 0 14
489 1965 0 15
490 276 0 17
491 637 0 34
492 744 0 8
493 1296 0 8
494 312 0 13
495 384 0 8
496 638 0 22
497 7280 1 1
498 430 0 9
499 6831 1 400
500 584 0 190
501 5044 0 151
502 3328 0 14
503 1217 0 11
504 15985 0 8
505 1957 0 32
506 1527 0 11
507 256 0 30
508 16880 1 30
509 1549 0 10
510 5117 0 11
511 2906 0 118
512 6952 0 86
513 1048 0 30
514 478 0 79
515 685 0 72
516 5083 0 8
517 1172 0 105
518 558 0 54
519 7927 0 617
520 3218 0 11
521 788 0 20
522 609 0 19
523 1327 0 70
524 180 0 27
525 192 0 87
526 1974 0 11
527 1127 0 8
528 3376 0 18
529 518 0 8
530 1139 0 12
531 2251 0 12
532 652 0 8
533 1744 1 0
534 1322 0 10
535 3288 1 6
536 1375 0 38
537 3353 0 7
538 5112 0 99
539 1458 0 8
540 1543 0 81
541 703 0 15
542 1011 1 519
543 352 0 14
544 327 0 28
545 945 0 7
546 12217 0 29
547 1114 0 13
548 12210 0 20
549 1649 0 9
550 835 0 10
551 972 0 9
552 5051 0 9
553 12829 0 13
554 1384 0 7
555 1511 0 19
556 989 0 24
557 1078 0 13
558 2430 0 7
559 591 0 98
560 5002 0 129
561 1360 0 40
562 2851 0 14
563 918 0 47
564 12889 0 76
565 5068 0 28
566 726 0 11
567 2815 0 23
568 9985 0 13
569 13012 0 146
570 1827 0 17
571 1665 0 13
572 1390 0 60
573 1131 0 54
574 1128 0 70
575 1873 0 31
576 780 0 22
577 891 0 17
578 2014 0 13
579 1028 0 12
580 1965 0 278
581 989 0 55
582 1101 0 28
583 2566 0 11
584 17480 0 12
585 526 0 24
586 179 0 75
587 1131 0 12
588 3210 0 43
589 2144 0 11
590 1066 0 6
591 1517 0 9
592 3148 0 8
593 2073 0 13
594 2493 0 24
595 1331 0 62
596 476 0 224
597 8829 0 13
598 2266 0 11
599 1128 0 77
600 1393 0 11
601 953 0 28
602 2028 0 13
603 2428 0 46
604 408 0 10
605 2559 0 43
606 1345 0 30
607 1526 1 0
608 899 1 0
609 456 0 8
610 1969 0 52
611 3239 1 47
612 1431 0 12
613 1269 0 14
614 7304 0 78
615 605 0 7
616 3069 0 21
617 320 0 8
618 3148 0 10
619 2161 0 86
620 3257 0 22
621 3540 0 13
622 2950 0 85
623 3348 0 88
624 5031 0 42
625 3919 0 10
626 779 0 9
627 660 0 179
628 166 0 11
629 920 0 11
630 610 0 13
631 8914 0 10
632 7999 0 12
633 11793 0 9
634 5002 0 14
635 2188 0 64
636 1548 0 73
637 1226 0 35
638 4025 0 10
639 405 0 13
640 571 0 32
641 6237 0 69
642 14378 0 39
643 3466 0 617
644 1176 0 12
645 1933 1 43
646 1769 0 11
647 2931 0 12
648 5059 0 156
649 2789 0 8
650 8091 0 23
651 2185 0 32
652 574 0 19
653 1975 0 7
654 826 0 13
655 3369 0 9
656 1021 0 15
657 7048 0 14
658 3192 0 10
659 6098 0 3
660 1941 0 219
661 2811 0 8
662 2404 0 161
663 2096 0 13
664 1408 0 6
665 3361 0 234
666 1522 1 0
667 960 0 12
668 441 0 72
669 2937 0 11
670 1017 0 14
671 1259 0 9
672 691 0 7
673 16098 0 12
674 1665 0 8
675 1253 0 12
676 1431 0 10
677 6746 0 12
678 823 0 89
679 1518 0 24
680 3195 0 9
681 2899 0 85
682 1977 1 17
683 1488 0 17
684 1060 0 17
685 1275 0 39
686 1055 0 13
687 2124 0 7
688 1934 0 57
689 3228 0 19
690 2160 0 13
691 1788 0 12
692 208 0 63
693 6104 0 34
694 586 0 54
695 2025 0 10
696 3142 0 11
697 2867 0 12
698 6729 1 20
699 6793 0 9
700 2911 0 11
701 1612 0 12
702 1202 0 11
703 3001 0 9
704 2862 0 40
705 433 0 8
706 815 0 38
707 885 0 13
708 600 0 10
709 3450 1 46
710 568 0 16
711 1387 0 13
712 1544 0 10
713 1307 0 95
714 1275 1 0
715 1538 0 10
716 873 0 162
717 911 0 69
718 5089 0 21
719 5769 0 100
720 1159 0 9
721 854 0 101
722 1290 0 40
723 610 0 4
724 571 0 10
725 900 0 98
726 2784 0 8
727 186 0 11
728 2296 0 9
729 757 0 16
730 2568 0 32
731 239 0 40
732 2746 0 9
733 6455 0 9
734 3062 0 28
735 692 0 187
736 1513 0 45
737 5091 0 9
738 483 0 99
739 1366 0 8
740 323 0 10
741 1358 0 10
742 904 0 10
743 3324 0 16
744 686 0 10
745 520 0 9
746 518 0 66
747 5139 0 23
748 818 0 123
749 1458 0 7
750 809 0 9
751 1980 0 15
752 2559 0 8
753 1142 0 1
754 1005 0 49
755 2788 0 128
756 2289 0 98
757 2917 0 15
758 6885 0 94
759 825 0 11
760 5114 0 91
761 746 0 21
762 1262 0 10
763 742 1 376
764 1420 0 9
765 3042 0 44
766 922 0 11
767 1680 0 32
768 1125 0 10
769 446 0 13
770 3239 0 25
771 702 0 48
772 1427 0 11
773 2187 0 11
774 492 0 13
775 1412 0 16
776 2830 0 11
777 2063 0 26
778 839 0 85
779 463 0 42
780 1330 0 12
781 6173 0 118
782 718 0 11
783 823 0 9
784 1587 0 35
785 1513 0 48
786 5019 0 218
787 3353 0 7
788 12228 0 7
789 1113 0 1
790 1528 0 58
791 1559 0 11
792 1307 0 13
793 13553 0 38
794 1096 0 20
795 739 0 11
796 886 0 46
797 17472 0 15
798 3176 0 98
799 1990 0 73
800 452 0 218
801 1974 0 8
802 1981 0 75
803 1778 0 15
804 564 0 22
805 1333 0 11
806 1876 0 40
807 648 0 13
808 2404 0 72
809 2836 0 82
810 893 0 87
811 2348 0 11
812 813 0 13
813 204 0 63
814 901 0 14
815 232 0 21
816 881 0 103
817 1662 0 12
818 694 0 22
819 1537 0 9
820 1954 0 12
821 2820 0 8
822 962 0 10
823 349 0 11
824 487 0 18
825 2564 0 10
826 1273 0 9
827 2254 0 11
828 508 0 12
829 5077 0 13
830 1834 0 47
831 2557 0 94
832 1647 0 13
833 3736 0 28
834 2393 0 9
835 3262 0 2
836 12201 0 71
837 677 0 32
838 1793 0 13
839 2567 0 42
840 1518 0 12
841 366 0 11
842 971 0 26
843 1060 0 13
844 754 0 13
845 1015 0 8
846 1144 0 21
847 668 0 34
848 957 0 9
849 1122 0 31
850 2729 0 159
851 1328 0 13
852 984 0 10
853 5026 0 29
854 579 0 19
855 7051 0 18
856 489 0 158
857 1429 0 9
858 1283 0 35
859 6837 0 13
860 1087 0 67
861 638 0 7
862 2277 0 8
863 927 0 61
864 679 0 12
865 1510 0 10
866 914 0 11
867 1964 0 16
868 3668 0 11
869 480 0 15
870 1145 0 7
871 5039 0 11
872 1470 0 30
873 1218 0 18
874 9363 0 38
875 2480 0 17
876 1399 0 28
877 622 1 0
878 2920 0 11
879 5093 0 156
880 6363 0 14
881 311 0 63
882 1824 0 6
883 657 0 37
884 1516 0 14
885 1196 0 7
886 1179 0 144
887 1984 0 262
888 1934 1 279
889 3219 0 11
890 1169 0 11
891 932 0 12
892 1387 0 17
893 2769 0 7
894 14354 0 13
895 816 0 45
896 2617 0 20
897 5797 0 132
898 739 0 40
899 1652 0 36
900 1324 0 12
901 2157 0 29
902 520 0 64
903 1153 0 136
904 5951 0 9
905 576 0 50
906 1306 0 11
907 693 0 11
908 3375 0 93
909 989 0 43
910 194 0 167
911 1137 0 76
912 2762 0 8
913 5008 0 29
914 981 0 10
915 3141 0 97
916 1011 0 71
917 627 0 11
918 359 0 172
919 976 0 9
920 1584 0 8
921 946 0 20
922 3161 0 8
923 3167 0 25
924 1516 0 15
925 2087 0 18
926 2427 0 11
927 3233 0 49
928 469 0 30
929 1323 0 9
930 2223 0 13
931 1283 0 13
932 406 0 13
933 909 0 7
934 1260 0 39
935 370 0 22
936 171 0 25
937 989 0 7
938 1185 0 11
939 790 0 13
940 9488 0 11
941 3250 0 9
942 1975 0 86
943 173 0 130
944 5113 0 38
945 1513 0 11
946 371 0 11
947 1184 0 12
948 13593 0 31
949 642 0 11
950 381 0 8
951 989 1 16
952 1054 0 15
953 966 0 12
954 5053 0 10
955 1337 0 63
956 2870 0 8
957 1757 1 19
958 13568 0 19
959 868 0 46
960 1332 0 148
961 1208 0 12
962 3225 0 69
963 13101 0 180
964 1054 0 42
965 1538 0 341
966 992 0 11
967 1979 0 41
968 636 0 9
969 2381 0 13
970 537 0 9
971 968 0 142
972 676 0 13
973 931 0 145
974 1977 0 9
975 560 0 36
976 1083 0 6
977 598 0 13
978 7169 0 22
979 693 0 171
980 1362 0 9
981 7357 0 128
982 2415 0 72
983 3323 0 10
984 6226 0 25
985 552 0 35
986 1217 0 10
987 583 1 503
988 895 0 25
989 698 0 12
990 17484 0 53
991 3254 0 13
992 1023 0 9
993 532 0 10
994 388 0 120
995 1206 0 152
996 1842 0 12
997 1053 0 143
998 1007 1 400
999 989 0 7
1000 2839 0 11
1001 987 0 62
1002 1977 0 14
1003 5106 0 100
1004 617 0 19
1005 1545 0 8
1006 1218 0 15
1007 3665 0 11
1008 14416 0 29
1009 660 0 29
1010 801 0 24
1011 1730 0 23
1012 995 0 35
1013 13569 0 10
1014 2911 0 12
1015 876 0 10
1016 3378 0 11
1017 3171 0 12
1018 595 0 13
1019 2453 0 12
1020 5140 0 147
1021 886 0 16
1022 1958 0 9
1023 1271 0 8
1024 704 0 19
1025 1513 0 72
1026 1329 0 11
1027 12137 0 778
1028 1600 0 11
1029 768 0 9
1030 1556 0 11
1031 1509 0 12
1032 411 0 27
1033 1009 0 19
1034 1246 0 168
1035 1662 1 0
1036 1981 0 42
1037 3471 1 40
1038 704 0 5
1039 1415 0 30
1040 8829 0 89
1041 1946 0 34
1042 1250 0 78
1043 1152 0 65
1044 12755 0 15
1045 672 0 88
1046 420 0 12
1047 5034 0 157
1048 6666 0 8
1049 711 0 13
1050 3267 0 11
1051 742 0 73
1052 1482 0 127
1053 2075 0 10
1054 1982 0 12
1055 13598 0 24
1056 1279 0 8
1057 2371 0 16
1058 2783 0 12
1059 2164 0 178
1060 975 0 11
1061 1356 0 12
1062 3322 0 8
1063 2032 0 17
1064 1635 0 13
1065 427 0 44
1066 737 0 34
1067 2631 0 34
1068 9310 0 10
1069 1988 0 90
1070 1146 0 9
1071 1031 0 11
1072 1064 0 63
1073 674 0 263
1074 2524 0 8
1075 2083 0 49
1076 689 0 50
1077 1225 0 53
1078 1166 0 30
1079 734 0 12
1080 2027 1 27
1081 2999 0 7
1082 522 0 10
1083 7015 0 7
1084 646 0 31
1085 293 0 13
1086 409 0 9
1087 2502 0 9
1088 1116 0 97
1089 2234 0 8
1090 1275 0 11
1091 794 0 73
1092 539 0 8
1093 7739 0 83
1094 281 0 3
1095 187 0 74
1096 2679 0 19
1097 180 0 13
1098 2562 0 43
1099 3277 0 13
1100 1039 0 10
1101 1854 0 9
1102 366 0 10
1103 6366 1 618
1104 3323 0 107
1105 735 0 32
1106 5035 0 1
1107 3595 0 16
1108 1184 0 7
1109 720 0 10
1110 9979 1 0
1111 7975 0 38
1112 962 0 11
1113 823 0 8
1114 2625 0 187
1115 450 0 8
1116 3164 0 39
1117 1969 1 0
1118 1582 0 16
1119 1500 0 51
1120 2060 0 36
1121 1260 0 7
1122 2026 0 13
1123 7932 0 8
1124 1516 0 6
1125 793 0 13
1126 6453 0 39
1127 1673 0 10
1128 3704 0 10
1129 1575 0 10
1130 828 0 6
1131 692 0 147
1132 1057 0 100
1133 1526 0 15
1134 765 0 12
1135 646 0 10
1136 1296 0 12
1137 758 0 25
1138 612 0 59
1139 2202 0 130
1140 793 0 10
1141 2160 0 56
1142 598 0 11
1143 1239 0 11
1144 1213 1 18
1145 297 0 12
1146 1186 0 17
1147 2074 0 70
1148 3303 0 47
1149 2020 0 22
1150 922 0 55
1151 612 1 401
1152 7389 0 30
1153 270 0 9
1154 1449 0 616
1155 7154 0 9
1156 1848 0 96
1157 777 1 0
1158 1218 0 12
1159 923 0 11
1160 725 0 55
1161 610 0 40
1162 865 0 6
1163 526 0 10
1164 5100 1 0
1165 529 0 182
1166 1984 0 9
1167 1150 0 9
1168 566 0 38
1169 7317 0 52
1170 172 0 28
1171 12770 0 73
1172 1018 0 222
1173 6561 0 20
1174 1386 0 11
1175 989 0 12
1176 3295 1 0
1177 671 0 28
1178 2088 0 16
1179 7043 0 18
1180 1401 0 11
1181 1089 0 47
1182 875 0 29
1183 1513 0 19
1184 1623 0 19
1185 679 0 110
1186 7725 0 9
1187 3947 0 7
1188 1398 0 9
1189 1009 0 8
1190 11791 0 14
1191 591 0 11
1192 50 0 8
1193 620 0 54
1194 1274 0 29
1195 1308 0 22
1196 12644 0 11
1197 5109 0 151
1198 226 0 8
1199 303 0 16
1200 823 0 10
1201 1117 0 31
1202 829 0 10
1203 1401 0 8
1204 1681 0 93
1205 1011 0 11
1206 7263 1 18
1207 552 0 103
1208 1518 0 28
1209 1429 0 29
1210 5009 0 110
1211 1522 0 73
1212 6246 0 10
1213 1330 0 22
1214 1075 0 35
1215 7944 0 0
1216 456 0 38
1217 2374 0 7
1218 1082 0 11
1219 1059 0 38
1220 2116 0 28
1221 683 0 14
1222 2943 0 23
1223 1239 1 0
1224 2557 0 16
1225 1975 0 37
1226 2001 0 9
1227 2227 0 11
1228 3201 0 9
1229 797 0 12
1230 8106 0 42
1231 3011 0 10
1232 2267 0 7
1233 1513 1 0
1234 962 0 43
1235 2891 0 45
1236 471 0 24
1237 837 0 18
1238 1039 0 15
1239 1119 0 11
1240 3299 1 0
1241 1204 0 11
1242 6243 0 6
1243 590 0 45
1244 3378 0 19
1245 1084 0 70
1246 1059 0 11
1247 2510 0 7
1248 1839 0 10
1249 549 0 9
1250 6449 0 152
1251 2599 0 11
1252 2601 0 27
1253 708 0 15
1254 758 0 154
1255 6056 0 10
1256 1975 0 9
1257 993 0 9
1258 620 0 9
1259 392 0 75
1260 1905 0 89
1261 5045 0 147
1262 2822 0 55
1263 1157 0 37
1264 1352 0 33
1265 879 0 70
1266 1513 1 0
1267 2601 0 13
1268 1332 0 9
1269 1022 0 72
1270 1247 1 267
1271 463 0 26
1272 748 0 15
1273 954 0 73
1274 5054 0 11
1275 1867 0 12
1276 16215 0 10
1277 897 0 9
1278 1177 0 36
1279 6197 0 8
1280 497 0 28
1281 1521 0 10
1282 2937 0 34
1283 428 0 13
1284 3194 0 27
1285 2908 0 82
1286 3328 0 5
1287 21 0 11
1288 1438 0 40
1289 3353 0 11
1290 538 0 27
1291 3206 0 35
1292 13568 0 17
1293 6742 0 54
1294 2834 0 5
1295 442 0 78
1296 587 0 198
1297 1053 0 30
1298 549 0 27
1299 2280 0 56
1300 1137 0 47
1301 1267 0 107
1302 3726 0 26
1303 464 0 16
1304 1034 0 13
1305 535 0 136
1306 470 0 37
1307 1110 0 158
1308 1361 0 26
1309 1399 0 8
1310 6926 0 14
1311 177 0 8
1312 2852 0 78
1313 2920 0 92
1314 694 0 10
1315 622 0 23
1316 908 0 24
1317 4202 0 13
1318 3192 0 10
1319 1692 0 31
1320 1022 0 30
1321 1511 0 17
1322 102 0 303
1323 700 0 254
1324 2517 0 13
1325 7386 0 12
1326 2766 1 0
1327 1567 0 34
1328 6127 0 70
1329 2807 0 10
1330 1113 0 9
1331 1074 0 49
1332 1272 0 31
1333 2112 0 35
1334 1511 0 13
1335 3670 0 9
1336 1064 0 67
1337 3791 0 240
1338 511 0 76
1339 6259 0 7
1340 765 0 12
1341 7686 0 13
1342 320 0 11
1343 1309 0 10
1344 1838 0 17
1345 1862 0 7
1346 1277 0 181
1347 4804 1 7
1348 974 0 33
1349 628 0 28
1350 1124 0 19
1351 6922 0 12
1352 1671 0 11
1353 206 0 44
1354 989 0 82
1355 167 0 92
1356 627 0 11
1357 2737 0 9
1358 1333 0 12
1359 3113 0 11
1360 5120 0 12
1361 416 0 87
1362 2373 0 32
1363 1513 0 48
1364 2963 0 42
1365 1372 0 58
1366 4465 0 91
1367 378 0 7
1368 990 0 12
1369 243 0 7
1370 3675 0 12
1371 798 0 9
1372 2434 0 27
1373 723 0 13
1374 929 0 8
1375 341 0 17
1376 6 0 29
1377 552 0 7
1378 394 0 7
1379 1962 1 472
1380 6730 0 10
1381 1135 0 8
1382 3270 0 10
1383 7592 0 8
1384 989 0 8
1385 782 0 33
1386 948 0 53
1387 919 0 13
1388 889 0 8
1389 1991 0 128
1390 321 0 14
1391 960 0 80
1392 1982 0 67
1393 199 0 28
1394 2956 0 20
1395 498 0 41
1396 1744 1 128
1397 1043 0 93
1398 1015 0 46
1399 7402 0 74
1400 570 1 0
1401 3172 0 50
1402 836 0 40
1403 2480 0 8
1404 3596 0 10
1405 657 0 9
1406 337 0 10
1407 1832 0 20
1408 634 0 14
1409 1481 0 153
1410 1505 0 10
1411 885 0 11
1412 1107 0 84
1413 3233 0 41
1414 1095 0 10
1415 12583 0 12
1416 582 0 13
1417 785 0 10
1418 2816 0 151
1419 1031 0 12
1420 1193 0 29
1421 1109 0 7
1422 1526 0 10
1423 738 0 14
1424 300 0 16
1425 1633 0 19
1426 1513 0 14
1427 3162 0 265
1428 495 0 17
1429 1511 0 37
1430 1187 0 25
1431 7407 0 39
1432 1595 0 10
1433 1153 0 38
1434 903 0 44
1435 653 0 11
1436 900 0 39
1437 2898 0 7
1438 3208 1 20

3 1 669
8
1439 3402 0 8
1440 2788 0 11
1441 1516 1 0
1442 648 0 37
1443 1757 0 36
1444 3278 0 30
1445 3553 0 80
1446 414 0 9

4 1 684
1
1447 1802 0 7

5 1 705
26
1448 5112 0 121
1449 3146 0 65
1450 3293 0 13
1451 730 0 15
1452 3015 0 9
1453 1980 0 9
1454 211 0 11
1455 1192 0 8
1456 13375 0 13
1457 850 0 19
1458 742 0 34
1459 1985 0 17
1460 1968 0 12
1461 1979 0 0
1462 750 0 8
1463 748 0 11
1464 902 0 7
1465 2140 0 14
1466 508 0 69
1467 1946 0 229
1468 856 0 41
1469 485 0 12
1470 1324 0 45
1471 3297 0 10
1472 3343 0 227
1473 967 0 142

6 1 968
23
1474 338 0 8
1475 626 0 11
1476 7349 0 19
1477 5979 0 15
1478 1115 0 110
1479 781 0 12
1480 1943 0 229
1481 1979 0 8
1482 7500 0 115
1483 1985 0 8
1484 1255 0 10
1485 1248 0 79
1486 7390 0 10
1487 376 0 130
1488 1395 0 10
1489 5091 0 13
1490 2528 0 49
1491 2489 0 29
1492 1445 0 10
1493 1289 0 38
1494 151 0 37
1495 958 1 36
1496 638 0 29

7 1 969
1
1497 2352 0 10

8 1 1441
183
1498 1667 0 3
1499 5038 0 11
1500 1951 0 110
1501 884 0 12
1502 1670 0 14
1503 5861 0 15
1504 839 1 24
1505 1865 0 33
1506 12823 0 40
1507 1944 0 16
1508 3218 0 12
1509 441 0 7
1510 1365 0 13
1511 437 0 10
1512 1985 0 49
1513 3149 0 38
1514 674 0 11
1515 1244 0 135
1516 1056 0 38
1517 271 0 10
1518 1348 0 21
1519 1135 0 29
1520 2634 0 13
1521 406 0 35
1522 2218 0 40
1523 1942 0 12
1524 1967 0 43
1525 1103 0 8
1526 694 0 18
1527 1313 0 81
1528 665 0 13
1529 1111 0 11
1530 414 0 23
1531 1068 0 7
1532 3712 0 65
1533 1831 0 10
1534 1093 0 37
1535 1205 0 142
1536 1354 0 220
1537 2143 0 10
1538 410 0 92
1539 1317 0 8
1540 823 0 11
1541 302 0 9
1542 595 0 103
1543 1180 0 165
1544 1126 0 25
1545 278 0 6
1546 7500 0 26
1547 425 0 11
1548 8685 1 15
1549 8314 0 16
1550 809 0 13
1551 1013 0 14
1552 7473 0 11
1553 1775 0 200
1554 1027 0 128
1555 1190 0 100
1556 568 0 33
1557 626 0 9
1558 612 0 12
1559 247 1 208
1560 1204 0 3
1561 8841 0 9
1562 2930 0 41
1563 1149 0 11
1564 175 0 11
1565 188 0 12
1566 5022 0 11
1567 1948 0 9
1568 1269 0 8
1569 978 0 28
1570 827 0 1
1571 3160 0 9
1572 11820 0 7
1573 2311 0 205
1574 617 0 18
1575 3229 0 13
1576 767 0 39
1577 1320 0 12
1578 1104 0 9
1579 8606 0 13
1580 294 0 69
1581 3359 0 11
1582 1405 0 7
1583 1266 0 11
1584 1904 0 12
1585 3435 0 18
1586 198 0 70
1587 867 0 37
1588 3608 0 8
1589 2426 0 70
1590 1887 0 19
1591 932 0 203
1592 13594 0 25
1593 1552 0 12
1594 1985 0 142
1595 2866 0 14
1596 3043 0 7
1597 1810 0 13
1598 283 0 73
1599 1264 0 25
1600 3092 0 12
1601 545 0 43
1602 3231 0 12
1603 254 0 9
1604 11976 0 7
1605 1083 0 9
1606 607 0 13
1607 3143 0 13
1608 1505 0 8
1609 2095 1 19
1610 3545 0 9
1611 1206 0 17
1612 713 0 71
1613 981 0 9
1614 1882 0 19
1615 2565 0 56
1616 834 0 7
1617 1968 0 8
1618 587 0 51
1619 1403 0 29
1620 1374 0 10
1621 1857 0 16
1622 2254 0 18
1623 1511 0 343
1624 1291 0 97
1625 5115 0 10
1626 3327 0 17
1627 459 0 24
1628 948 1 73
1629 1066 0 10
1630 1358 0 9
1631 6671 0 10
1632 1113 0 13
1633 38 0 65
1634 2584 0 9
1635 6365 0 10
1636 2338 0 13
1637 5 0 25
1638 320 0 16
1639 2941 0 8
1640 373 0 44
1641 1723 0 8
1642 1538 0 12
1643 6361 0 11
1644 441 0 28
1645 1405 0 13
1646 1952 0 39
1647 744 0 101
1648 2918 0 414
1649 426 0 38
1650 823 0 40
1651 739 0 22
1652 1397 0 113
1653 3312 0 9
1654 2844 0 14
1655 3456 0 71
1656 1585 0 14
1657 605 0 20
1658 1262 0 59
1659 2739 0 212
1660 230 0 8
1661 2870 0 132
1662 2706 0 39
1663 2342 0 11
1664 5093 0 12
1665 2442 0 7
1666 1984 0 12
1667 1526 0 7
1668 2037 0 73
1669 2535 0 12
1670 1447 0 8
1671 3174 0 71
1672 13571 0 23
1673 1935 0 10
1674 257 0 9
1675 823 0 7
1676 3258 0 13
1677 1018 0 145
1678 2838 0 9
1679 792 0 37
1680 2694 0 12

9 0 1448
49
1681 9366 0 11
1682 989 0 8
1683 733 0 10
1684 775 0 16
1685 565 0 129
1686 2656 0 32
1687 713 0 10
1688 2292 0 26
1689 1581 0 130
1690 1021 0 39
1691 3307 0 12
1692 1031 0 91
1693 1099 0 12
1694 1696 0 10
1695 6776 0 9
1696 989 0 39
1697 1715 0 7
1698 2863 0 10
1699 1345 0 16
1700 5155 0 19
1701 416 0 8
1702 3250 0 13
1703 1306 0 28
1704 9495 1 61
1705 3360 0 28
1706 1359 0 11
1707 1258 0 70
1708 2394 0 10
1709 2417 0 24
1710 2817 0 54
1711 188 0 37
1712 977 0 9
1713 57 0 14
1714 1150 0 81
1715 2100 0 8
1716 5002 1 537
1717 766 0 10
1718 1291 0 9
1719 1329 0 89
1720 612 0 9
1721 738 0 9
1722 387 0 9
1723 1424 0 83
1724 513 0 11
1725 609 0 49
1726 7471 0 58
1727 2403 0 105
1728 1513 0 150
1729 539 0 9

10 1 1449
2
1730 181 0 103
1731 3255 0 10

11 1 1450
167
1732 1538 0 14
1733 2401 0 7
1734 3329 0 11
1735 1845 0 8
1736 13014 0 9
1737 730 0 11
1738 2392 0 27
1739 1179 0 16
1740 1974 0 10
1741 8180 0 29
1742 740 0 38
1743 445 0 12
1744 3263 0 68
1745 3278 0 7
1746 1511 0 10
1747 762 0 11
1748 1088 0 7
1749 1587 0 21
1750 898 0 103
1751 1944 0 50
1752 1126 0 47
1753 177 0 110
1754 1774 0 7
1755 1514 0 38
1756 1051 0 12
1757 513 0 43
1758 2605 0 36
1759 847 0 17
1760 2898 0 22
1761 605 0 18
1762 566 0 12
1763 1090 0 45
1764 1262 0 14
1765 3140 0 14
1766 753 0 72
1767 202 0 39
1768 2506 0 83
1769 220 0 12
1770 2511 0 9
1771 16096 0 54
1772 2378 0 7
1773 810 0 29
1774 2876 0 16
1775 1518 0 9
1776 1413 0 44
1777 406 0 70
1778 1108 0 21
1779 1333 0 7
1780 685 0 120
1781 2033 0 12
1782 537 0 76
1783 5129 0 12
1784 1311 0 10
1785 1952 0 28
1786 855 0 11
1787 1066 1 18
1788 1072 0 12
1789 7049 0 98
1790 575 0 12
1791 246 0 42
1792 590 0 16
1793 983 0 11
1794 821 0 10
1795 14373 0 10
1796 1089 0 21
1797 1258 0 24
1798 2930 0 15
1799 3928 0 8
1800 858 0 34
1801 1412 0 44
1802 822 0 8
1803 2350 0 42
1804 480 0 67
1805 1111 0 36
1806 3212 0 53
1807 17318 0 11
1808 3087 0 27
1809 749 0 28
1810 547 0 29
1811 1396 0 11
1812 1951 0 27
1813 7265 0 84
1814 809 0 76
1815 1181 0 8
1816 171 0 11
1817 3379 0 7
1818 1353 0 10
1819 14462 0 8
1820 1085 0 29
1821 1144 0 9
1822 368 0 27
1823 956 0 24
1824 2025 0 114
1825 4144 0 13
1826 1006 0 15
1827 1757 0 150
1828 2229 0 31
1829 1392 0 7
1830 1804 0 19
1831 457 0 9
1832 1663 0 20
1833 1136 0 6
1834 1052 0 48
1835 1372 0 13
1836 645 0 7
1837 1188 0 35
1838 471 0 80
1839 5113 0 345
1840 866 0 147
1841 2579 0 13
1842 1534 0 20
1843 9311 0 36
1844 498 1 0
1845 2322 1 0
1846 596 0 206
1847 1380 0 10
1848 1459 0 31
1849 2918 0 128
1850 672 0 18
1851 446 1 0
1852 13377 0 37
1853 869 0 26
1854 307 0 12
1855 1286 0 11
1856 499 0 12
1857 992 0 120
1858 1061 0 10
1859 569 0 74
1860 897 0 7
1861 1200 0 26
1862 5019 0 12
1863 1430 0 8
1864 303 0 118
1865 14675 0 12
1866 1643 0 131
1867 1958 0 101
1868 742 0 18
1869 3175 0 10
1870 8115 0 19
1871 1477 0 11
1872 466 0 20
1873 839 1 317
1874 1053 0 21
1875 2579 0 12
1876 1010 0 12
1877 1975 0 9
1878 1242 0 38
1879 1943 0 11
1880 3307 0 7
1881 13568 0 149
1882 1949 0 12
1883 456 0 21
1884 195 0 19
1885 8837 0 22
1886 797 0 8
1887 447 0 18
1888 7337 0 11
1889 1660 0 72
1890 2873 0 9
1891 1023 1 0
1892 1007 1 123
1893 1976 0 30
1894 5023 0 71
1895 5801 0 27
1896 1275 0 224
1897 333 0 9
1898 1297 0 317

12 0 1450
184
1899 428 0 9
1900 3699 0 17
1901 1802 0 207
1902 1537 0 123
1903 1119 0 85
1904 7579 1 618
1905 126 0 7
1906 1977 0 9
1907 372 0 8
1908 6240 0 21
1909 3654 0 11
1910 1324 0 11
1911 669 0 8
1912 3099 0 9
1913 1982 0 70
1914 2897 0 7
1915 440 0 1
1916 875 0 32
1917 11973 0 8
1918 405 0 39
1919 411 0 13
1920 3293 0 12
1921 1942 0 11
1922 500 0 8
1923 1711 0 10
1924 181 0 12
1925 7300 0 10
1926 7384 0 18
1927 782 0 14
1928 541 0 15
1929 2344 0 12
1930 2530 0 61
1931 1012 0 7
1932 16396 0 11
1933 2010 0 23
1934 181 0 12
1935 1250 1 0
1936 1757 0 62
1937 1429 0 10
1938 2815 0 15
1939 1207 0 222
1940 1155 0 15
1941 988 0 69
1942 2067 0 8
1943 557 0 30
1944 374 0 30
1945 1719 0 9
1946 1114 0 170
1947 2013 0 71
1948 1943 0 8
1949 9982 0 11
1950 1069 0 11
1951 1021 0 7
1952 489 0 11
1953 6453 0 176
1954 3257 0 7
1955 1149 0 16
1956 3320 0 69
1957 374 0 12
1958 3529 0 7
1959 1001 0 39
1960 242 0 11
1961 1513 0 11
1962 163 0 13
1963 496 0 15
1964 3334 0 21
1965 1017 1 0
1966 563 0 17
1967 1298 0 57
1968 1642 0 6
1969 3142 0 18
1970 541 1 18
1971 1581 0 27
1972 3233 0 66
1973 504 0 13
1974 2664 0 12
1975 1871 0 32
1976 909 0 13
1977 2936 0 52
1978 7378 0 188
1979 980 0 9
1980 293 0 0
1981 12568 1 26
1982 5073 0 49
1983 7048 0 8
1984 6255 0 23
1985 5152 0 78
1986 1131 0 40
1987 645 0 27
1988 6747 0 11
1989 5034 0 44
1990 826 0 148
1991 700 1 20
1992 767 1 30
1993 498 0 71
1994 6755 0 8
1995 1361 0 2
1996 2000 1 0
1997 1216 0 17
1998 1883 0 14
1999 6362 0 8
2000 568 0 47
2001 342 0 7
2002 989 0 8
2003 446 0 15
2004 2916 0 9
2005 591 0 8
2006 5028 0 10
2007 1647 0 36
2008 1856 1 1
2009 846 0 12
2010 1636 0 7
2011 300 0 7
2012 1416 0 21
2013 12662 0 43
2014 1371 0 10
2015 2259 0 10
2016 989 0 19
2017 1518 0 108
2018 321 0 10
2019 191 0 9
2020 665 0 145
2021 1208 0 118
2022 579 0 48
2023 3101 0 17
2024 3762 0 112
2025 440 0 65
2026 902 0 11
2027 823 0 27
2028 1534 0 7
2029 1314 0 14
2030 3312 0 3
2031 951 0 70
2032 1324 0 39
2033 725 0 15
2034 423 0 98
2035 736 0 45
2036 569 0 11
2037 171 0 26
2038 2474 0 11
2039 488 0 15
2040 802 0 16
2041 591 0 125
2042 3305 0 6
2043 1074 0 17
2044 452 0 12
2045 1363 0 22
2046 1349 0 25
2047 569 0 18
2048 1346 0 42
2049 7368 0 12
2050 1298 0 7
2051 997 0 7
2052 702 0 186
2053 916 0 15
2054 2782 0 11
2055 3068 0 11
2056 1452 0 19
2057 602 0 799
2058 656 0 13
2059 5136 0 30
2060 7698 1 0
2061 1122 0 7
2062 746 0 220
2063 1286 0 10
2064 1536 0 52
2065 828 0 81
2066 1799 0 24
2067 6245 0 7
2068 7168 0 13
2069 656 0 11
2070 1969 0 11
2071 7847 0 16
2072 2267 0 7
2073 200 0 12
2074 388 0 12
2075 2888 0 18
2076 2887 0 201
2077 2697 0 51
2078 412 0 102
2079 5142 0 9
2080 1295 0 43
2081 510 0 7
2082 5028 0 20

13 1 1452
3
2083 1118 0 11
2084 250 0 99
2085 1380 0 41

14 1 1454
1
2086 959 0 55

15 0 1458
1
2087 5120 0 83

16 1 1465
85
2088 3373 0 11
2089 921 0 13
2090 648 0 8
2091 3311 0 8
2092 3367 0 19
2093 1813 0 26
2094 560 0 29
2095 3263 0 12
2096 732 0 14
2097 208 0 360
2098 498 0 11
2099 2392 0 40
2100 3017 0 11
2101 1953 0 13
2102 3620 0 11
2103 11792 1 0
2104 6744 0 11
2105 3293 0 37
2106 1174 0 8
2107 1965 0 255
2108 1012 0 9
2109 522 0 9
2110 2620 0 9
2111 1431 0 9
2112 1627 0 13
2113 3274 0 12
2114 1064 0 41
2115 506 1 0
2116 1084 0 46
2117 2563 1 26
2118 942 0 62
2119 1948 0 52
2120 1347 0 15
2121 723 0 10
2122 633 0 11
2123 3181 0 68
2124 1530 0 172
2125 793 0 18
2126 3105 0 11
2127 1617 0 48
2128 3368 0 22
2129 633 1 124
2130 989 0 72
2131 757 0 7
2132 3287 0 18
2133 1513 0 54
2134 676 0 22
2135 2255 0 13
2136 1389 0 12
2137 1425 0 10
2138 1947 0 9
2139 2023 0 6
2140 2048 0 32
2141 1423 0 10
2142 3341 0 7
2143 1184 0 8
2144 1502 0 6
2145 349 0 64
2146 1087 0 15
2147 12535 0 10
2148 1087 0 34
2149 3470 0 10
2150 1100 0 11
2151 557 0 10
2152 1237 1 0
2153 1422 0 11
2154 1990 0 16
2155 2611 0 35
2156 345 0 122
2157 7335 0 11
2158 1304 1 0
2159 10569 0 38
2160 1641 0 46
2161 776 0 41
2162 2906 0 71
2163 816 0 7
2164 428 0 13
2165 5125 1 21
2166 7700 0 158
2167 393 0 14
2168 1750 0 47
2169 1214 0 23
2170 3201 0 10
2171 133 0 11
2172 1523 0 11

17 1 1472
23
2173 1373 0 72
2174 5004 0 14
2175 6919 0 8
2176 841 0 69
2177 784 0 10
2178 8886 0 8
2179 1516 0 7
2180 1431 0 12
2181 1736 0 106
2182 746 0 272
2183 1447 0 12
2184 2804 0 11
2185 1538 0 10
2186 759 0 11
2187 2605 0 10
2188 1415 0 9
2189 3285 0 9
2190 1082 0 7
2191 1062 0 10
2192 1236 0 11
2193 1095 0 31
2194 17146 0 16
2195 1531 0 12

18 1 1492
1051
2196 9500 0 10
2197 2817 0 96
2198 171 0 91
2199 1003 0 21
2200 2928 0 160
2201 6952 0 15
2202 186 0 46
2203 2057 0 11
2204 570 0 12
2205 1754 0 19
2206 7 0 29
2207 11382 0 18
2208 989 0 42
2209 16459 0 8
2210 7471 0 92
2211 1171 0 59
2212 576 0 165
2213 5145 1 0
2214 1149 0 277
2215 112 0 11
2216 5075 0 9
2217 2486 0 81
2218 545 0 13
2219 332 0 15
2220 1427 1 101
2221 2350 0 13
2222 1735 0 12
2223 1416 0 80
2224 957 0 163
2225 2859 0 295
2226 1511 0 14
2227 3923 0 31
2228 2245 0 93
2229 1991 0 11
2230 1513 0 7
2231 998 0 7
2232 1205 0 186
2233 854 0 10
2234 733 0 38
2235 353 0 19
2236 1251 1 1108
2237 3342 0 10
2238 769 0 19
2239 7384 0 31
2240 2588 0 11
2241 6741 0 107
2242 799 0 67
2243 2346 0 12
2244 5154 0 11
2245 1695 0 24
2246 1448 1 0
2247 2835 0 110
2248 3211 0 13
2249 8118 0 11
2250 3328 0 11
2251 535 0 22
2252 778 0 131
2253 3377 0 17
2254 6186 0 34
2255 408 0 7
2256 2038 0 40
2257 1609 0 9
2258 27 0 98
2259 2848 0 163
2260 3214 0 17
2261 2347 0 30
2262 654 0 9
2263 2807 0 98
2264 1197 0 8
2265 5125 0 98
2266 1171 0 10
2267 1076 0 13
2268 1037 0 71
2269 7175 0 11
2270 1771 0 50
2271 573 0 18
2272 196 0 14
2273 6186 0 11
2274 203 0 10
2275 601 0 10
2276 648 0 107
2277 5133 0 40
2278 2911 0 30
2279 553 0 14
2280 725 0 34
2281 2395 0 229
2282 1952 0 76
2283 754 0 7
2284 663 0 8
2285 1231 0 23
2286 7271 0 23
2287 1354 0 10
2288 319 0 12
2289 641 0 76
2290 128 0 9
2291 1810 0 9
2292 3247 0 82
2293 1498 0 8
2294 351 0 23
2295 103 0 6
2296 1083 0 13
2297 5112 0 10
2298 1407 0 16
2299 324 0 9
2300 437 0 9
2301 896 1 0
2302 2554 0 29
2303 3208 0 9
2304 7048 0 7
2305 9981 0 18
2306 1173 0 20
2307 7320 0 112
2308 1768 0 13
2309 7736 0 15
2310 714 0 12
2311 832 0 16
2312 7050 0 72
2313 1423 0 31
2314 1516 1 16
2315 2561 0 11
2316 1945 0 38
2317 1422 0 13
2318 684 0 7
2319 766 0 9
2320 842 0 7
2321 270 0 24
2322 1325 0 99
2323 3360 0 7
2324 1063 0 74
2325 551 0 107
2326 1694 0 17
2327 5040 0 11
2328 2094 0 8
2329 793 0 10
2330 2354 0 9
2331 1354 0 7
2332 1282 0 11
2333 3362 0 9
2334 2512 0 27
2335 750 0 11
2336 2841 0 11
2337 6561 0 13
2338 6730 0 8
2339 9982 1 400
2340 1516 0 111
2341 1084 0 9
2342 7873 0 40
2343 654 0 89
2344 3727 0 63
2345 2983 0 8
2346 539 0 73
2347 431 0 154
2348 509 0 10
2349 1366 0 11
2350 1197 0 15
2351 1151 0 26
2352 3225 0 13
2353 3392 0 82
2354 1959 0 8
2355 1212 0 10
2356 5014 0 20
2357 738 0 150
2358 1218 0 53
2359 904 0 60
2360 606 0 18
2361 1341 0 65
2362 1981 0 8
2363 12922 0 11
2364 1421 0 17
2365 1055 0 192
2366 644 0 57
2367 5101 0 150
2368 412 0 13
2369 447 0 11
2370 5022 0 14
2371 1977 0 254
2372 2181 0 107
2373 7270 0 78
2374 3236 0 19
2375 545 0 10
2376 515 0 11
2377 3472 0 30
2378 1185 0 33
2379 1535 0 10
2380 968 0 37
2381 3236 0 9
2382 7693 0 29
2383 883 1 400
2384 1794 1 25
2385 511 0 144
2386 422 0 44
2387 2142 0 72
2388 831 0 8
2389 1992 0 9
2390 247 0 25
2391 3354 0 12
2392 1513 0 16
2393 894 0 40
2394 3372 0 187
2395 11611 0 17
2396 2921 1 0
2397 989 0 71
2398 716 0 77
2399 2270 0 7
2400 1375 0 67
2401 228 0 40
2402 2934 0 7
2403 1356 0 12
2404 1864 0 11
2405 2863 0 10
2406 1240 0 9
2407 1629 1 20
2408 2883 0 14
2409 11907 0 229
2410 9303 0 13
2411 3654 0 12
2412 1495 0 13
2413 405 0 10
2414 319 0 47
2415 621 0 59
2416 476 0 23
2417 519 0 7
2418 2707 0 140
2419 2845 0 13
2420 169 0 129
2421 306 0 12
2422 12556 0 342
2423 846 0 10
2424 2846 0 31
2425 7678 0 11
2426 2299 0 38
2427 2195 0 10
2428 1185 0 137
2429 2907 0 10
2430 2908 0 9
2431 5024 1 3
2432 1855 0 12
2433 15438 0 19
2434 1971 0 14
2435 448 0 180
2436 1418 0 69
2437 944 0 7
2438 1327 0 123
2439 305 0 155
2440 2610 0 29
2441 1972 0 10
2442 5011 0 132
2443 3236 0 27
2444 190 0 21
2445 3371 0 42
2446 6556 0 11
2447 2820 0 40
2448 8116 0 12
2449 1289 0 65
2450 378 0 9
2451 5013 0 71
2452 220 0 12
2453 405 0 57
2454 7389 0 12
2455 171 0 11
2456 3187 0 42
2457 992 0 232
2458 2471 0 26
2459 2432 0 9
2460 754 0 92
2461 1965 0 9
2462 953 0 143
2463 434 1 198
2464 617 0 152
2465 3387 0 32
2466 1972 0 20
2467 1940 0 20
2468 1484 0 62
2469 1349 0 108
2470 995 0 33
2471 3394 0 13
2472 249 0 7
2473 1973 1 0
2474 12365 0 79
2475 707 0 8
2476 5043 0 8
2477 3762 0 27
2478 774 0 16
2479 1836 0 10
2480 2951 0 11
2481 707 0 10
2482 580 0 36
2483 768 0 21
2484 925 0 27
2485 1168 0 53
2486 7876 0 8
2487 1975 1 0
2488 2385 0 11
2489 6728 0 12
2490 1324 0 77
2491 749 0 252
2492 5011 0 19
2493 1292 0 88
2494 7176 0 11
2495 5121 0 9
2496 1035 0 68
2497 662 0 7
2498 3191 0 126
2499 1707 0 48
2500 1964 1 148
2501 419 0 10
2502 488 0 15
2503 1333 0 81
2504 537 0 33
2505 417 1 0
2506 1063 0 10
2507 1400 0 165
2508 12447 0 79
2509 3374 0 10
2510 5630 0 13
2511 1300 0 215
2512 1972 0 19
2513 712 0 7
2514 585 0 13
2515 1719 1 61
2516 825 0 66
2517 1044 0 15
2518 520 0 25
2519 6712 0 33
2520 17 0 43
2521 2461 0 10
2522 2901 0 29
2523 7561 0 66
2524 1099 0 11
2525 186 0 7
2526 1268 0 10
2527 1782 0 72
2528 977 0 66
2529 1182 0 79
2530 2837 0 11
2531 1200 0 40
2532 3109 0 27
2533 1308 0 21
2534 925 0 8
2535 16186 0 27
2536 1390 0 34
2537 329 0 15
2538 2801 0 12
2539 1831 0 99
2540 1235 0 34
2541 3139 0 11
2542 1020 0 15
2543 1912 0 43
2544 8000 0 10
2545 374 0 13
2546 817 0 13
2547 3276 0 40
2548 3373 0 11
2549 5124 0 12
2550 206 0 10
2551 415 0 42
2552 687 0 43
2553 7287 0 9
2554 2489 0 32
2555 1347 0 8
2556 2886 0 9
2557 1513 0 36
2558 1540 0 25
2559 12482 0 10
2560 1656 0 29
2561 1516 0 5
2562 416 0 23
2563 827 0 20
2564 2900 0 19
2565 1118 0 73
2566 468 0 9
2567 731 0 49
2568 17120 0 13
2569 844 0 21
2570 7733 0 12
2571 2784 1 0
2572 1108 0 19
2573 2515 0 12
2574 1425 0 100
2575 543 0 17
2576 3270 0 71
2577 2605 0 93
2578 2534 0 76
2579 5150 0 68
2580 564 0 14
2581 2915 0 100
2582 717 0 10
2583 1912 0 79
2584 1817 0 2
2585 3373 0 37
2586 9980 0 9
2587 1218 0 11
2588 3492 0 18
2589 951 0 13
2590 3249 0 29
2591 3015 0 48
2592 6519 0 9
2593 823 0 18
2594 769 0 24
2595 1949 0 12
2596 901 0 20
2597 1389 0 70
2598 5131 0 367
2599 1974 0 165
2600 1423 0 11
2601 1139 0 30
2602 1984 0 17
2603 7339 0 40
2604 2924 0 25
2605 1678 0 107
2606 2939 0 14
2607 822 0 9
2608 3098 0 9
2609 2555 0 23
2610 805 0 13
2611 1297 0 255
2612 205 0 107
2613 989 0 12
2614 1383 0 19
2615 1962 0 9
2616 15986 0 53
2617 658 0 12
2618 545 0 42
2619 1356 0 177
2620 1964 0 204
2621 3738 0 50
2622 7253 0 13
2623 330 0 39
2624 941 0 8
2625 3379 0 11
2626 1979 0 49
2627 191 0 12
2628 529 0 7
2629 434 0 10
2630 1073 0 11
2631 771 0 13
2632 304 0 8
2633 254 0 73
2634 955 0 109
2635 1162 0 11
2636 1389 0 13
2637 1517 0 26
2638 799 0 17
2639 614 0 157
2640 3222 0 13
2641 1979 0 63
2642 3221 0 72
2643 12746 0 19
2644 768 0 41
2645 851 0 35
2646 1365 0 84
2647 760 0 9
2648 1071 0 22
2649 2866 0 9
2650 273 0 27
2651 1277 0 57
2652 989 0 0
2653 601 0 10
2654 1504 0 37
2655 1392 0 8
2656 2177 0 15
2657 1095 0 12
2658 4814 0 10
2659 230 0 13
2660 5045 0 50
2661 3278 0 11
2662 1936 0 12
2663 255 1 770
2664 1484 0 98
2665 8209 1 0
2666 13016 0 36
2667 989 0 13
2668 694 0 34
2669 1802 0 34
2670 13064 0 12
2671 183 0 48
2672 7401 0 9
2673 5152 0 42
2674 2735 0 13
2675 5008 0 11
2676 277 0 27
2677 263 0 19
2678 8583 0 9
2679 1858 0 13
2680 3628 0 10
2681 231 0 79
2682 735 0 28
2683 1513 0 13
2684 1228 0 74
2685 1291 0 7
2686 919 0 24
2687 537 0 28
2688 5028 0 23
2689 932 0 202
2690 460 0 13
2691 3337 0 12
2692 530 0 11
2693 2911 0 15
2694 237 0 40
2695 1950 0 7
2696 785 0 12
2697 2411 0 25
2698 3594 0 11
2699 1274 1 18
2700 493 0 7
2701 572 0 19
2702 2044 0 17
2703 696 0 40
2704 1233 0 28
2705 1956 0 10
2706 862 0 15
2707 437 0 12
2708 3239 0 12
2709 553 0 30
2710 1666 0 11
2711 1329 0 10
2712 289 0 16
2713 3215 0 20
2714 651 1 0
2715 556 0 10
2716 1335 0 19
2717 5125 0 7
2718 540 0 42
2719 3174 0 108
2720 414 0 63
2721 2523 0 45
2722 542 0 98
2723 653 0 12
2724 389 0 16
2725 858 0 36
2726 687 0 72
2727 442 0 7
2728 835 0 128
2729 1541 0 77
2730 2936 0 33
2731 2484 0 29
2732 2475 0 40
2733 630 0 15
2734 252 0 26
2735 1128 0 10
2736 1320 0 11
2737 2545 1 30
2738 418 1 0
2739 1306 1 0
2740 989 0 13
2741 1961 0 10
2742 451 0 12
2743 514 0 166
2744 1409 0 11
2745 2234 0 6
2746 431 0 125
2747 2934 0 10
2748 1516 0 41
2749 2113 0 122
2750 745 0 15
2751 987 0 88
2752 1463 0 182
2753 3821 0 9
2754 2363 0 13
2755 2535 0 70
2756 2991 0 22
2757 1431 0 14
2758 346 0 13
2759 691 0 28
2760 420 0 11
2761 1813 0 9
2762 1112 0 100
2763 2384 0 10
2764 327 0 27
2765 428 0 39
2766 7289 0 19
2767 3140 0 7
2768 171 0 13
2769 1407 0 11
2770 1423 0 7
2771 1301 0 11
2772 1130 0 19
2773 5997 0 12
2774 1415 0 110
2775 2509 0 17
2776 1969 0 11
2777 3334 0 18
2778 7278 0 17
2779 926 0 11
2780 1188 0 7
2781 1299 0 21
2782 1963 0 70
2783 203 0 24
2784 1053 0 10
2785 766 0 50
2786 11864 0 10
2787 333 0 14
2788 1972 0 11
2789 549 0 16
2790 893 0 112
2791 1900 0 40
2792 2249 0 10
2793 1399 1 0
2794 7655 0 29
2795 228 0 12
2796 779 0 7
2797 1184 0 13
2798 906 0 13
2799 1095 0 129
2800 2565 1 16
2801 826 0 8
2802 1980 0 9
2803 994 0 6
2804 448 0 23
2805 632 0 11
2806 2298 0 181
2807 1122 0 28
2808 1089 0 131
2809 3270 1 16
2810 1219 0 6
2811 1959 0 8
2812 12637 0 24
2813 625 0 49
2814 1281 0 28
2815 1972 0 9
2816 2826 0 107
2817 1480 0 23
2818 268 0 16
2819 931 0 9
2820 3726 0 9
2821 647 0 116
2822 245 0 100
2823 3170 0 9
2824 888 0 14
2825 705 0 152
2826 1041 0 128
2827 1852 0 224
2828 6745 1 7
2829 7509 0 9
2830 612 0 182
2831 2199 0 34
2832 1096 0 10
2833 198 1 0
2834 830 0 22
2835 855 0 13
2836 13568 0 15
2837 5149 0 73
2838 1430 0 9
2839 3372 0 24
2840 3180 0 59
2841 421 0 28
2842 1414 0 8
2843 5070 0 19
2844 2121 0 63
2845 1518 0 106
2846 1100 0 98
2847 677 0 7
2848 931 0 11
2849 665 0 22
2850 2928 0 13
2851 3084 0 74
2852 1154 0 10
2853 1029 0 13
2854 164 0 11
2855 2573 0 8
2856 909 1 316
2857 772 0 267
2858 2601 0 10
2859 875 0 7
2860 1161 0 135
2861 3967 0 100
2862 5095 1 618
2863 504 0 343
2864 694 0 25
2865 2197 0 19
2866 6734 0 52
2867 676 0 8
2868 14371 0 11
2869 536 0 19
2870 3707 0 14
2871 1986 0 75
2872 1588 0 31
2873 3389 0 10
2874 9197 0 47
2875 1259 0 12
2876 825 0 10
2877 737 0 7
2878 374 0 9
2879 913 0 39
2880 577 0 11
2881 3180 0 45
2882 1089 0 12
2883 1355 0 7
2884 1933 0 7
2885 1317 0 9
2886 7387 0 153
2887 167 0 22
2888 1429 0 7
2889 2835 0 130
2890 1953 0 19
2891 1263 0 17
2892 883 0 31
2893 889 0 10
2894 1416 0 9
2895 3948 0 10
2896 2842 0 8
2897 795 0 17
2898 14820 0 10
2899 1842 0 68
2900 255 0 29
2901 3379 1 0
2902 6366 0 56
2903 322 0 89
2904 1094 0 14
2905 1975 0 13
2906 3265 0 10
2907 815 1 0
2908 3375 0 39
2909 7310 0 29
2910 1347 0 29
2911 339 0 10
2912 5013 0 36
2913 211 0 10
2914 6839 0 8
2915 3013 0 9
2916 821 0 25
2917 763 0 8
2918 824 0 11
2919 165 0 63
2920 2157 0 11
2921 922 0 8
2922 3107 0 18
2923 551 0 83
2924 1231 0 11
2925 2416 1 30
2926 2339 0 12
2927 1295 0 11
2928 716 0 17
2929 378 0 17
2930 462 0 12
2931 3017 0 107
2932 719 0 8
2933 868 0 9
2934 466 0 62
2935 1205 0 11
2936 917 0 10
2937 1708 0 12
2938 953 0 8
2939 1022 0 11
2940 1961 0 13
2941 764 0 11
2942 2943 1 31
2943 3366 0 10
2944 972 0 10
2945 3207 0 15
2946 414 0 29
2947 891 0 42
2948 1065 0 7
2949 1180 0 26
2950 5901 0 11
2951 3914 0 3
2952 1195 0 14
2953 1399 0 24
2954 7264 0 11
2955 591 0 8
2956 369 0 16
2957 227 0 7
2958 164 0 6
2959 2713 0 8
2960 3265 0 21
2961 3594 0 28
2962 784 0 220
2963 1329 0 70
2964 7034 0 23
2965 3066 0 171
2966 2860 0 83
2967 7498 0 11
2968 3524 0 36
2969 2200 1 0
2970 3259 0 302
2971 1979 0 11
2972 998 0 10
2973 1325 0 36
2974 508 1 0
2975 12421 0 7
2976 5834 0 18
2977 2373 0 9
2978 544 0 7
2979 13012 0 3
2980 1292 0 11
2981 1184 0 11
2982 818 0 17
2983 904 0 8
2984 798 0 102
2985 1336 0 19
2986 714 0 37
2987 1001 0 12
2988 1421 0 113
2989 715 0 74
2990 6780 0 42
2991 933 0 8
2992 3196 0 128
2993 489 0 68
2994 521 0 9
2995 3370 0 12
2996 3249 0 40
2997 3181 0 12
2998 3289 0 12
2999 363 0 103
3000 6277 0 16
3001 2005 0 16
3002 1947 0 11
3003 1134 0 46
3004 1943 0 173
3005 1321 0 13
3006 988 0 12
3007 1507 0 61
3008 1380 0 9
3009 1956 0 74
3010 645 1 0
3011 652 0 23
3012 774 0 21
3013 1731 0 18
3014 615 0 6
3015 3367 0 9
3016 1209 0 11
3017 3328 0 8
3018 1142 0 25
3019 644 0 8
3020 1961 0 15
3021 862 0 11
3022 3226 0 180
3023 1173 0 7
3024 1654 0 18
3025 1783 0 12
3026 5021 0 14
3027 2726 0 7
3028 757 0 30
3029 272 0 52
3030 619 0 70
3031 941 0 12
3032 1125 0 107
3033 1682 0 74
3034 2348 0 14
3035 11372 1 119
3036 643 0 7
3037 959 0 20
3038 13028 0 69
3039 1034 0 12
3040 697 0 7
3041 816 0 38
3042 838 0 9
3043 898 0 83
3044 2822 0 25
3045 1084 0 34
3046 187 0 22
3047 624 0 52
3048 11946 0 11
3049 869 0 17
3050 3228 0 78
3051 8209 0 8
3052 1421 0 307
3053 1684 0 10
3054 775 1 0
3055 550 0 11
3056 5019 0 103
3057 1411 1 25
3058 1075 0 9
3059 904 0 117
3060 24 0 111
3061 1060 0 109
3062 680 0 29
3063 1526 0 8
3064 587 0 19
3065 1536 0 47
3066 1969 0 8
3067 946 0 49
3068 1933 1 566
3069 2435 0 7
3070 406 0 6
3071 1699 0 15
3072 2886 0 9
3073 1233 0 60
3074 3567 0 59
3075 1084 0 8
3076 2821 0 10
3077 1129 0 453
3078 7172 0 40
3079 602 0 129
3080 621 0 12
3081 2628 0 13
3082 1415 0 113
3083 982 0 51
3084 206 0 26
3085 8085 0 19
3086 6522 0 8
3087 3374 0 138
3088 2445 0 15
3089 1138 0 8
3090 298 0 10
3091 1183 0 276
3092 888 1 16
3093 996 0 10
3094 1486 0 7
3095 1478 0 66
3096 978 0 21
3097 1113 0 36
3098 1230 0 8
3099 748 0 55
3100 1386 0 92
3101 7509 0 11
3102 11830 0 14
3103 11797 0 57
3104 3434 1 0
3105 1714 0 8
3106 1411 0 11
3107 1084 1 19
3108 1459 0 20
3109 659 0 13
3110 1739 0 76
3111 1552 0 13
3112 3282 0 14
3113 864 0 11
3114 2058 0 10
3115 171 0 16
3116 3226 0 40
3117 924 1 263
3118 1162 0 10
3119 2856 0 8
3120 1441 0 13
3121 7273 0 36
3122 442 0 39
3123 827 0 10
3124 1327 0 298
3125 1385 0 11
3126 6926 1 18
3127 813 0 19
3128 3002 1 26
3129 775 0 8
3130 984 0 115
3131 3243 0 37
3132 3141 0 8
3133 5040 0 7
3134 1105 0 12
3135 1428 0 19
3136 620 0 7
3137 2517 0 133
3138 2790 0 11
3139 498 0 44
3140 3372 0 152
3141 503 0 9
3142 915 0 13
3143 989 0 11
3144 463 0 165
3145 72 0 10
3146 1145 0 9
3147 1075 0 147
3148 537 0 20
3149 622 0 24
3150 5110 0 11
3151 12684 0 42
3152 772 0 131
3153 647 0 160
3154 333 0 11
3155 1161 0 25
3156 2934 0 10
3157 3695 0 11
3158 1772 1 1
3159 6362 0 8
3160 2050 0 16
3161 329 0 15
3162 1411 1 0
3163 5140 0 10
3164 3284 0 10
3165 3607 0 26
3166 1133 0 0
3167 1333 0 9
3168 3364 0 11
3169 391 0 65
3170 3187 0 39
3171 2474 0 72
3172 1157 0 38
3173 933 0 11
3174 1216 0 8
3175 1705 0 9
3176 6744 0 26
3177 1024 0 20
3178 761 0 14
3179 1055 0 13
3180 2539 0 8
3181 5064 0 38
3182 7409 0 37
3183 1952 0 12
3184 277 0 12
3185 7050 0 10
3186 14446 0 9
3187 2832 0 7
3188 3432 0 8
3189 237 0 11
3190 793 0 32
3191 592 0 155
3192 2356 0 34
3193 3318 0 40
3194 1805 0 12
3195 1086 0 179
3196 9258 0 10
3197 2961 0 9
3198 1966 0 37
3199 643 0 18
3200 700 0 10
3201 1011 0 10
3202 1416 0 9
3203 8829 0 23
3204 1903 0 51
3205 2535 0 12
3206 1324 0 10
3207 1242 0 21
3208 1833 0 18
3209 1602 0 11
3210 7395 0 11
3211 427 0 35
3212 6952 0 6
3213 489 0 13
3214 1062 0 34
3215 1086 0 9
3216 1526 0 136
3217 3190 0 110
3218 758 1 0
3219 1621 0 30
3220 1096 0 17
3221 1038 0 19
3222 7954 0 52
3223 2684 0 27
3224 7835 0 11
3225 1655 0 13
3226 4236 0 9
3227 816 0 379
3228 1407 0 97
3229 5089 0 11
3230 869 0 10
3231 1973 0 9
3232 2733 0 23
3233 1531 0 17
3234 2562 0 11
3235 17495 1 51
3236 1416 0 68
3237 5110 0 100
3238 560 0 9
3239 2941 0 12
3240 6098 0 29
3241 1073 0 111
3242 1557 0 23
3243 9985 0 21
3244 1190 0 80
3245 972 0 7
3246 3108 0 9

19 1 223374
1
3247 1283 0 14

