40

0 0 517
25
0 5124 0 7
1 8624 0 65
2 1307 1 0
3 6177 0 59
4 5090 0 131
5 1978 0 10
6 204 0 16
7 732 0 27
8 227 0 10
9 1919 0 16
10 615 0 12
11 1526 0 9
12 2727 0 14
13 569 0 41
14 1387 0 13
15 1086 0 30
16 1014 0 37
17 3200 0 134
18 2390 0 159
19 14481 0 16
20 1064 0 10
21 626 0 37
22 542 0 46
23 648 0 11
24 1420 0 14

1 1 1464
1
25 222 0 8

2 0 1495
8
26 1921 0 77
27 976 0 10
28 608 0 30
29 856 0 70
30 5055 0 33
31 190 0 8
32 955 0 50
33 3372 0 99

3 0 1815
130
34 643 0 13
35 7043 0 26
36 1306 0 173
37 163 0 100
38 1165 0 10
39 1042 0 13
40 17202 0 6
41 1104 0 67
42 930 0 52
43 6557 0 10
44 1062 0 19
45 8031 0 80
46 1933 0 13
47 1303 0 43
48 2336 0 12
49 5059 0 12
50 3225 0 13
51 7050 0 11
52 3419 0 29
53 1421 0 54
54 962 0 12
55 2939 0 7
56 6361 0 12
57 1079 0 10
58 854 0 9
59 519 0 85
60 1193 0 8
61 7679 0 12
62 1566 0 16
63 2774 0 10
64 5040 0 6
65 12023 0 7
66 634 0 46
67 3296 0 306
68 475 0 22
69 872 0 11
70 627 0 8
71 1966 0 69
72 692 0 14
73 1199 0 38
74 2872 0 18
75 880 0 8
76 7866 0 11
77 2886 0 17
78 888 0 27
79 804 0 19
80 269 0 10
81 3179 0 9
82 2796 0 50
83 1133 0 9
84 1329 0 9
85 2891 0 11
86 17500 0 6
87 889 0 18
88 1297 0 10
89 1829 0 53
90 331 0 11
91 709 0 8
92 1217 0 37
93 1044 0 11
94 945 0 74
95 781 0 8
96 206 0 43
97 2401 0 27
98 3238 1 16
99 1394 0 56
100 1378 0 12
101 2420 0 141
102 1975 0 7
103 595 0 13
104 2397 0 9
105 1945 0 217
106 6856 0 20
107 13009 0 19
108 483 0 25
109 1937 0 10
110 1522 0 187
111 1530 0 18
112 1440 0 13
113 2767 0 114
114 200 0 12
115 2292 0 8
116 3324 0 14
117 2933 0 8
118 1827 0 10
119 1066 0 12
120 2535 0 9
121 1194 0 102
122 3202 0 12
123 1307 0 28
124 998 0 11
125 3182 0 8
126 6741 0 47
127 2265 0 11
128 1257 0 11
129 1273 0 56
130 2344 0 14
131 1163 0 97
132 989 0 35
133 1336 0 13
134 668 0 7
135 584 0 28
136 7048 0 11
137 2960 0 151
138 815 0 8
139 1516 0 52
140 5056 0 208
141 3831 0 12
142 1811 0 74
143 1679 0 31
144 1208 1 0
145 2000 0 110
146 1794 0 12
147 185 0 16
148 679 0 31
149 638 0 10
150 1530 0 11
151 2283 0 315
152 1513 0 20
153 1526 0 71
154 1221 0 13
155 7717 0 39
156 3150 0 108
157 5125 0 51
158 1288 0 9
159 989 0 13
160 1792 1 20
161 1515 0 18
162 1130 0 38
163 1681 0 17

4 1 1836
56
164 1943 1 0
165 981 0 37
166 850 0 8
167 2000 0 107
168 2993 0 17
169 727 0 12
170 3024 0 14
171 1123 0 17
172 907 0 14
173 1349 0 9
174 986 0 15
175 1975 0 9
176 5064 0 10
177 1984 0 13
178 788 0 8
179 2807 0 12
180 3371 0 8
181 6509 0 31
182 883 0 32
183 1754 0 9
184 1403 0 8
185 5139 0 185
186 2756 0 10
187 1335 0 10
188 6517 0 7
189 1191 0 14
190 1957 0 5
191 2843 0 46
192 1463 0 29
193 1807 0 29
194 1041 0 90
195 260 0 17
196 1871 1 0
197 1012 1 0
198 2018 0 8
199 2210 0 43
200 3993 0 11
201 1943 0 8
202 6140 0 11
203 5969 0 19
204 1110 0 11
205 2955 0 64
206 2854 0 17
207 1294 0 148
208 3333 0 12
209 2316 0 10
210 1275 0 9
211 2356 0 63
212 3325 0 22
213 229 1 114
214 55 0 71
215 578 0 29
216 5111 0 10
217 2925 1 27
218 1381 0 16
219 171 0 13

5 1 1838
52
220 541 0 39
221 624 0 11
222 1946 0 16
223 9317 0 8
224 1405 0 23
225 1427 0 11
226 477 0 8
227 1319 0 11
228 442 0 8
229 2931 0 178
230 1521 0 12
231 707 0 14
232 1215 0 67
233 459 0 150
234 3376 0 13
235 791 0 39
236 421 0 17
237 910 0 11
238 1259 0 7
239 1239 0 10
240 1058 0 42
241 812 0 7
242 1973 0 37
243 2891 0 116
244 394 0 11
245 823 0 75
246 476 0 6
247 665 0 11
248 1221 0 66
249 885 0 11
250 1331 0 12
251 2579 0 12
252 509 0 48
253 817 0 35
254 780 0 37
255 8886 0 13
256 2786 0 33
257 190 0 54
258 3234 0 10
259 2945 0 11
260 1112 0 9
261 2822 0 11
262 823 0 11
263 436 0 14
264 3259 0 15
265 1975 0 21
266 1005 0 10
267 1210 1 29
268 915 0 11
269 1354 0 9
270 953 0 12
271 1954 0 41

6 1 1840
1079
272 1042 0 8
273 1924 0 45
274 6760 0 10
275 1635 0 58
276 1425 0 40
277 7673 0 10
278 1835 0 6
279 998 0 39
280 1990 0 10
281 2375 0 9
282 1707 0 9
283 1575 1 42
284 1005 0 7
285 1152 1 0
286 561 0 44
287 5130 0 11
288 546 0 47
289 1136 0 14
290 1170 0 35
291 1282 0 61
292 1637 0 27
293 3339 0 174
294 2907 0 38
295 679 0 233
296 3358 0 11
297 1654 0 10
298 2817 1 15
299 1141 0 7
300 175 0 11
301 7365 0 12
302 3515 0 11
303 8832 1 515
304 476 0 11
305 2358 0 13
306 989 0 19
307 4207 0 9
308 8829 0 13
309 1423 0 72
310 705 0 10
311 1796 0 10
312 2133 0 8
313 3302 0 9
314 620 0 152
315 252 0 70
316 2895 0 11
317 6542 0 14
318 402 0 12
319 2829 0 16
320 5127 0 17
321 630 0 32
322 241 0 77
323 815 0 9
324 2716 0 11
325 2965 0 12
326 1085 0 11
327 1789 0 11
328 486 0 32
329 1303 1 0
330 914 0 13
331 1338 0 7
332 3226 0 70
333 625 0 12
334 5011 0 9
335 1351 0 7
336 6732 0 135
337 3236 0 11
338 795 0 2
339 844 0 53
340 2864 0 18
341 12214 1 0
342 1474 0 14
343 3276 0 13
344 848 0 10
345 3190 0 7
346 459 0 18
347 686 0 410
348 891 0 39
349 1971 0 45
350 1065 0 9
351 393 0 14
352 3589 0 9
353 3363 0 81
354 738 0 10
355 3712 0 31
356 989 0 11
357 1966 0 7
358 1895 0 16
359 1265 0 68
360 902 0 8
361 915 0 29
362 874 0 11
363 320 0 37
364 2407 0 31
365 3368 0 192
366 581 0 7
367 1630 0 13
368 431 0 58
369 5007 0 15
370 991 0 10
371 6453 0 9
372 1364 0 14
373 741 0 49
374 3210 0 34
375 3249 0 33
376 1487 0 13
377 336 0 40
378 1538 0 12
379 2189 0 17
380 2867 0 25
381 6455 1 596
382 29 0 7
383 12225 0 154
384 823 0 29
385 204 0 87
386 5995 0 7
387 2467 0 18
388 303 0 9
389 2582 1 0
390 456 0 22
391 426 0 8
392 1231 0 13
393 1258 0 11
394 304 0 19
395 6579 0 69
396 1517 0 7
397 15 0 40
398 6250 0 92
399 577 0 34
400 2297 0 10
401 7971 0 52
402 5025 0 372
403 3354 0 35
404 5026 0 10
405 586 0 16
406 1338 1 29
407 585 0 99
408 1181 0 10
409 1197 0 24
410 2932 0 38
411 1275 0 36
412 1809 0 2
413 2005 0 40
414 2858 0 13
415 5081 0 8
416 1978 1 0
417 12737 0 109
418 11796 0 9
419 1401 1 576
420 785 0 27
421 1302 0 9
422 3228 0 25
423 653 0 10
424 5045 0 97
425 527 0 10
426 1985 0 14
427 1356 1 0
428 188 0 17
429 6845 1 89
430 1571 0 39
431 930 0 38
432 199 0 9
433 1249 0 11
434 739 0 12
435 2596 0 13
436 800 0 28
437 7401 0 10
438 2809 1 619
439 521 1 103
440 684 0 13
441 1511 0 13
442 5093 0 38
443 1132 0 35
444 1315 0 114
445 7559 0 19
446 1516 0 10
447 727 0 14
448 1696 0 38
449 2351 0 129
450 2975 0 6
451 2300 0 12
452 590 0 84
453 556 0 11
454 793 0 18
455 340 0 13
456 340 1 61
457 2549 0 9
458 7510 0 12
459 495 0 8
460 922 0 16
461 1309 0 13
462 945 0 96
463 1876 0 68
464 5058 0 29
465 1904 0 11
466 597 0 8
467 1367 0 8
468 13012 0 9
469 786 0 9
470 1340 0 17
471 1794 0 9
472 922 0 98
473 6778 0 158
474 3289 0 254
475 3212 0 94
476 7338 0 150
477 2420 0 14
478 339 0 11
479 3379 0 21
480 1783 0 6
481 16919 0 200
482 1375 0 50
483 166 0 13
484 1800 0 67
485 694 0 95
486 2855 0 17
487 1138 0 11
488 989 0 82
489 823 0 9
490 426 0 8
491 3739 0 11
492 857 1 20
493 5076 0 30
494 638 0 11
495 3302 0 2
496 5074 0 13
497 877 0 110
498 1984 1 137
499 6453 0 60
500 747 1 314
501 1566 0 24
502 3472 0 13
503 316 0 11
504 1983 1 30
505 1510 0 97
506 1518 0 17
507 1430 0 68
508 579 0 13
509 1183 0 39
510 2298 0 142
511 3089 0 37
512 703 0 16
513 1309 0 160
514 1515 0 12
515 709 0 93
516 1880 0 35
517 972 0 13
518 1028 0 7
519 1977 0 11
520 1033 0 15
521 893 0 17
522 1409 0 23
523 1897 1 0
524 5086 0 9
525 2473 0 18
526 1172 0 214
527 2571 0 93
528 2143 0 12
529 1142 0 24
530 1359 1 17
531 27 0 8
532 226 0 8
533 1190 0 28
534 1019 0 11
535 656 0 27
536 635 0 23
537 1122 0 10
538 2854 0 6
539 6960 0 70
540 906 0 16
541 3199 0 103
542 683 0 14
543 785 0 16
544 1005 0 136
545 3172 0 109
546 601 0 20
547 497 0 8
548 2966 0 59
549 595 0 14
550 1728 0 11
551 1864 0 40
552 194 0 30
553 748 0 9
554 1140 0 69
555 655 0 13
556 1499 0 71
557 1112 0 18
558 808 0 128
559 735 0 76
560 2005 1 0
561 1906 0 23
562 1980 0 8
563 1103 1 26
564 1842 0 55
565 1205 0 8
566 3378 0 48
567 1380 0 11
568 872 0 10
569 6172 0 9
570 1351 0 3
571 1584 0 79
572 1951 0 109
573 911 0 15
574 3145 0 38
575 2304 0 13
576 1157 0 10
577 6544 0 7
578 915 0 19
579 990 0 12
580 1213 0 11
581 515 0 43
582 1982 0 9
583 183 0 7
584 17020 0 9
585 395 0 57
586 684 0 11
587 1977 0 31
588 811 0 110
589 837 0 37
590 387 0 16
591 1675 0 39
592 857 0 19
593 1430 0 41
594 2953 0 8
595 1295 0 15
596 697 0 36
597 331 0 8
598 1980 0 67
599 3258 0 55
600 5111 0 54
601 3793 0 10
602 5129 0 10
603 12467 0 32
604 711 0 18
605 1949 0 12
606 2243 0 8
607 3527 0 7
608 233 0 10
609 1509 0 38
610 1916 0 105
611 1305 0 9
612 1060 0 320
613 110 0 24
614 8 0 112
615 1171 0 37
616 1449 0 10
617 2385 0 151
618 2349 0 39
619 16682 0 13
620 1038 0 12
621 1021 0 2
622 904 0 57
623 1858 0 13
624 1420 0 11
625 1942 0 27
626 747 0 31
627 240 0 9
628 2891 0 29
629 405 0 9
630 200 0 84
631 892 0 32
632 7034 0 13
633 6360 0 50
634 2247 0 37
635 933 0 34
636 632 0 26
637 3544 0 37
638 1429 0 36
639 2378 0 224
640 899 0 7
641 1183 0 32
642 1971 0 13
643 2570 0 60
644 3008 0 12
645 799 0 97
646 1860 0 87
647 766 0 74
648 1410 0 85
649 1144 0 7
650 3338 0 77
651 1163 1 113
652 934 0 11
653 738 0 9
654 615 0 90
655 2786 0 19
656 1343 0 66
657 1975 0 14
658 1293 0 29
659 2385 0 13
660 1950 0 73
661 7571 0 6
662 1407 0 13
663 484 1 201
664 953 0 32
665 1206 0 71
666 1413 1 20
667 910 0 33
668 6178 0 99
669 708 0 30
670 1952 0 8
671 819 1 0
672 3006 0 36
673 746 0 62
674 844 0 99
675 2854 0 10
676 1213 0 25
677 1015 0 10
678 2822 0 9
679 17619 0 9
680 1571 0 90
681 351 0 197
682 1776 0 9
683 17471 0 17
684 786 0 11
685 1351 0 111
686 173 0 13
687 743 0 11
688 3160 0 10
689 772 0 75
690 564 0 10
691 2936 0 10
692 505 0 24
693 2108 0 24
694 5007 0 10
695 1408 0 13
696 1354 0 8
697 1406 0 6
698 1365 0 30
699 633 0 13
700 1153 0 13
701 1877 0 18
702 832 0 215
703 507 0 8
704 1530 0 41
705 2662 0 14
706 1321 0 232
707 1334 0 23
708 1600 0 12
709 12655 0 181
710 5029 0 8
711 545 0 52
712 1218 0 14
713 538 0 83
714 845 0 8
715 926 0 9
716 2131 0 16
717 1757 0 12
718 1507 0 19
719 1902 0 52
720 1652 0 8
721 1492 0 8
722 640 0 10
723 2357 0 18
724 1376 0 223
725 2383 0 0
726 5115 0 38
727 3260 0 32
728 838 0 154
729 2256 0 8
730 992 0 12
731 939 0 11
732 116 0 99
733 3259 0 10
734 590 1 21
735 347 1 395
736 5091 0 14
737 895 0 21
738 2008 0 164
739 562 0 246
740 371 0 27
741 698 0 44
742 1955 0 9
743 1118 0 7
744 2176 0 35
745 2260 0 7
746 1607 1 0
747 3384 0 18
748 437 0 73
749 514 0 130
750 1040 0 13
751 2854 0 13
752 341 0 68
753 6460 0 11
754 1390 0 169
755 1630 0 14
756 1246 0 8
757 1958 0 8
758 2879 0 46
759 1513 0 9
760 2552 0 28
761 370 0 16
762 2573 0 17
763 1536 0 40
764 1013 0 11
765 427 0 48
766 539 0 9
767 1863 0 10
768 6955 0 9
769 207 0 8
770 888 0 10
771 6860 0 109
772 2155 0 10
773 548 0 7
774 2559 0 10
775 8829 0 47
776 280 0 12
777 2785 0 14
778 1245 0 147
779 5052 0 12
780 601 0 26
781 590 0 11
782 889 0 43
783 170 0 10
784 555 0 10
785 3250 0 12
786 1829 0 8
787 2428 0 52
788 1554 0 8
789 630 0 7
790 1287 0 8
791 1057 0 16
792 1145 0 12
793 7359 0 12
794 2639 0 11
795 5119 0 28
796 699 0 11
797 1379 0 11
798 797 0 9
799 1104 0 161
800 1626 0 79
801 2439 1 26
802 989 1 0
803 3240 0 102
804 1896 0 7
805 1134 0 228
806 1509 0 19
807 6450 0 133
808 5078 0 58
809 10959 0 23
810 789 0 23
811 6544 0 174
812 1759 0 10
813 1180 0 27
814 1963 0 10
815 1152 0 8
816 496 0 27
817 5160 0 142
818 901 0 13
819 3476 0 46
820 6912 0 17
821 1228 0 8
822 1266 0 12
823 996 0 44
824 774 0 14
825 518 1 0
826 549 0 12
827 967 1 0
828 3180 0 28
829 875 0 7
830 1404 0 34
831 2646 0 19
832 2260 0 34
833 631 0 13
834 2987 0 29
835 255 0 6
836 8839 0 2
837 445 0 11
838 960 0 616
839 7292 0 50
840 858 0 13
841 2497 0 10
842 823 0 52
843 1012 0 80
844 743 0 8
845 5999 0 10
846 1536 0 7
847 1427 0 37
848 1599 0 33
849 692 0 66
850 2349 0 17
851 977 0 11
852 749 0 9
853 2819 0 9
854 6453 0 69
855 1917 0 19
856 918 0 19
857 193 0 32
858 1349 0 98
859 647 0 12
860 403 0 40
861 378 0 18
862 3200 1 0
863 1485 0 92
864 1513 0 56
865 3344 0 168
866 635 0 39
867 548 0 88
868 1334 0 10
869 2551 0 7
870 1516 0 132
871 1311 0 11
872 822 0 24
873 950 0 13
874 959 0 11
875 2723 0 13
876 1303 0 11
877 1316 0 11
878 618 0 14
879 945 1 164
880 331 0 9
881 3203 1 41
882 536 0 93
883 314 0 21
884 1973 0 17
885 6735 0 100
886 98 0 79
887 965 0 94
888 3193 0 28
889 808 0 16
890 1404 0 8
891 1083 0 430
892 900 0 8
893 815 0 7
894 1430 0 13
895 258 0 8
896 3744 0 8
897 14831 0 13
898 2289 0 15
899 515 1 27
900 214 0 41
901 5220 0 14
902 8950 0 14
903 2608 0 15
904 1537 0 10
905 1942 0 72
906 1521 0 13
907 1953 0 10
908 2413 0 39
909 2534 0 38
910 501 0 56
911 12380 0 10
912 1517 0 53
913 1002 0 18
914 455 0 22
915 749 0 9
916 1154 0 38
917 1066 0 9
918 757 0 18
919 181 0 41
920 959 0 33
921 1531 0 10
922 2927 0 42
923 1267 0 7
924 1316 0 10
925 3406 1 0
926 1961 0 11
927 925 0 15
928 2551 0 107
929 698 0 9
930 1980 0 9
931 920 0 13
932 637 0 20
933 786 1 596
934 1333 0 27
935 5044 0 12
936 794 0 8
937 89 0 19
938 1353 0 46
939 1096 0 74
940 2739 0 8
941 1130 0 15
942 1021 0 9
943 1336 0 21
944 928 0 42
945 7050 0 32
946 3268 0 21
947 519 1 0
948 2376 0 123
949 851 0 44
950 1965 0 21
951 755 0 7
952 3372 0 9
953 3375 0 9
954 3147 0 141
955 1298 0 14
956 128 0 12
957 1420 0 6
958 575 0 8
959 1010 0 11
960 3633 0 172
961 12065 0 88
962 1065 0 301
963 2685 0 80
964 713 0 186
965 1629 0 71
966 16097 0 108
967 847 0 37
968 2901 0 7
969 5848 0 37
970 813 0 10
971 1076 0 42
972 2408 0 133
973 3228 0 106
974 6571 0 18
975 1973 0 18
976 3301 0 7
977 224 0 9
978 2072 0 12
979 4751 0 13
980 2713 0 37
981 5016 0 36
982 9653 0 12
983 1513 0 38
984 475 0 221
985 989 0 14
986 2142 0 20
987 1353 0 8
988 181 0 66
989 906 0 49
990 804 0 19
991 1210 0 10
992 530 0 12
993 3352 0 9
994 185 0 40
995 17619 0 10
996 670 0 134
997 880 0 7
998 3053 0 51
999 1648 0 2
1000 4070 0 13
1001 1354 0 8
1002 1312 0 17
1003 942 0 70
1004 1557 0 12
1005 3171 0 9
1006 1418 1 437
1007 3233 0 111
1008 1417 0 29
1009 768 0 317
1010 2163 0 10
1011 2134 0 10
1012 178 0 132
1013 697 0 79
1014 2945 0 176
1015 1100 0 8
1016 16266 0 9
1017 835 0 109
1018 6127 0 17
1019 101 0 7
1020 989 0 10
1021 719 0 16
1022 3237 0 13
1023 5710 0 9
1024 2569 0 10
1025 1942 0 36
1026 730 0 37
1027 1086 0 62
1028 1136 0 101
1029 2445 0 371
1030 3297 0 10
1031 2281 0 22
1032 1429 0 11
1033 1615 1 0
1034 5118 0 12
1035 689 0 23
1036 2910 0 31
1037 290 0 11
1038 1607 0 11
1039 3314 0 18
1040 1513 0 13
1041 965 0 7
1042 347 0 18
1043 689 0 10
1044 357 0 107
1045 1982 1 135
1046 311 1 30
1047 164 0 11
1048 3104 0 10
1049 3261 0 53
1050 739 0 13
1051 1463 0 42
1052 755 0 12
1053 1612 0 11
1054 7289 0 12
1055 1392 0 41
1056 6951 0 10
1057 2994 0 38
1058 175 0 63
1059 920 0 8
1060 523 0 12
1061 1948 0 12
1062 7971 0 94
1063 1205 0 9
1064 2628 0 42
1065 809 0 10
1066 330 0 67
1067 1954 1 50
1068 380 0 32
1069 1579 1 40
1070 10924 0 10
1071 1772 0 27
1072 435 0 13
1073 7372 0 29
1074 546 0 7
1075 2694 0 12
1076 1951 0 8
1077 581 0 10
1078 5050 0 9
1079 1223 0 38
1080 1174 0 7
1081 1852 0 9
1082 2204 0 43
1083 3252 0 40
1084 3642 0 21
1085 2000 0 8
1086 1676 0 23
1087 1165 0 11
1088 1427 0 28
1089 1244 0 7
1090 15986 0 11
1091 7840 0 21
1092 1981 0 26
1093 7852 0 124
1094 1403 0 10
1095 842 0 11
1096 1511 0 153
1097 7899 0 11
1098 637 0 12
1099 2242 0 12
1100 1346 0 38
1101 781 0 11
1102 760 0 8
1103 1309 0 10
1104 1504 0 14
1105 859 0 7
1106 1182 0 11
1107 989 1 0
1108 2931 0 33
1109 1037 0 14
1110 1883 0 91
1111 1214 0 14
1112 612 0 18
1113 1235 0 12
1114 1824 0 9
1115 3968 0 30
1116 978 0 67
1117 618 0 11
1118 426 0 9
1119 989 0 19
1120 773 0 12
1121 6262 0 20
1122 1123 0 23
1123 3325 0 20
1124 1154 0 39
1125 168 0 37
1126 2261 0 9
1127 591 0 10
1128 1794 0 9
1129 1143 0 67
1130 1946 0 9
1131 2100 0 74
1132 753 0 10
1133 2573 1 0
1134 187 0 12
1135 1039 0 11
1136 1074 0 16
1137 938 0 9
1138 1049 1 440
1139 401 0 23
1140 1322 0 8
1141 399 1 0
1142 628 0 8
1143 656 1 0
1144 3154 0 9
1145 902 0 51
1146 261 0 8
1147 84 0 9
1148 1760 0 8
1149 214 0 17
1150 1329 0 17
1151 3869 0 325
1152 14373 0 12
1153 1089 0 11
1154 524 0 9
1155 704 0 72
1156 989 0 7
1157 5094 0 7
1158 2062 0 9
1159 1413 0 34
1160 6199 0 8
1161 2885 0 11
1162 13029 0 10
1163 1679 0 50
1164 478 0 91
1165 920 0 8
1166 1621 0 24
1167 450 0 8
1168 523 0 9
1169 2935 0 11
1170 3244 0 7
1171 1970 0 62
1172 3647 0 31
1173 429 0 11
1174 343 0 15
1175 330 0 14
1176 7169 0 10
1177 3324 0 143
1178 1314 0 37
1179 12417 0 39
1180 1103 0 12
1181 670 1 3
1182 3251 0 17
1183 748 0 8
1184 181 0 12
1185 2431 0 40
1186 1527 0 58
1187 5846 0 69
1188 5059 0 9
1189 1065 0 9
1190 1075 0 32
1191 508 0 13
1192 1342 0 78
1193 2924 0 8
1194 198 0 13
1195 7476 1 430
1196 1416 0 13
1197 875 0 25
1198 492 0 9
1199 202 0 106
1200 1990 0 31
1201 589 0 244
1202 259 0 8
1203 8170 0 8
1204 2104 0 9
1205 3141 0 55
1206 7369 0 78
1207 832 0 85
1208 1407 0 38
1209 546 0 47
1210 1308 0 23
1211 17381 0 46
1212 14376 0 9
1213 1323 0 36
1214 651 0 8
1215 1269 0 57
1216 7319 0 14
1217 3230 0 11
1218 2417 0 104
1219 926 0 38
1220 2618 0 105
1221 2890 1 396
1222 3351 0 10
1223 3229 0 30
1224 1529 0 18
1225 3266 0 11
1226 1781 0 13
1227 1598 0 9
1228 788 1 121
1229 1394 0 318
1230 1833 0 14
1231 690 0 8
1232 1383 0 11
1233 183 0 200
1234 1377 0 6
1235 426 0 9
1236 1378 0 13
1237 1234 0 16
1238 784 0 56
1239 17079 0 32
1240 1406 0 14
1241 2513 0 10
1242 1362 0 223
1243 877 0 11
1244 1367 0 30
1245 576 0 10
1246 6960 0 39
1247 1252 0 9
1248 3254 0 143
1249 1230 0 8
1250 1276 0 22
1251 933 0 11
1252 754 0 27
1253 1129 0 13
1254 3373 0 11
1255 1395 0 10
1256 646 1 6
1257 307 1 0
1258 551 0 20
1259 1387 0 39
1260 12649 0 19
1261 790 0 48
1262 363 0 3
1263 1427 0 8
1264 1201 0 8
1265 3333 1 0
1266 666 0 11
1267 2213 0 78
1268 3232 0 12
1269 12604 0 11
1270 305 0 71
1271 536 0 12
1272 3519 0 34
1273 6207 0 50
1274 524 0 9
1275 2534 0 158
1276 442 0 69
1277 1334 0 123
1278 350 0 72
1279 5820 0 9
1280 12204 0 376
1281 694 0 10
1282 563 0 761
1283 2142 0 11
1284 1413 0 19
1285 464 0 100
1286 12149 0 19
1287 1407 0 13
1288 3293 0 10
1289 1133 0 10
1290 1090 0 7
1291 468 0 41
1292 927 0 222
1293 1752 0 54
1294 1005 0 8
1295 3004 0 10
1296 222 0 69
1297 17480 0 132
1298 1575 0 70
1299 1968 0 10
1300 1115 0 171
1301 1038 0 10
1302 965 0 10
1303 3369 0 9
1304 1513 0 11
1305 1548 0 11
1306 724 0 47
1307 1513 0 7
1308 709 0 138
1309 3157 0 88
1310 1891 1 0
1311 702 0 37
1312 2890 0 22
1313 3047 0 18
1314 1942 1 401
1315 408 0 11
1316 2087 0 49
1317 1516 0 6
1318 1979 0 31
1319 2781 0 14
1320 1192 1 18
1321 1946 1 26
1322 14471 0 11
1323 255 1 51
1324 1841 0 33
1325 171 0 10
1326 3400 0 8
1327 780 0 8
1328 7909 0 12
1329 1881 0 28
1330 807 0 30
1331 927 0 67
1332 180 0 30
1333 1419 0 7
1334 181 1 20
1335 3370 0 8
1336 1057 0 67
1337 1791 0 41
1338 542 0 13
1339 874 0 13
1340 3598 0 8
1341 829 0 14
1342 1821 1 0
1343 7544 0 12
1344 1933 0 15
1345 2267 0 18
1346 401 0 33
1347 1410 0 17
1348 2590 0 131
1349 3172 0 46
1350 2509 0 0

7 1 1845
125
1351 7042 0 25
1352 967 0 14
1353 2550 0 16
1354 3373 0 10
1355 565 1 60
1356 1319 1 597
1357 730 0 10
1358 988 0 8
1359 706 0 14
1360 9553 0 29
1361 5050 0 9
1362 507 0 105
1363 761 0 14
1364 1768 0 18
1365 1018 0 143
1366 2618 0 40
1367 1324 0 27
1368 2592 0 11
1369 1391 1 0
1370 1965 0 28
1371 1868 0 125
1372 7867 0 8
1373 1809 0 11
1374 1022 0 13
1375 2077 0 343
1376 1109 1 8
1377 806 0 8
1378 5019 0 73
1379 748 0 32
1380 807 0 5
1381 3341 0 8
1382 1202 0 11
1383 721 0 96
1384 3141 0 42
1385 681 0 20
1386 1251 0 155
1387 789 1 42
1388 1412 0 8
1389 674 0 19
1390 3378 0 9
1391 2015 0 75
1392 2901 0 143
1393 6143 0 9
1394 2886 0 67
1395 16098 0 34
1396 1784 0 10
1397 7498 0 12
1398 46 0 10
1399 923 0 128
1400 1974 0 52
1401 745 0 8
1402 476 0 29
1403 1538 0 66
1404 818 0 25
1405 6372 0 101
1406 3610 1 335
1407 2807 0 100
1408 1977 0 7
1409 2091 0 96
1410 1105 0 20
1411 2850 0 306
1412 879 0 7
1413 2006 0 11
1414 171 0 11
1415 2151 0 8
1416 2176 0 21
1417 3231 0 22
1418 758 0 76
1419 15848 0 12
1420 1842 0 11
1421 467 0 8
1422 1431 0 78
1423 1070 0 182
1424 149 0 28
1425 854 0 12
1426 17127 0 42
1427 809 0 7
1428 1971 0 147
1429 1040 0 10
1430 522 0 10
1431 3489 0 20
1432 1025 0 39
1433 3317 0 30
1434 569 0 429
1435 7050 0 225
1436 3271 0 24
1437 1256 0 15
1438 1499 0 7
1439 933 0 9
1440 1965 0 21
1441 3143 0 6
1442 6951 0 13
1443 1155 0 28
1444 174 0 13
1445 8839 0 9
1446 1317 0 8
1447 8829 0 26
1448 1781 0 11
1449 806 0 41
1450 615 0 37
1451 1401 0 11
1452 6917 0 142
1453 5121 0 38
1454 599 0 11
1455 651 0 13
1456 2930 0 59
1457 434 0 112
1458 1743 0 12
1459 987 0 154
1460 2955 0 9
1461 256 0 8
1462 1986 0 219
1463 1967 0 10
1464 1956 0 9
1465 1953 0 156
1466 1208 0 16
1467 989 0 17
1468 2837 0 18
1469 2302 0 2
1470 1038 0 163
1471 1134 0 34
1472 229 0 55
1473 1232 0 48
1474 1369 0 7
1475 551 0 110

8 1 1849
26
1476 661 0 11
1477 1197 0 12
1478 494 0 9
1479 6362 0 11
1480 871 0 9
1481 1792 0 30
1482 599 0 9
1483 1020 0 36
1484 6158 0 11
1485 3266 0 11
1486 473 0 13
1487 1949 0 11
1488 431 0 30
1489 1533 0 33
1490 12570 0 13
1491 901 0 20
1492 989 0 71
1493 3162 0 13
1494 1061 0 76
1495 513 0 14
1496 497 0 32
1497 1190 0 74
1498 1033 0 82
1499 268 0 28
1500 9303 0 13
1501 2292 0 11

9 1 1856
5
1502 3216 0 13
1503 1870 0 32
1504 13570 0 9
1505 714 0 27
1506 3563 0 13

10 1 1897
23
1507 905 0 24
1508 2898 0 13
1509 2866 0 10
1510 976 0 134
1511 406 0 11
1512 913 0 9
1513 1116 0 46
1514 302 0 24
1515 6454 0 80
1516 1138 0 9
1517 1094 0 10
1518 10063 0 9
1519 3291 0 56
1520 2298 0 11
1521 1078 0 9
1522 5067 0 93
1523 731 0 11
1524 489 0 40
1525 1808 0 262
1526 758 0 8
1527 2570 0 15
1528 2914 0 171
1529 2813 0 10

11 1 1911
6
1530 181 0 12
1531 2596 0 9
1532 628 0 146
1533 7051 0 19
1534 911 0 16
1535 1976 1 30

12 1 1914
6
1536 408 0 12
1537 2720 0 102
1538 1183 0 12
1539 711 0 108
1540 2361 0 18
1541 1066 0 218

13 1 2319
1
1542 685 0 10

14 1 2495
27
1543 2810 0 17
1544 173 0 37
1545 881 0 12
1546 3154 0 147
1547 2502 0 13
1548 944 0 108
1549 629 0 45
1550 3161 0 10
1551 193 0 10
1552 10177 0 18
1553 3594 1 0
1554 989 0 13
1555 695 0 33
1556 2329 0 13
1557 989 0 8
1558 519 0 59
1559 12415 0 9
1560 2699 0 9
1561 1265 0 68
1562 2279 0 48
1563 1492 0 77
1564 4744 0 27
1565 1186 0 10
1566 1416 0 8
1567 1412 0 10
1568 1408 0 28
1569 14446 0 20

15 1 2504
1
1570 6926 0 151

16 1 2583
41
1571 7697 0 8
1572 325 1 0
1573 2805 0 16
1574 2362 0 68
1575 1213 0 11
1576 2862 0 11
1577 1511 0 83
1578 1354 1 0
1579 1504 0 69
1580 927 0 13
1581 3 0 22
1582 870 0 11
1583 4089 0 281
1584 1511 0 10
1585 762 0 38
1586 331 0 20
1587 1513 0 8
1588 1029 0 35
1589 401 0 616
1590 1279 0 11
1591 17481 0 10
1592 532 0 40
1593 1701 0 11
1594 1516 0 11
1595 5146 0 13
1596 8187 1 0
1597 316 0 19
1598 1029 0 17
1599 737 0 7
1600 2149 0 11
1601 3196 0 11
1602 3299 0 42
1603 187 0 13
1604 2196 0 53
1605 1273 0 40
1606 857 0 18
1607 1225 0 204
1608 2909 0 42
1609 1249 0 8
1610 565 0 8
1611 1367 0 11

17 1 2585
5
1612 989 0 87
1613 497 0 42
1614 633 0 8
1615 1108 0 57
1616 595 0 111

18 1 2588
29
1617 171 0 45
1618 5074 0 38
1619 2430 0 11
1620 7499 0 36
1621 2954 0 163
1622 1951 0 9
1623 296 0 20
1624 1200 1 13
1625 968 0 131
1626 1057 0 9
1627 1848 0 8
1628 2294 0 9
1629 912 0 50
1630 542 0 11
1631 3781 0 12
1632 2882 0 16
1633 1426 0 59
1634 712 0 7
1635 6366 0 15
1636 271 0 8
1637 1245 0 29
1638 3119 0 78
1639 1243 0 23
1640 2254 0 8
1641 1288 0 8
1642 5919 0 10
1643 3314 0 37
1644 2460 0 11
1645 1016 0 8

19 0 2593
52
1646 2239 0 11
1647 3255 0 14
1648 1975 0 14
1649 2093 0 145
1650 299 0 52
1651 2358 0 80
1652 984 0 148
1653 1057 0 8
1654 1557 0 16
1655 265 0 11
1656 773 0 109
1657 751 0 10
1658 3181 0 23
1659 3142 0 35
1660 1135 0 9
1661 560 0 162
1662 933 0 10
1663 591 0 44
1664 3269 0 16
1665 695 0 71
1666 8784 0 9
1667 1033 0 12
1668 810 0 20
1669 2799 0 33
1670 879 1 0
1671 2936 0 37
1672 903 0 10
1673 12496 1 41
1674 3186 0 37
1675 2237 0 11
1676 1062 0 7
1677 16846 0 15
1678 603 0 7
1679 861 0 37
1680 707 0 13
1681 1144 0 71
1682 1386 0 12
1683 761 0 219
1684 12613 0 9
1685 523 0 13
1686 1053 1 16
1687 1185 0 10
1688 662 0 9
1689 1460 0 19
1690 12203 0 41
1691 7041 0 7
1692 992 0 10
1693 773 0 46
1694 3147 0 12
1695 2901 0 28
1696 3307 0 72
1697 602 0 77

20 0 2594
115
1698 648 0 31
1699 2921 0 11
1700 6546 0 21
1701 1829 0 54
1702 989 0 13
1703 1596 0 11
1704 1429 0 8
1705 1214 0 29
1706 449 0 23
1707 1967 0 10
1708 2797 0 8
1709 1326 0 37
1710 2863 0 10
1711 1141 0 13
1712 422 0 8
1713 518 0 11
1714 6514 0 31
1715 7548 0 9
1716 3412 0 7
1717 1095 0 21
1718 6538 0 9
1719 796 0 22
1720 1423 0 11
1721 1200 0 12
1722 649 0 10
1723 1926 0 11
1724 585 0 15
1725 203 0 140
1726 2747 0 53
1727 7050 0 8
1728 1784 0 11
1729 989 0 10
1730 1421 0 12
1731 1013 0 38
1732 291 0 72
1733 16745 0 9
1734 1692 0 7
1735 720 0 14
1736 3375 0 38
1737 870 0 8
1738 2785 0 8
1739 3757 0 33
1740 1984 0 17
1741 1132 0 13
1742 953 0 67
1743 746 0 37
1744 989 0 128
1745 923 0 7
1746 5923 0 49
1747 3355 0 15
1748 2935 0 10
1749 1060 0 10
1750 645 0 12
1751 1053 0 13
1752 2444 0 10
1753 1018 0 353
1754 855 0 19
1755 1530 0 7
1756 2871 0 15
1757 200 1 117
1758 1969 0 6
1759 371 0 6
1760 4989 0 10
1761 1534 0 22
1762 2645 0 8
1763 291 0 74
1764 192 0 12
1765 2791 0 140
1766 1972 0 23
1767 5105 0 17
1768 7050 0 12
1769 3681 0 13
1770 857 0 19
1771 5080 0 9
1772 1629 0 10
1773 2605 0 11
1774 2281 0 27
1775 8173 0 76
1776 1935 1 25
1777 3014 0 13
1778 2551 0 77
1779 425 0 8
1780 1039 0 41
1781 550 0 13
1782 1173 0 19
1783 5962 0 160
1784 12255 0 73
1785 2668 0 7
1786 1474 0 286
1787 1379 0 5
1788 7051 0 8
1789 643 0 11
1790 4451 0 6
1791 251 0 113
1792 22 0 9
1793 814 0 10
1794 7549 0 11
1795 2435 0 11
1796 205 0 7
1797 2511 0 13
1798 552 0 54
1799 1119 0 11
1800 1416 0 88
1801 1133 0 23
1802 989 0 31
1803 2553 0 7
1804 925 0 81
1805 14386 0 11
1806 15739 0 12
1807 1428 0 12
1808 566 0 10
1809 346 0 211
1810 1156 0 13
1811 3277 0 31
1812 1965 0 92

21 1 2601
190
1813 1537 0 8
1814 8829 0 7
1815 1560 0 54
1816 1955 0 71
1817 2368 0 8
1818 748 0 88
1819 3194 0 10
1820 5920 0 36
1821 5127 0 9
1822 1862 0 9
1823 989 0 12
1824 311 0 23
1825 635 0 12
1826 950 0 61
1827 3372 0 7
1828 1058 0 8
1829 2525 0 14
1830 3426 0 53
1831 671 0 13
1832 1062 0 14
1833 683 0 9
1834 989 0 38
1835 471 0 22
1836 3682 0 12
1837 188 0 14
1838 3161 0 11
1839 1287 0 9
1840 3374 0 43
1841 2388 0 13
1842 730 0 8
1843 1431 0 13
1844 276 0 69
1845 13009 0 12
1846 1190 0 20
1847 12519 0 8
1848 3287 0 175
1849 903 0 44
1850 1240 0 9
1851 1760 0 11
1852 487 0 9
1853 2750 0 14
1854 5647 0 70
1855 6150 0 9
1856 1791 0 216
1857 3172 0 58
1858 1121 0 40
1859 1445 0 6
1860 2022 0 9
1861 869 0 9
1862 1888 0 72
1863 2449 0 45
1864 1123 0 15
1865 2538 0 10
1866 76 1 67
1867 1258 0 78
1868 1104 0 14
1869 1188 0 52
1870 7050 0 10
1871 450 0 18
1872 1411 0 38
1873 415 0 155
1874 1096 0 8
1875 1150 0 30
1876 1941 0 29
1877 1809 0 17
1878 3254 0 19
1879 1030 0 11
1880 3534 0 23
1881 131 0 10
1882 5828 0 9
1883 2118 0 10
1884 1020 1 0
1885 7472 0 62
1886 482 0 15
1887 9981 1 0
1888 1096 0 12
1889 3321 0 11
1890 2434 0 22
1891 1378 0 107
1892 308 0 9
1893 1260 0 11
1894 1244 0 99
1895 1543 0 13
1896 796 0 109
1897 1506 0 8
1898 1282 0 86
1899 821 0 23
1900 1267 0 109
1901 1538 0 12
1902 3520 0 10
1903 1013 0 82
1904 893 0 11
1905 1135 0 37
1906 2445 0 11
1907 7402 0 41
1908 815 0 45
1909 1060 1 0
1910 179 0 12
1911 866 1 0
1912 243 0 19
1913 334 0 30
1914 938 0 87
1915 202 0 82
1916 1263 0 17
1917 1851 0 22
1918 1103 0 8
1919 2789 0 18
1920 1368 0 17
1921 3222 0 22
1922 2092 0 12
1923 884 0 14
1924 692 0 8
1925 1943 0 34
1926 7170 0 28
1927 1425 0 214
1928 3176 0 8
1929 1149 0 26
1930 1037 0 9
1931 989 0 153
1932 502 0 129
1933 3378 0 14
1934 171 0 68
1935 549 0 17
1936 1686 0 31
1937 1408 0 95
1938 691 0 166
1939 1263 0 61
1940 360 0 38
1941 748 0 29
1942 1479 0 222
1943 13017 0 10
1944 1537 0 18
1945 459 0 11
1946 1984 0 10
1947 1118 0 36
1948 940 0 8
1949 1057 0 383
1950 6045 0 8
1951 1415 1 130
1952 3321 0 20
1953 1415 0 77
1954 5022 0 8
1955 191 0 18
1956 4095 0 13
1957 741 0 7
1958 862 0 15
1959 3487 0 8
1960 1504 0 14
1961 2867 0 24
1962 2120 0 75
1963 1511 0 7
1964 1883 0 17
1965 2966 0 16
1966 419 0 8
1967 214 0 9
1968 605 0 216
1969 5061 0 42
1970 497 0 10
1971 522 0 19
1972 1489 0 8
1973 1078 0 188
1974 5080 0 11
1975 13924 1 487
1976 1137 0 29
1977 1023 0 149
1978 1045 0 9
1979 2302 0 12
1980 1371 1 19
1981 5121 0 13
1982 3143 0 41
1983 717 0 12
1984 3210 0 11
1985 586 0 12
1986 1560 0 11
1987 385 0 10
1988 1945 0 35
1989 1977 0 9
1990 5077 0 8
1991 1030 0 272
1992 6794 0 30
1993 7396 0 9
1994 905 0 19
1995 1516 0 0
1996 645 0 23
1997 2108 0 47
1998 1823 0 116
1999 1193 0 130
2000 1975 0 68
2001 732 0 199
2002 3374 1 0

22 1 2606
20
2003 655 0 18
2004 477 0 11
2005 1305 0 8
2006 1538 0 11
2007 1232 0 103
2008 5761 0 11
2009 1338 0 24
2010 992 0 12
2011 5774 0 10
2012 3462 0 43
2013 3546 0 8
2014 751 0 18
2015 1198 0 11
2016 1618 0 14
2017 1955 0 98
2018 5912 0 17
2019 287 0 10
2020 1016 0 11
2021 2894 0 10
2022 7702 0 7

23 1 2613
176
2023 1530 0 79
2024 1144 0 107
2025 1954 1 318
2026 1272 0 16
2027 745 0 40
2028 889 0 270
2029 820 0 19
2030 778 0 11
2031 3475 0 10
2032 926 0 68
2033 1793 0 7
2034 2338 0 9
2035 445 0 12
2036 1967 0 14
2037 1031 0 13
2038 1481 1 47
2039 1338 0 40
2040 986 0 149
2041 2343 0 111
2042 6811 0 64
2043 1681 0 7
2044 993 0 12
2045 1306 0 7
2046 3141 0 21
2047 1104 0 13
2048 5766 0 41
2049 2068 0 12
2050 2537 0 11
2051 6742 0 199
2052 768 0 6
2053 1393 0 221
2054 2223 0 210
2055 1289 0 8
2056 1165 0 9
2057 345 0 10
2058 1539 0 11
2059 1019 0 9
2060 811 0 11
2061 529 1 30
2062 7389 0 8
2063 1652 0 19
2064 3352 0 12
2065 1961 0 54
2066 1087 0 8
2067 3418 0 10
2068 2817 0 7
2069 511 0 57
2070 2163 0 130
2071 274 0 11
2072 6746 0 11
2073 654 0 22
2074 1145 0 18
2075 823 0 11
2076 1273 0 41
2077 793 0 32
2078 774 0 39
2079 1673 0 284
2080 3092 0 15
2081 1096 0 32
2082 6360 0 18
2083 5058 0 11
2084 779 0 7
2085 2942 0 11
2086 395 0 46
2087 1050 0 8
2088 1678 0 26
2089 1818 0 8
2090 848 0 18
2091 1357 0 15
2092 989 0 7
2093 597 0 12
2094 8886 0 28
2095 5005 0 43
2096 6733 0 20
2097 1224 0 32
2098 186 0 10
2099 348 0 14
2100 1191 1 303
2101 2393 0 12
2102 1511 0 60
2103 2854 0 29
2104 1513 0 7
2105 1957 0 9
2106 570 0 19
2107 1308 0 92
2108 13570 0 70
2109 1075 0 13
2110 1104 1 16
2111 934 0 107
2112 1020 0 11
2113 1947 0 104
2114 2034 0 7
2115 1314 0 10
2116 958 0 37
2117 2939 0 15
2118 786 0 9
2119 1648 0 12
2120 200 0 40
2121 2893 0 71
2122 1976 0 11
2123 954 1 0
2124 178 0 11
2125 12456 0 7
2126 1188 0 11
2127 5124 0 14
2128 1308 0 26
2129 1883 0 17
2130 520 0 11
2131 3953 0 275
2132 542 0 7
2133 343 0 19
2134 1203 0 25
2135 1311 0 23
2136 1235 0 12
2137 401 0 9
2138 627 0 9
2139 2430 0 99
2140 710 0 9
2141 3328 0 15
2142 1356 0 10
2143 3233 0 11
2144 11510 0 56
2145 1957 0 10
2146 6912 1 0
2147 1583 0 12
2148 616 0 37
2149 1951 0 7
2150 1124 0 63
2151 2263 0 11
2152 1732 0 37
2153 3469 0 10
2154 948 0 40
2155 203 0 109
2156 1111 0 18
2157 1947 0 40
2158 1809 0 11
2159 3145 0 311
2160 1034 0 8
2161 3173 0 12
2162 1088 0 7
2163 1185 0 10
2164 6951 0 22
2165 8907 0 59
2166 886 0 14
2167 1113 0 7
2168 989 0 11
2169 3368 0 54
2170 5091 0 23
2171 692 0 8
2172 1786 0 208
2173 1327 0 17
2174 2548 0 27
2175 3391 0 17
2176 7539 0 16
2177 2100 0 39
2178 1380 0 39
2179 1872 0 17
2180 3800 0 152
2181 511 0 22
2182 730 0 9
2183 480 0 8
2184 267 0 93
2185 1409 0 13
2186 1949 0 26
2187 1457 0 37
2188 960 0 7
2189 1173 0 34
2190 937 0 9
2191 994 0 10
2192 1531 0 23
2193 6999 0 39
2194 368 0 40
2195 12532 0 11
2196 2902 0 63
2197 520 0 9
2198 2925 0 2

24 1 2617
20
2199 535 0 19
2200 1102 0 11
2201 1325 0 13
2202 7754 0 8
2203 3169 0 62
2204 1215 0 27
2205 1423 0 16
2206 1340 0 12
2207 1371 0 9
2208 1245 0 29
2209 1335 0 13
2210 1881 0 76
2211 1979 0 70
2212 512 0 11
2213 6231 0 50
2214 480 0 16
2215 2074 0 33
2216 3373 0 136
2217 1802 0 11
2218 431 0 52

25 1 2626
190
2219 3206 1 0
2220 1168 0 162
2221 3424 0 59
2222 1783 0 11
2223 1522 0 25
2224 1018 0 7
2225 2298 0 12
2226 1884 0 11
2227 773 0 11
2228 222 0 88
2229 839 0 27
2230 7836 0 30
2231 420 0 12
2232 1893 0 69
2233 252 0 80
2234 2701 0 29
2235 7048 0 18
2236 797 0 98
2237 1512 1 0
2238 989 0 66
2239 3095 1 0
2240 256 0 90
2241 1264 0 17
2242 3002 0 6
2243 2406 0 66
2244 847 0 8
2245 1291 0 12
2246 5085 0 7
2247 2917 0 7
2248 1868 0 3
2249 474 0 8
2250 656 0 8
2251 8000 0 11
2252 884 0 22
2253 3521 0 133
2254 3507 0 13
2255 989 0 18
2256 541 0 8
2257 5133 0 99
2258 1807 0 72
2259 309 1 18
2260 1304 0 11
2261 1824 0 10
2262 7546 0 10
2263 2866 0 27
2264 1198 0 11
2265 600 0 18
2266 9261 0 6
2267 766 0 68
2268 1307 0 43
2269 1958 0 10
2270 1448 0 2
2271 1310 0 11
2272 1443 0 10
2273 495 0 146
2274 976 0 8
2275 2149 0 19
2276 563 0 216
2277 922 0 22
2278 787 0 56
2279 515 0 9
2280 1972 0 18
2281 936 0 38
2282 2144 0 29
2283 2021 0 130
2284 12375 0 7
2285 647 0 30
2286 988 0 72
2287 845 0 11
2288 3236 0 14
2289 606 0 9
2290 6138 0 10
2291 16491 0 63
2292 2045 0 50
2293 652 0 7
2294 2105 0 89
2295 1538 0 39
2296 744 0 11
2297 3276 0 22
2298 726 0 97
2299 1683 0 372
2300 773 0 12
2301 892 0 10
2302 3186 0 18
2303 507 0 14
2304 744 0 18
2305 887 0 132
2306 1387 0 11
2307 1024 0 17
2308 3270 0 8
2309 954 0 12
2310 2105 0 29
2311 3149 0 70
2312 5011 1 41
2313 1878 1 0
2314 1169 0 309
2315 3238 0 12
2316 1053 1 20
2317 1453 0 9
2318 1972 0 111
2319 425 0 13
2320 372 0 31
2321 694 0 33
2322 1302 0 73
2323 634 0 51
2324 11 1 35
2325 7048 0 24
2326 1513 1 597
2327 420 0 53
2328 1350 0 10
2329 5051 0 7
2330 1114 0 30
2331 1424 0 68
2332 1343 0 12
2333 1242 0 63
2334 2955 0 9
2335 3198 0 112
2336 16117 0 7
2337 2045 0 10
2338 3590 0 54
2339 2658 0 194
2340 731 0 353
2341 1103 0 12
2342 431 0 13
2343 1075 0 7
2344 11820 0 62
2345 1986 0 28
2346 670 1 218
2347 2764 0 11
2348 778 0 9
2349 1005 0 41
2350 596 0 10
2351 2676 0 33
2352 2069 0 181
2353 3251 0 47
2354 832 1 64
2355 3353 0 0
2356 884 0 38
2357 992 0 14
2358 686 1 26
2359 2795 0 8
2360 1867 0 9
2361 790 0 11
2362 911 1 302
2363 2784 0 19
2364 1036 0 40
2365 929 0 10
2366 7468 0 11
2367 568 0 10
2368 1984 0 43
2369 1511 0 46
2370 1728 0 18
2371 1267 0 6
2372 1283 0 11
2373 616 0 37
2374 666 0 8
2375 1580 0 24
2376 805 0 69
2377 2841 0 27
2378 3462 0 45
2379 489 0 792
2380 434 0 32
2381 1766 0 36
2382 824 0 9
2383 815 0 17
2384 758 0 11
2385 2169 0 7
2386 5089 0 9
2387 1598 0 10
2388 6228 0 10
2389 1774 0 10
2390 1072 0 151
2391 1591 0 155
2392 3278 0 156
2393 2311 0 12
2394 751 0 29
2395 1622 0 11
2396 2981 0 10
2397 247 0 19
2398 719 0 9
2399 12751 0 15
2400 7301 0 92
2401 860 0 33
2402 2279 0 20
2403 1972 0 44
2404 767 0 10
2405 1055 0 209
2406 1006 0 9
2407 181 0 20
2408 1430 0 11

26 1 2633
182
2409 1965 0 66
2410 664 0 10
2411 188 0 9
2412 1240 0 52
2413 13064 0 21
2414 3222 0 58
2415 1840 0 61
2416 944 0 22
2417 2865 0 11
2418 2255 0 26
2419 669 0 81
2420 726 0 11
2421 2976 0 12
2422 1955 0 3
2423 2014 0 10
2424 989 0 19
2425 1003 0 172
2426 641 1 30
2427 388 0 11
2428 5103 0 98
2429 582 0 9
2430 1370 0 16
2431 171 0 53
2432 919 0 70
2433 1045 0 8
2434 673 0 88
2435 2570 0 10
2436 2825 0 8
2437 1 0 41
2438 7470 0 13
2439 6200 0 37
2440 6801 0 37
2441 1121 0 64
2442 3321 0 14
2443 824 0 206
2444 976 0 165
2445 2851 0 25
2446 1954 0 18
2447 742 0 7
2448 6478 0 134
2449 1974 1 158
2450 2423 0 13
2451 789 0 11
2452 1423 0 13
2453 744 0 91
2454 602 0 99
2455 2806 0 10
2456 6545 0 8
2457 859 0 47
2458 1206 1 20
2459 1421 0 22
2460 3358 0 69
2461 528 0 11
2462 1389 0 15
2463 1538 0 16
2464 1143 0 29
2465 2712 0 12
2466 1290 0 7
2467 979 0 16
2468 1516 0 10
2469 1990 0 42
2470 1954 0 38
2471 1298 0 43
2472 2043 0 15
2473 2878 0 12
2474 1833 0 17
2475 578 0 8
2476 392 0 13
2477 660 0 11
2478 558 0 11
2479 292 1 473
2480 2106 0 19
2481 1208 0 7
2482 819 0 80
2483 7317 0 39
2484 1407 0 137
2485 489 0 40
2486 5980 0 11
2487 1988 0 87
2488 2129 0 13
2489 2114 0 122
2490 1972 0 11
2491 818 0 11
2492 1538 0 13
2493 1353 0 11
2494 598 0 33
2495 2300 0 9
2496 2576 0 78
2497 3519 0 8
2498 1806 0 9
2499 2857 0 12
2500 1414 0 13
2501 866 0 146
2502 1468 0 64
2503 3429 0 17
2504 1361 0 8
2505 3451 0 67
2506 1953 0 11
2507 1621 0 103
2508 541 0 8
2509 2593 0 11
2510 1472 0 68
2511 244 0 11
2512 2586 1 0
2513 1027 0 189
2514 1977 0 13
2515 1299 0 177
2516 1249 0 11
2517 1065 0 10
2518 1234 0 10
2519 1003 0 7
2520 2833 0 7
2521 5023 0 11
2522 845 0 99
2523 7696 0 14
2524 564 0 115
2525 1038 0 139
2526 887 0 33
2527 12753 0 7
2528 5019 0 11
2529 243 0 135
2530 1370 0 97
2531 1249 0 27
2532 681 0 163
2533 981 0 28
2534 2807 0 8
2535 2921 0 12
2536 1426 0 10
2537 2147 0 128
2538 577 0 77
2539 2885 0 132
2540 10343 0 24
2541 1684 0 16
2542 3153 0 10
2543 422 0 11
2544 1285 0 11
2545 653 0 155
2546 1513 0 8
2547 731 0 12
2548 323 0 14
2549 781 0 99
2550 1977 0 18
2551 1955 0 10
2552 1087 0 39
2553 753 0 8
2554 3361 0 8
2555 1106 0 11
2556 851 0 19
2557 295 0 12
2558 1851 0 12
2559 8541 0 9
2560 1933 0 3
2561 1273 0 33
2562 1034 0 78
2563 206 0 19
2564 2409 0 8
2565 1451 0 11
2566 8 0 9
2567 984 0 24
2568 1172 0 40
2569 1071 0 11
2570 1248 0 22
2571 3378 0 128
2572 7308 0 6
2573 498 0 8
2574 3165 0 38
2575 469 0 31
2576 2389 0 14
2577 782 0 32
2578 190 0 165
2579 1242 0 15
2580 1388 0 7
2581 1068 0 176
2582 1390 0 22
2583 2980 0 11
2584 750 0 40
2585 1547 0 28
2586 410 1 117
2587 3370 0 8
2588 2579 0 10
2589 5100 0 10
2590 502 0 7

27 1 2772
4
2591 1519 0 8
2592 200 0 20
2593 605 0 11
2594 3234 0 56

28 1 2782
1
2595 634 0 9

29 1 2794
5
2596 5023 0 86
2597 3547 0 9
2598 5758 0 21
2599 7917 0 100
2600 544 0 27

30 1 2799
167
2601 306 0 133
2602 12415 0 0
2603 989 0 6
2604 558 0 7
2605 1388 0 79
2606 5797 0 7
2607 180 0 23
2608 6739 0 8
2609 1110 0 8
2610 3234 0 9
2611 960 0 9
2612 1734 0 22
2613 493 0 10
2614 661 0 14
2615 1789 0 98
2616 1948 0 32
2617 7051 0 42
2618 955 0 152
2619 1427 0 9
2620 2790 0 9
2621 13296 0 6
2622 2848 0 12
2623 206 0 53
2624 1015 0 13
2625 1098 0 92
2626 1962 0 13
2627 1809 0 257
2628 411 0 67
2629 3209 0 11
2630 213 0 19
2631 8078 0 13
2632 577 0 29
2633 1801 0 13
2634 989 0 12
2635 5140 0 11
2636 3385 0 13
2637 1538 0 17
2638 741 0 72
2639 1529 0 10
2640 1824 0 9
2641 1065 0 110
2642 181 0 21
2643 786 0 307
2644 808 0 12
2645 1121 0 39
2646 411 0 819
2647 2394 1 41
2648 3248 0 10
2649 284 1 596
2650 1338 0 8
2651 7280 0 10
2652 421 0 8
2653 1561 0 61
2654 2919 0 9
2655 893 0 12
2656 931 0 13
2657 406 0 17
2658 899 0 14
2659 2487 0 11
2660 3738 0 36
2661 733 0 10
2662 1626 1 0
2663 804 0 138
2664 758 0 28
2665 721 0 34
2666 1134 0 11
2667 989 0 13
2668 552 0 9
2669 217 0 142
2670 1980 0 29
2671 5052 0 11
2672 28 0 10
2673 889 0 15
2674 486 0 11
2675 4384 0 12
2676 832 0 19
2677 5116 0 55
2678 2352 0 11
2679 6172 0 10
2680 13568 0 9
2681 6366 0 25
2682 8153 0 8
2683 2047 0 22
2684 1288 0 422
2685 483 0 72
2686 1839 0 16
2687 1242 0 11
2688 468 0 9
2689 475 0 22
2690 1165 0 181
2691 535 0 11
2692 2517 0 9
2693 1154 0 10
2694 1847 1 26
2695 284 0 11
2696 1311 0 14
2697 896 0 8
2698 409 0 12
2699 732 0 8
2700 11913 0 0
2701 981 0 110
2702 981 0 22
2703 1883 0 134
2704 1529 0 10
2705 3350 0 8
2706 1516 0 11
2707 1991 0 9
2708 7375 0 12
2709 12687 0 37
2710 8067 0 22
2711 2837 0 35
2712 4226 1 16
2713 7875 0 15
2714 6898 0 9
2715 5139 0 9
2716 3408 0 9
2717 766 0 10
2718 453 0 9
2719 1691 0 10
2720 5075 0 15
2721 1815 0 47
2722 12695 0 44
2723 2807 0 10
2724 2788 0 14
2725 1264 0 13
2726 805 0 92
2727 1052 1 0
2728 16680 0 2
2729 1249 0 76
2730 1190 0 37
2731 1331 0 12
2732 1986 0 9
2733 576 1 14
2734 1054 0 10
2735 463 0 7
2736 2507 0 12
2737 705 0 39
2738 1152 0 67
2739 1890 0 224
2740 876 1 0
2741 1943 0 13
2742 410 0 42
2743 1540 0 51
2744 1407 0 9
2745 798 0 7
2746 1291 0 40
2747 512 0 23
2748 1283 0 24
2749 1658 0 12
2750 5058 0 34
2751 3331 0 7
2752 3468 0 11
2753 3346 0 12
2754 1909 0 196
2755 1513 0 13
2756 2745 0 10
2757 335 0 13
2758 3224 0 151
2759 3221 0 6
2760 671 0 9
2761 5118 0 10
2762 5136 1 0
2763 2858 1 566
2764 1897 0 7
2765 1132 0 8
2766 820 0 19
2767 1799 1 516

31 1 2800
3
2768 3367 1 17
2769 651 0 14
2770 988 0 45

32 1 2800
21
2771 1130 0 134
2772 1979 0 12
2773 649 0 40
2774 3299 0 20
2775 5129 0 11
2776 1305 0 55
2777 1513 0 90
2778 1830 0 8
2779 258 0 192
2780 581 0 9
2781 764 0 9
2782 1361 0 16
2783 1423 0 8
2784 498 0 11
2785 1988 0 111
2786 628 0 19
2787 1975 1 0
2788 995 0 13
2789 9303 0 22
2790 1385 0 129
2791 2446 0 20

33 1 2800
115
2792 985 0 12
2793 5881 0 6
2794 3370 0 8
2795 7359 0 13
2796 5110 0 23
2797 7402 0 15
2798 2900 0 11
2799 1960 0 8
2800 1066 0 16
2801 540 0 37
2802 2946 0 23
2803 520 0 12
2804 223 0 24
2805 483 0 13
2806 1131 0 10
2807 608 0 10
2808 2557 0 14
2809 697 0 8
2810 1319 0 12
2811 2299 0 8
2812 2279 0 9
2813 945 1 0
2814 1402 0 139
2815 2468 0 10
2816 1285 0 9
2817 849 0 18
2818 1132 0 82
2819 2003 0 16
2820 1844 1 0
2821 428 0 107
2822 542 0 12
2823 7374 0 39
2824 1952 0 67
2825 163 0 188
2826 627 0 21
2827 5938 0 113
2828 888 0 273
2829 17057 0 71
2830 1249 0 8
2831 3374 0 142
2832 3447 0 17
2833 1362 0 78
2834 1823 0 10
2835 379 0 81
2836 2956 0 11
2837 269 0 43
2838 11791 0 7
2839 708 0 12
2840 685 0 10
2841 3167 0 12
2842 1192 0 7
2843 1188 0 8
2844 2601 0 18
2845 12244 0 11
2846 4074 0 89
2847 1300 0 18
2848 1420 0 23
2849 411 0 7
2850 1261 0 322
2851 1551 0 11
2852 2492 0 230
2853 187 0 145
2854 602 0 19
2855 845 0 42
2856 3190 0 15
2857 1323 0 11
2858 3915 0 53
2859 832 0 753
2860 839 0 35
2861 3265 0 11
2862 2277 1 517
2863 6088 0 31
2864 1538 0 69
2865 707 0 9
2866 3067 0 65
2867 1375 0 19
2868 1036 0 129
2869 1414 0 40
2870 171 0 20
2871 927 0 13
2872 2495 0 28
2873 1409 0 37
2874 2769 0 47
2875 1334 0 21
2876 1978 0 21
2877 1402 0 16
2878 1470 0 11
2879 1030 1 19
2880 1642 0 10
2881 739 0 99
2882 12582 1 0
2883 514 0 107
2884 2473 0 24
2885 928 0 43
2886 603 0 12
2887 1329 0 11
2888 692 0 17
2889 2350 0 12
2890 1460 0 53
2891 448 0 11
2892 1288 0 13
2893 1406 0 147
2894 864 0 25
2895 648 0 25
2896 602 0 113
2897 6130 0 7
2898 131 0 10
2899 332 0 10
2900 1256 0 10
2901 2275 0 11
2902 995 0 12
2903 3149 0 44
2904 5015 0 12
2905 2813 0 29
2906 989 0 9

34 1 2800
40
2907 983 0 18
2908 3747 0 13
2909 1253 0 8
2910 565 0 28
2911 3474 0 19
2912 1374 0 8
2913 600 0 12
2914 224 0 9
2915 7597 0 66
2916 1453 0 13
2917 86 0 13
2918 1979 0 73
2919 232 0 10
2920 910 0 9
2921 1980 0 36
2922 1139 0 11
2923 327 0 11
2924 185 0 17
2925 2410 0 11
2926 704 0 33
2927 3258 0 44
2928 1829 0 20
2929 814 0 13
2930 2309 0 249
2931 1241 0 26
2932 1429 0 41
2933 8127 0 11
2934 428 0 2
2935 750 0 17
2936 2167 0 123
2937 5093 0 13
2938 269 0 11
2939 585 0 54
2940 1405 0 10
2941 643 0 124
2942 1218 0 7
2943 1837 0 6
2944 1960 0 7
2945 1093 0 11
2946 622 0 9

35 1 2811
54
2947 925 0 11
2948 709 0 34
2949 3699 0 178
2950 1093 1 0
2951 1525 0 7
2952 1042 0 55
2953 3219 0 109
2954 656 0 22
2955 6451 0 11
2956 1384 0 24
2957 8839 0 81
2958 2437 0 42
2959 2320 0 19
2960 187 0 7
2961 1980 0 163
2962 1171 0 8
2963 412 0 13
2964 1047 0 19
2965 949 0 11
2966 7250 0 32
2967 541 0 6
2968 687 0 96
2969 196 0 97
2970 1158 0 19
2971 1810 0 15
2972 3293 0 11
2973 7646 0 16
2974 171 0 262
2975 1518 0 10
2976 970 0 13
2977 2542 0 10
2978 772 0 17
2979 1309 0 215
2980 3268 0 11
2981 557 0 87
2982 12781 0 20
2983 1411 0 10
2984 1516 0 13
2985 3290 0 13
2986 459 0 10
2987 799 0 12
2988 1538 0 45
2989 928 0 8
2990 536 0 124
2991 873 0 72
2992 962 0 37
2993 1278 0 272
2994 538 0 27
2995 1718 0 89
2996 1228 0 8
2997 1358 0 138
2998 1954 0 47
2999 600 0 12
3000 3269 0 63

36 1 2817
182
3001 171 0 13
3002 173 0 55
3003 2925 0 7
3004 1407 0 19
3005 3372 1 0
3006 1041 0 296
3007 5981 0 8
3008 2168 0 109
3009 1060 0 8
3010 5145 0 8
3011 860 0 7
3012 1395 0 71
3013 1225 0 10
3014 1171 0 7
3015 1066 0 17
3016 1524 0 69
3017 6455 0 54
3018 539 0 12
3019 655 0 10
3020 1028 0 9
3021 1098 0 38
3022 677 0 8
3023 967 0 12
3024 828 1 596
3025 631 0 10
3026 1805 0 18
3027 838 0 5
3028 465 1 25
3029 1195 0 21
3030 1383 0 8
3031 2160 0 132
3032 3197 0 68
3033 187 0 8
3034 1416 0 16
3035 1639 0 46
3036 1975 0 11
3037 285 0 109
3038 1204 0 8
3039 2229 0 30
3040 3006 0 107
3041 1423 0 12
3042 292 0 27
3043 2995 0 11
3044 113 0 11
3045 374 0 10
3046 643 0 51
3047 1229 0 8
3048 1001 0 17
3049 2007 0 11
3050 5868 0 10
3051 560 0 17
3052 1298 0 15
3053 13642 0 9
3054 1004 0 11
3055 578 0 11
3056 1513 0 13
3057 678 0 31
3058 1755 0 29
3059 5146 0 31
3060 207 0 15
3061 5156 0 13
3062 1537 0 39
3063 450 0 13
3064 11076 0 11
3065 3374 0 159
3066 2817 0 12
3067 3495 0 17
3068 1562 0 53
3069 853 0 15
3070 2709 0 11
3071 691 0 15
3072 1819 0 177
3073 3105 0 13
3074 1256 0 105
3075 1278 1 26
3076 1986 0 106
3077 1221 0 13
3078 477 0 30
3079 164 0 19
3080 1061 0 79
3081 417 0 6
3082 4291 0 64
3083 1928 0 17
3084 971 0 22
3085 146 0 67
3086 2273 0 27
3087 9524 0 7
3088 1975 0 106
3089 892 0 11
3090 1948 0 11
3091 989 0 43
3092 171 0 22
3093 520 0 13
3094 5112 0 63
3095 1217 0 10
3096 3754 0 122
3097 7967 0 26
3098 996 0 12
3099 3226 1 0
3100 332 0 7
3101 691 0 12
3102 565 0 77
3103 669 0 30
3104 1066 0 17
3105 925 0 42
3106 3118 0 53
3107 7967 0 92
3108 3544 1 101
3109 956 0 81
3110 1359 0 8
3111 775 1 248
3112 5138 0 70
3113 2919 0 8
3114 2174 0 27
3115 1267 0 9
3116 16105 0 34
3117 1532 0 17
3118 921 0 10
3119 875 0 7
3120 1279 0 10
3121 1363 0 79
3122 3278 0 40
3123 1341 0 13
3124 917 0 12
3125 1351 0 33
3126 1650 1 28
3127 1337 0 53
3128 1947 0 11
3129 1060 0 16
3130 200 0 37
3131 879 0 10
3132 2817 0 27
3133 1316 0 10
3134 1318 0 162
3135 1136 0 19
3136 1393 0 101
3137 1407 0 35
3138 1366 0 13
3139 983 0 17
3140 989 0 108
3141 1683 0 29
3142 1407 1 516
3143 1964 0 10
3144 1219 0 113
3145 510 0 13
3146 12915 0 174
3147 489 0 9
3148 332 0 15
3149 1063 0 71
3150 1368 0 8
3151 855 1 516
3152 558 1 0
3153 456 1 30
3154 1396 0 152
3155 1012 0 22
3156 571 0 16
3157 405 0 8
3158 1933 0 40
3159 759 0 49
3160 1073 0 10
3161 1322 0 12
3162 17472 0 8
3163 477 0 7
3164 456 0 18
3165 1515 0 74
3166 394 0 9
3167 2254 0 8
3168 8152 0 12
3169 1210 0 321
3170 1977 0 617
3171 3938 0 95
3172 749 0 40
3173 276 0 38
3174 5783 0 10
3175 896 0 269
3176 507 0 41
3177 2664 0 12
3178 484 0 33
3179 5018 0 8
3180 2497 0 14
3181 5077 0 8
3182 1068 0 24

37 1 2848
52
3183 2505 1 19
3184 1423 0 33
3185 2199 0 100
3186 1355 1 18
3187 2792 0 154
3188 1406 0 39
3189 1355 0 11
3190 568 0 11
3191 1395 0 223
3192 3277 0 10
3193 3568 0 11
3194 1968 0 11
3195 777 0 29
3196 1949 0 96
3197 714 1 60
3198 1229 0 26
3199 1022 0 9
3200 12121 0 7
3201 621 0 11
3202 5359 0 8
3203 467 0 8
3204 1988 0 54
3205 3152 0 35
3206 3749 0 22
3207 3376 0 11
3208 352 0 13
3209 1956 0 37
3210 5348 0 18
3211 690 0 28
3212 3440 0 13
3213 1281 0 108
3214 1271 0 13
3215 3219 0 8
3216 499 0 17
3217 1019 0 13
3218 664 0 11
3219 7552 0 31
3220 1221 0 54
3221 1127 0 10
3222 3338 0 13
3223 349 0 11
3224 1504 0 69
3225 9984 0 89
3226 171 0 77
3227 1209 0 16
3228 1757 0 114
3229 7896 0 38
3230 979 0 12
3231 2850 1 0
3232 1201 0 55
3233 1518 1 21
3234 1275 0 10

38 1 2938
23
3235 2624 0 13
3236 2609 0 30
3237 679 0 8
3238 3186 0 154
3239 2859 0 110
3240 1210 0 7
3241 272 0 13
3242 1969 0 106
3243 1294 0 216
3244 13553 0 2
3245 9364 0 11
3246 2222 0 77
3247 169 0 16
3248 636 0 102
3249 1161 1 0
3250 887 0 117
3251 499 0 18
3252 2390 0 17
3253 1395 0 17
3254 332 0 23
3255 1315 0 7
3256 3175 0 12
3257 997 0 13

39 1 422194
25
3258 506 0 107
3259 534 0 29
3260 361 0 9
3261 3369 0 13
3262 2868 0 89
3263 3436 0 26
3264 4750 0 10
3265 443 0 16
3266 6171 0 11
3267 5150 0 29
3268 3293 0 15
3269 3190 0 59
3270 2801 0 7
3271 837 0 48
3272 474 0 43
3273 2051 0 8
3274 1411 0 10
3275 5154 0 6
3276 3359 0 12
3277 1290 0 42
3278 1941 0 17
3279 984 0 223
3280 1072 0 33
3281 1246 0 12
3282 1282 0 7

