40

0 0 507
6
0 3223 0 47
1 361 0 9
2 799 0 7
3 3552 0 47
4 2663 0 16
5 687 0 71

1 1 963
198
6 313 0 18
7 1113 0 13
8 2085 0 8
9 405 0 8
10 2962 0 11
11 5112 0 31
12 584 0 11
13 7565 0 8
14 881 0 28
15 2029 0 14
16 1513 0 12
17 1257 0 10
18 3317 0 23
19 1420 0 30
20 859 0 11
21 1225 0 617
22 1041 0 41
23 758 0 12
24 3302 0 27
25 2871 0 66
26 1501 0 18
27 1194 0 11
28 3624 0 24
29 1446 0 11
30 1268 0 18
31 29 0 34
32 594 0 35
33 1267 0 96
34 1965 0 10
35 5132 0 13
36 13064 0 617
37 2862 0 17
38 779 0 54
39 1046 0 23
40 3252 0 64
41 1964 0 40
42 1981 0 12
43 356 0 11
44 529 0 157
45 723 0 8
46 347 0 12
47 1978 1 599
48 909 0 24
49 2860 0 342
50 2000 0 132
51 673 0 11
52 706 0 10
53 1339 0 11
54 811 0 43
55 276 0 12
56 3296 0 149
57 1610 0 406
58 5008 0 23
59 407 0 13
60 1299 0 79
61 349 0 15
62 2442 0 11
63 791 0 10
64 3152 0 216
65 789 0 8
66 1289 0 9
67 3215 0 113
68 1271 0 80
69 3435 0 10
70 5137 0 10
71 1385 0 42
72 2942 0 13
73 2117 0 9
74 885 0 13
75 1907 0 18
76 798 0 6
77 1245 0 8
78 5006 0 39
79 2905 1 0
80 494 0 15
81 3317 0 6
82 1050 0 9
83 1193 1 0
84 1599 0 22
85 178 0 11
86 3314 0 10
87 2824 0 17
88 2814 0 41
89 5041 0 13
90 723 0 13
91 686 0 10
92 1203 0 6
93 2509 0 14
94 6366 0 24
95 3630 0 16
96 506 0 70
97 3194 0 28
98 704 0 10
99 1981 0 12
100 421 0 13
101 1072 0 32
102 1415 0 11
103 3788 0 40
104 13554 0 155
105 1370 0 13
106 1513 0 40
107 3358 0 79
108 1980 0 30
109 2505 0 10
110 721 0 11
111 1299 0 13
112 6233 0 12
113 562 0 11
114 1578 0 75
115 529 0 32
116 412 0 31
117 7358 0 13
118 563 0 133
119 2815 0 30
120 2033 0 10
121 2121 0 89
122 2181 0 14
123 951 1 181
124 3332 0 0
125 5097 0 149
126 2401 0 10
127 564 0 7
128 1946 0 160
129 12247 0 134
130 3612 0 9
131 1739 0 21
132 6923 0 10
133 1358 0 14
134 543 0 41
135 3566 0 9
136 773 0 23
137 6244 0 10
138 1730 0 27
139 1331 0 9
140 2211 0 8
141 1243 0 30
142 1963 0 19
143 893 0 11
144 7822 0 76
145 1170 0 20
146 7390 0 17
147 1280 0 29
148 3681 0 14
149 3279 0 8
150 1335 0 9
151 1008 0 17
152 1984 0 8
153 989 0 10
154 1040 0 18
155 8773 0 30
156 869 0 9
157 580 0 20
158 640 0 14
159 911 0 44
160 889 0 8
161 1288 0 10
162 18 0 19
163 937 0 13
164 829 0 19
165 1329 0 24
166 27 0 13
167 778 0 121
168 257 0 110
169 3194 0 8
170 3149 0 109
171 6912 0 41
172 3252 0 12
173 1523 0 15
174 1239 0 42
175 3929 0 28
176 8200 0 7
177 7169 0 12
178 1511 0 12
179 2386 0 22
180 1516 0 11
181 675 0 19
182 2544 0 136
183 475 0 12
184 3376 0 49
185 1383 0 10
186 889 0 161
187 1425 0 11
188 6234 0 230
189 989 0 7
190 1358 0 13
191 424 0 47
192 5106 0 163
193 1506 0 18
194 813 0 102
195 1403 0 11
196 723 0 7
197 1984 0 7
198 2815 0 20
199 1955 0 15
200 917 0 32
201 777 0 11
202 1426 0 11
203 14918 0 7

2 1 1488
20
204 1133 0 28
205 3405 0 14
206 1263 0 11
207 1302 0 13
208 1730 0 33
209 2842 0 13
210 513 0 11
211 851 0 10
212 2226 0 185
213 322 0 41
214 401 0 152
215 1111 0 7
216 2387 0 70
217 852 0 11
218 954 0 17
219 1358 0 11
220 3244 0 23
221 3015 1 96
222 2642 0 8
223 17384 0 38

3 0 1492
27
224 989 0 19
225 2195 0 110
226 989 0 198
227 5020 0 135
228 184 0 16
229 1839 0 12
230 188 0 9
231 1009 0 11
232 639 0 13
233 408 0 8
234 582 0 9
235 1315 0 7
236 2485 0 36
237 781 0 8
238 1594 0 9
239 514 0 11
240 741 0 7
241 9363 0 179
242 7809 1 0
243 2868 0 28
244 808 0 9
245 2605 0 9
246 1030 0 10
247 1334 0 47
248 1383 0 13
249 2192 0 32
250 1974 0 8

4 1 1821
110
251 828 0 13
252 406 0 36
253 166 0 7
254 1431 0 47
255 3233 0 11
256 1168 0 32
257 1722 0 8
258 6961 0 36
259 931 0 45
260 3373 0 85
261 3181 0 11
262 967 0 2
263 6156 0 20
264 2190 0 36
265 2510 0 9
266 1285 0 28
267 1215 0 57
268 940 0 41
269 927 0 13
270 1528 0 12
271 2880 0 16
272 1393 0 48
273 3758 0 11
274 1992 0 38
275 1279 0 129
276 208 0 15
277 5130 1 0
278 575 0 33
279 1529 0 7
280 6099 0 17
281 531 0 204
282 3181 0 9
283 4090 0 7
284 723 0 9
285 2331 0 12
286 375 1 0
287 1813 0 14
288 3305 0 12
289 625 0 37
290 540 0 11
291 3572 0 70
292 1412 0 13
293 302 0 8
294 904 0 71
295 166 0 10
296 5026 0 25
297 1497 0 11
298 1597 0 11
299 888 0 70
300 717 0 33
301 715 0 23
302 2148 0 31
303 3908 0 8
304 1285 0 270
305 5026 0 100
306 1791 0 18
307 7378 0 37
308 2249 0 13
309 17472 0 11
310 1516 0 32
311 2469 0 53
312 1823 0 66
313 1697 0 13
314 1413 0 11
315 3314 0 188
316 942 0 9
317 1195 0 27
318 2579 0 12
319 822 0 24
320 1241 0 7
321 598 0 17
322 2483 0 37
323 1692 0 20
324 3313 0 96
325 2365 1 94
326 944 0 72
327 661 0 38
328 1057 0 17
329 5138 0 13
330 489 0 13
331 5091 0 23
332 1288 0 11
333 2972 0 135
334 181 0 6
335 1045 0 11
336 2031 0 154
337 1524 0 21
338 1823 0 84
339 2887 0 27
340 171 0 9
341 1065 0 47
342 2132 0 17
343 893 0 38
344 1647 0 13
345 657 0 9
346 173 0 12
347 454 0 12
348 959 0 13
349 769 0 29
350 960 0 11
351 2031 1 518
352 1966 0 57
353 3262 0 8
354 416 0 9
355 13012 0 13
356 978 0 10
357 696 0 19
358 655 1 118
359 853 0 41
360 562 0 17

5 0 1826
22
361 1035 0 15
362 1741 0 39
363 3278 0 9
364 837 0 15
365 1006 0 26
366 3379 0 8
367 320 0 10
368 3186 0 17
369 5074 0 85
370 1975 0 26
371 1320 0 9
372 6951 0 38
373 5117 0 14
374 5845 0 66
375 563 0 173
376 2955 0 12
377 1407 0 109
378 1781 0 29
379 1108 0 14
380 1384 0 0
381 870 0 17
382 13536 0 3

6 1 1850
27
383 166 0 29
384 1428 0 50
385 1059 0 35
386 2257 0 132
387 287 0 11
388 2848 0 39
389 1880 0 38
390 1386 0 6
391 350 0 17
392 12832 0 11
393 521 0 10
394 3806 0 35
395 877 0 8
396 3062 0 12
397 3239 0 94
398 3230 0 8
399 1581 0 9
400 3754 0 132
401 3139 0 27
402 725 0 68
403 1032 0 37
404 2423 0 45
405 319 1 0
406 437 0 52
407 5029 0 42
408 3260 0 9
409 1979 0 7

7 0 1853
6
410 229 0 110
411 2913 0 8
412 453 0 23
413 648 0 71
414 2945 0 23
415 3293 0 7

8 1 1872
1
416 598 0 8

9 1 1895
1
417 1411 0 8

10 1 1926
48
418 920 0 74
419 3450 0 8
420 913 0 13
421 1291 0 12
422 3247 0 10
423 1284 0 11
424 833 0 40
425 1861 0 7
426 664 0 6
427 498 0 11
428 1668 0 11
429 2894 0 20
430 2784 0 12
431 548 0 147
432 13595 0 9
433 989 0 19
434 3200 0 25
435 1775 0 132
436 5098 0 7
437 1514 0 12
438 1983 0 74
439 1425 0 24
440 1152 0 11
441 1780 0 30
442 1053 0 54
443 1114 0 176
444 994 0 10
445 16658 0 10
446 201 0 7
447 7048 0 27
448 770 0 91
449 1152 0 23
450 406 0 13
451 1703 0 8
452 2201 0 11
453 3326 1 0
454 12672 0 18
455 1328 0 102
456 3104 0 108
457 2391 0 10
458 1414 0 16
459 618 0 7
460 3152 0 9
461 1599 0 8
462 1361 0 78
463 624 0 78
464 497 0 47
465 1529 0 10

11 0 1966
2
466 3077 0 10
467 898 0 8

12 1 1966
5
468 1804 0 10
469 1367 0 11
470 5058 0 10
471 1052 0 50
472 2833 0 97

13 0 2292
1
473 7843 0 85

14 1 2478
76
474 3351 0 8
475 5057 0 43
476 1960 0 20
477 386 0 9
478 916 0 17
479 1414 0 107
480 1530 0 16
481 303 0 8
482 2086 0 428
483 17110 0 10
484 1302 0 12
485 1193 0 43
486 2236 0 23
487 413 0 14
488 1535 0 83
489 2410 0 7
490 3284 0 34
491 1953 0 165
492 1981 0 10
493 9317 0 38
494 3699 0 29
495 208 0 8
496 12914 0 11
497 1865 1 566
498 547 0 10
499 570 0 20
500 1119 0 18
501 713 1 30
502 1988 0 56
503 9317 0 13
504 491 0 129
505 5068 0 5
506 1985 0 11
507 1008 0 21
508 781 0 8
509 1985 0 33
510 7669 0 77
511 989 0 169
512 332 0 228
513 2881 0 82
514 852 0 13
515 1990 0 9
516 1272 0 7
517 3507 0 9
518 1848 0 33
519 9405 0 13
520 735 0 41
521 102 0 9
522 901 0 11
523 661 0 29
524 2269 0 10
525 2150 0 16
526 1339 0 18
527 8048 0 48
528 610 0 11
529 175 0 33
530 1981 0 87
531 318 0 34
532 827 0 13
533 458 0 12
534 2762 0 145
535 941 0 72
536 3471 1 30
537 1318 0 11
538 13005 0 31
539 6823 0 47
540 2798 0 11
541 948 0 11
542 201 0 31
543 1827 0 94
544 572 0 10
545 185 0 10
546 394 0 70
547 834 0 16
548 1127 0 14
549 3182 0 9

15 1 2478
115
550 991 0 17
551 856 0 11
552 1530 0 12
553 943 0 13
554 2276 0 13
555 733 0 11
556 1381 0 13
557 408 0 109
558 3322 0 19
559 1262 0 12
560 685 1 6
561 3741 0 57
562 638 0 9
563 828 0 38
564 3299 0 11
565 1112 0 11
566 952 0 8
567 329 0 13
568 1372 0 26
569 6199 0 67
570 819 0 111
571 253 0 16
572 1275 0 223
573 1194 0 9
574 1057 0 77
575 5029 0 74
576 1559 0 87
577 413 0 9
578 451 0 68
579 2720 0 208
580 10322 0 10
581 1380 0 7
582 825 0 12
583 1411 0 9
584 1117 0 398
585 6366 1 0
586 1949 1 20
587 677 0 12
588 806 0 11
589 3188 0 30
590 1119 0 11
591 9584 0 13
592 2860 0 12
593 811 0 11
594 1143 0 140
595 1012 0 125
596 1789 0 51
597 3441 0 11
598 2878 0 16
599 1042 0 10
600 489 0 258
601 1530 0 17
602 859 0 7
603 2975 0 155
604 6366 0 126
605 11506 0 10
606 1373 0 9
607 899 0 15
608 2249 0 16
609 1305 0 102
610 14397 0 11
611 1649 0 11
612 7786 0 8
613 2468 1 0
614 177 0 71
615 1334 0 39
616 2794 0 8
617 971 0 9
618 587 0 52
619 1833 0 9
620 3797 0 50
621 1351 0 8
622 828 0 26
623 1253 0 109
624 1029 0 15
625 1414 0 15
626 302 0 9
627 560 1 0
628 450 0 80
629 810 0 41
630 2483 0 29
631 1041 0 67
632 1505 0 8
633 2378 0 9
634 3737 0 9
635 3121 0 58
636 3296 0 33
637 808 0 76
638 5694 0 9
639 231 0 13
640 2703 0 27
641 2880 0 147
642 2852 0 156
643 778 0 12
644 489 0 11
645 597 0 12
646 1038 0 13
647 797 0 13
648 6208 0 195
649 453 0 50
650 1051 0 9
651 1456 0 8
652 1538 0 12
653 395 0 42
654 364 1 61
655 1352 0 11
656 2957 0 15
657 769 0 15
658 969 0 428
659 1183 0 75
660 1985 0 11
661 1429 1 0
662 145 0 6
663 882 0 18
664 2539 0 8

16 1 2580
1224
665 462 0 31
666 2510 0 7
667 2944 0 12
668 989 0 94
669 1516 0 72
670 3210 1 88
671 789 0 18
672 1973 0 12
673 7164 0 12
674 774 0 9
675 742 0 17
676 652 0 10
677 1845 0 15
678 9303 0 7
679 1399 0 16
680 1029 0 92
681 1250 0 9
682 577 0 13
683 615 1 0
684 1137 0 57
685 8334 0 39
686 43 0 9
687 3495 0 42
688 1535 0 28
689 754 0 40
690 1215 0 25
691 1210 0 11
692 599 0 19
693 823 1 0
694 920 0 47
695 3240 0 7
696 8263 0 128
697 1104 0 91
698 320 1 0
699 1283 0 8
700 1388 0 72
701 945 0 74
702 2804 0 48
703 689 0 10
704 1416 0 10
705 1530 0 206
706 1960 0 13
707 1129 0 207
708 1296 0 71
709 528 0 14
710 2945 1 0
711 1524 0 88
712 1991 0 103
713 276 0 12
714 701 1 208
715 916 0 10
716 270 0 41
717 9488 1 20
718 1221 1 0
719 1029 0 62
720 721 0 58
721 348 0 11
722 977 0 12
723 1970 0 22
724 1126 0 12
725 3185 0 7
726 1071 0 130
727 1391 0 52
728 532 1 31
729 1959 0 118
730 1231 0 64
731 1506 0 12
732 629 0 13
733 1679 0 7
734 682 1 29
735 10980 0 13
736 220 0 9
737 2861 0 8
738 2937 0 142
739 1427 0 7
740 990 0 5
741 2466 0 8
742 757 0 117
743 895 0 30
744 989 0 70
745 1525 0 10
746 3156 0 53
747 3142 0 11
748 989 0 11
749 3233 0 283
750 742 0 13
751 5127 0 44
752 1337 0 8
753 1949 1 30
754 472 0 24
755 61 0 127
756 1726 0 218
757 413 0 68
758 2782 0 7
759 2900 0 11
760 729 0 9
761 500 0 14
762 1792 0 11
763 898 0 6
764 298 1 25
765 507 0 435
766 673 0 8
767 871 0 8
768 2485 0 14
769 3143 0 22
770 1514 0 84
771 2016 0 48
772 1223 0 251
773 880 0 38
774 1984 0 11
775 2821 0 38
776 1062 0 10
777 445 0 13
778 678 0 70
779 1135 0 89
780 3572 0 29
781 695 0 8
782 15985 0 25
783 1284 0 13
784 1968 0 18
785 1529 0 8
786 356 0 45
787 2861 1 17
788 749 0 282
789 544 0 9
790 7390 0 39
791 2015 0 9
792 1979 0 617
793 954 0 10
794 2459 0 13
795 3261 0 37
796 6483 0 23
797 1900 0 7
798 3145 0 14
799 683 0 59
800 1787 0 9
801 830 0 34
802 888 0 73
803 648 0 8
804 1787 0 30
805 174 0 14
806 1176 0 14
807 3315 0 222
808 518 0 9
809 1415 0 11
810 837 0 8
811 1757 0 13
812 3188 0 11
813 888 0 160
814 752 0 8
815 7090 0 39
816 734 0 7
817 1416 0 38
818 532 0 23
819 876 0 24
820 1320 0 41
821 2288 0 15
822 426 0 29
823 2634 0 12
824 3351 0 30
825 910 0 79
826 1984 0 11
827 1326 0 9
828 2150 0 37
829 1969 0 36
830 1909 0 39
831 2430 1 0
832 11978 0 13
833 194 0 7
834 3244 0 134
835 1332 0 32
836 11791 0 8
837 1639 0 10
838 5000 0 19
839 965 0 168
840 2556 0 8
841 610 0 12
842 1149 0 7
843 703 0 8
844 466 0 79
845 3144 0 9
846 370 0 10
847 481 0 13
848 853 0 45
849 588 0 10
850 546 0 15
851 1965 0 18
852 1124 0 8
853 670 0 9
854 5135 0 11
855 1963 1 25
856 919 0 9
857 1804 0 29
858 1340 0 36
859 1983 0 11
860 3528 0 194
861 2859 0 9
862 320 0 7
863 955 0 164
864 848 0 20
865 1931 0 11
866 845 0 154
867 1645 0 2
868 2843 0 30
869 989 0 76
870 323 0 52
871 3145 0 28
872 3378 0 10
873 3207 0 11
874 2556 0 10
875 174 0 9
876 1183 0 8
877 960 0 195
878 2950 0 34
879 1329 0 9
880 1762 0 117
881 1647 0 10
882 166 0 8
883 2460 0 28
884 888 0 8
885 489 0 45
886 16253 0 719
887 1088 0 98
888 5976 0 28
889 861 0 22
890 363 0 9
891 998 0 13
892 1048 0 18
893 442 1 14
894 5130 0 8
895 1694 0 38
896 321 0 7
897 1243 0 52
898 881 0 9
899 3271 0 12
900 920 0 12
901 6747 0 10
902 194 0 41
903 569 0 99
904 1348 0 30
905 556 0 112
906 2240 0 143
907 2390 0 8
908 867 0 10
909 1412 0 10
910 212 1 81
911 1371 0 60
912 768 0 107
913 17619 0 70
914 8910 0 41
915 2811 0 27
916 1526 0 44
917 1046 0 23
918 2820 0 29
919 1683 0 45
920 201 0 287
921 3374 0 17
922 2178 0 12
923 964 0 24
924 3177 0 20
925 5093 0 50
926 1319 0 628
927 2319 0 19
928 1972 0 18
929 1482 0 13
930 1413 0 10
931 833 0 27
932 945 0 189
933 831 0 27
934 576 0 7
935 1231 0 33
936 2479 0 8
937 2452 0 40
938 1259 0 22
939 1194 0 20
940 2878 0 148
941 3374 0 38
942 1013 0 139
943 1539 0 17
944 3448 0 154
945 2857 0 71
946 469 0 85
947 2603 0 12
948 534 0 18
949 1113 0 67
950 1983 0 9
951 478 0 10
952 1399 0 38
953 16135 0 11
954 627 0 11
955 1095 0 30
956 499 0 7
957 1007 0 18
958 802 0 17
959 681 1 0
960 2209 0 13
961 3233 0 7
962 1971 0 11
963 621 0 8
964 3189 0 67
965 2541 0 32
966 1284 0 7
967 1123 0 15
968 2905 0 15
969 561 0 19
970 1325 0 12
971 171 0 70
972 1691 0 17
973 1413 0 76
974 1222 0 17
975 677 0 16
976 1103 0 9
977 274 0 19
978 1847 0 109
979 1398 0 29
980 3277 0 10
981 931 0 10
982 358 0 352
983 1574 0 23
984 1292 0 16
985 1520 0 19
986 2044 0 16
987 14837 0 15
988 1518 0 134
989 171 0 96
990 1338 0 39
991 1182 0 114
992 617 0 11
993 3228 0 9
994 7385 0 16
995 17224 0 16
996 8829 0 7
997 1232 0 7
998 17480 0 19
999 784 0 41
1000 2509 0 8
1001 2144 1 160
1002 849 0 131
1003 835 0 298
1004 503 0 130
1005 1945 0 154
1006 2503 0 10
1007 6568 0 11
1008 1887 0 83
1009 2196 0 12
1010 3546 0 54
1011 721 0 37
1012 907 0 185
1013 7386 0 132
1014 2316 0 88
1015 1076 0 16
1016 503 0 11
1017 875 0 13
1018 1325 0 11
1019 5031 0 11
1020 1970 1 0
1021 5073 0 43
1022 4756 0 11
1023 1774 0 82
1024 2204 0 9
1025 1513 0 227
1026 3315 0 12
1027 2815 1 518
1028 2513 0 12
1029 2449 0 28
1030 1507 0 39
1031 3151 0 10
1032 1419 0 48
1033 958 0 73
1034 1102 0 10
1035 1971 0 29
1036 1116 0 15
1037 2248 0 22
1038 2317 0 49
1039 412 0 148
1040 756 0 6
1041 8824 0 169
1042 2085 0 38
1043 206 0 10
1044 461 0 82
1045 273 0 17
1046 496 0 14
1047 788 0 16
1048 2596 0 11
1049 9316 0 13
1050 1102 0 9
1051 17368 0 9
1052 6954 0 10
1053 2172 0 71
1054 1188 1 0
1055 1843 0 90
1056 562 0 12
1057 1417 0 75
1058 1923 0 39
1059 7338 0 20
1060 2435 1 30
1061 618 0 37
1062 5069 0 9
1063 607 0 12
1064 863 0 14
1065 2609 0 8
1066 166 0 38
1067 1979 0 33
1068 442 0 26
1069 151 0 9
1070 6146 0 9
1071 648 0 30
1072 1978 0 12
1073 3166 1 61
1074 3291 0 19
1075 5108 0 13
1076 8164 0 13
1077 2507 0 11
1078 1704 0 8
1079 1638 0 17
1080 1088 0 9
1081 1927 0 13
1082 3476 0 41
1083 1266 0 89
1084 1513 0 10
1085 3140 0 27
1086 1528 0 11
1087 1365 0 65
1088 2008 0 20
1089 2539 0 29
1090 1057 0 81
1091 2847 0 13
1092 1610 0 10
1093 941 0 10
1094 989 1 0
1095 1955 0 9
1096 1741 0 178
1097 1961 0 121
1098 2110 0 13
1099 1992 0 13
1100 3141 0 14
1101 1509 0 12
1102 6145 0 76
1103 1410 0 52
1104 684 0 10
1105 2493 0 7
1106 2940 0 12
1107 738 0 11
1108 1326 0 10
1109 635 0 48
1110 2674 0 13
1111 3511 0 10
1112 2396 0 221
1113 760 0 16
1114 734 0 163
1115 2675 0 14
1116 423 0 10
1117 3376 0 7
1118 658 0 13
1119 5026 0 9
1120 756 0 19
1121 1094 0 10
1122 1245 0 40
1123 1589 0 22
1124 1427 0 7
1125 1937 0 63
1126 650 0 8
1127 989 1 116
1128 1096 0 342
1129 1419 0 31
1130 657 0 438
1131 1225 0 40
1132 2421 0 13
1133 3314 0 6
1134 2131 0 128
1135 1341 0 12
1136 1974 0 18
1137 1907 0 46
1138 3215 0 10
1139 1774 0 6
1140 835 0 78
1141 5856 0 176
1142 835 0 27
1143 1181 0 11
1144 3610 0 10
1145 2232 0 10
1146 191 0 9
1147 969 0 30
1148 3155 0 9
1149 7039 1 26
1150 1340 0 8
1151 885 0 77
1152 1448 0 37
1153 3265 0 86
1154 437 0 130
1155 1344 0 8
1156 3262 0 27
1157 1874 0 13
1158 3223 0 10
1159 1663 0 39
1160 2950 0 15
1161 2938 0 11
1162 595 0 26
1163 1806 0 11
1164 3350 0 11
1165 1382 0 13
1166 2865 0 9
1167 5061 0 49
1168 1187 0 90
1169 660 0 12
1170 1745 0 10
1171 970 0 18
1172 1792 0 17
1173 985 0 13
1174 204 0 10
1175 1126 0 13
1176 3260 0 152
1177 2958 0 12
1178 1142 0 78
1179 2049 0 16
1180 1938 0 31
1181 667 1 15
1182 2788 1 0
1183 1401 0 17
1184 1966 0 8
1185 3053 0 14
1186 1028 0 23
1187 522 0 32
1188 422 0 253
1189 3084 0 9
1190 3570 0 18
1191 2410 0 33
1192 736 0 16
1193 921 0 8
1194 1526 0 46
1195 497 0 11
1196 261 0 13
1197 1090 0 10
1198 3003 0 7
1199 1037 0 30
1200 1982 0 7
1201 3473 0 11
1202 889 0 56
1203 538 0 63
1204 926 0 22
1205 1182 0 13
1206 17331 0 11
1207 243 0 11
1208 2853 0 8
1209 1413 0 43
1210 5145 0 10
1211 195 0 13
1212 6362 0 167
1213 5126 0 13
1214 1361 0 150
1215 1445 1 0
1216 2912 0 24
1217 252 0 52
1218 1262 0 14
1219 1100 0 10
1220 3472 0 8
1221 2913 0 27
1222 3708 0 172
1223 302 0 37
1224 3100 0 11
1225 198 0 12
1226 196 0 42
1227 1003 0 10
1228 10006 0 18
1229 1128 0 129
1230 800 0 55
1231 1522 0 75
1232 696 0 10
1233 1003 0 40
1234 1990 0 10
1235 410 0 8
1236 6366 0 19
1237 2149 0 25
1238 3301 1 0
1239 1288 0 12
1240 5767 0 12
1241 2734 0 7
1242 7471 0 12
1243 8185 0 10
1244 3368 0 11
1245 497 0 6
1246 8200 0 9
1247 2515 0 9
1248 2500 0 18
1249 1027 0 7
1250 1205 0 12
1251 971 0 37
1252 1641 0 38
1253 1881 0 8
1254 614 0 25
1255 3325 0 8
1256 748 0 37
1257 2722 0 9
1258 3417 0 8
1259 1407 0 14
1260 852 0 11
1261 6918 0 19
1262 1235 0 147
1263 1933 0 23
1264 2158 0 29
1265 3030 0 173
1266 900 0 38
1267 5101 0 42
1268 5138 0 39
1269 3332 0 12
1270 744 0 41
1271 1230 0 11
1272 1513 0 37
1273 441 0 9
1274 3635 0 13
1275 3069 0 16
1276 989 0 191
1277 677 0 70
1278 171 0 134
1279 777 0 25
1280 1017 0 11
1281 3349 0 3
1282 2553 0 13
1283 1301 0 29
1284 2887 0 7
1285 344 0 243
1286 7297 0 22
1287 989 0 35
1288 670 0 172
1289 1057 0 76
1290 1133 0 42
1291 229 0 17
1292 1102 0 10
1293 1367 0 10
1294 1061 0 25
1295 3211 0 53
1296 3000 0 13
1297 692 0 11
1298 769 0 80
1299 1969 0 40
1300 2496 0 44
1301 6361 0 11
1302 1211 0 12
1303 507 0 25
1304 1712 0 10
1305 7390 0 13
1306 1007 0 14
1307 3278 0 10
1308 1297 0 28
1309 1743 0 49
1310 1082 0 31
1311 1019 1 0
1312 203 1 0
1313 652 0 40
1314 1233 0 46
1315 1142 0 873
1316 1291 0 10
1317 954 0 117
1318 957 0 24
1319 989 0 15
1320 12591 0 343
1321 526 0 11
1322 1348 0 20
1323 2009 0 19
1324 962 1 0
1325 6447 0 31
1326 1288 0 25
1327 1952 0 12
1328 7271 0 11
1329 704 0 8
1330 1135 0 37
1331 306 0 82
1332 5821 0 42
1333 2875 0 172
1334 1244 0 94
1335 1369 0 73
1336 801 0 8
1337 1293 0 14
1338 751 0 10
1339 1379 0 7
1340 463 0 34
1341 695 0 11
1342 3365 0 12
1343 1905 0 13
1344 1121 0 27
1345 3266 0 14
1346 1955 0 155
1347 2835 0 71
1348 6732 0 42
1349 1332 0 11
1350 896 0 8
1351 2453 0 8
1352 2385 0 38
1353 191 0 7
1354 7281 0 20
1355 1967 0 13
1356 869 0 41
1357 954 0 19
1358 514 0 36
1359 3374 0 23
1360 659 0 11
1361 1265 0 23
1362 1317 0 119
1363 180 0 9
1364 769 0 73
1365 1431 0 28
1366 15985 0 63
1367 3920 0 8
1368 177 0 11
1369 3192 0 23
1370 6178 0 13
1371 2752 0 20
1372 591 0 36
1373 469 0 70
1374 1942 0 19
1375 1629 0 11
1376 1295 0 11
1377 1317 0 31
1378 17430 0 17
1379 1020 0 27
1380 496 0 7
1381 2871 0 66
1382 984 0 11
1383 3004 0 75
1384 3209 0 11
1385 1312 0 99
1386 5918 0 11
1387 1056 0 8
1388 8209 0 10
1389 1938 0 8
1390 3267 0 11
1391 3215 0 9
1392 1185 0 11
1393 1257 0 12
1394 1256 1 17
1395 693 0 8
1396 996 0 9
1397 6366 0 10
1398 642 0 9
1399 390 0 19
1400 1177 1 602
1401 2893 0 12
1402 774 0 11
1403 7497 0 7
1404 1389 0 10
1405 1982 0 82
1406 989 0 8
1407 1812 0 18
1408 1147 1 88
1409 1037 0 149
1410 202 0 9
1411 370 1 28
1412 545 0 127
1413 1080 0 11
1414 12940 0 9
1415 2829 0 25
1416 975 0 114
1417 1685 0 375
1418 1845 0 41
1419 5116 0 111
1420 6119 0 51
1421 1353 0 7
1422 1116 0 17
1423 6081 0 9
1424 1325 0 13
1425 888 0 24
1426 350 0 8
1427 3354 0 252
1428 453 0 10
1429 1519 0 50
1430 217 0 73
1431 576 0 226
1432 474 0 9
1433 670 0 10
1434 2909 0 13
1435 2454 0 37
1436 1527 0 28
1437 989 0 8
1438 2139 0 11
1439 235 0 11
1440 171 0 12
1441 180 0 30
1442 1126 0 43
1443 1653 0 98
1444 1948 0 65
1445 1494 0 39
1446 7035 0 141
1447 1053 0 10
1448 2163 0 10
1449 726 0 19
1450 1080 0 11
1451 823 0 32
1452 1042 0 61
1453 1313 0 11
1454 2307 0 129
1455 795 0 8
1456 1252 0 14
1457 1989 0 8
1458 1319 0 26
1459 22 1 40
1460 2772 0 71
1461 877 0 8
1462 1941 0 240
1463 1384 0 38
1464 207 0 11
1465 3197 0 10
1466 2788 0 12
1467 1123 0 8
1468 5011 1 0
1469 1928 0 20
1470 2493 0 13
1471 1391 0 12
1472 1529 0 9
1473 5004 0 9
1474 2297 0 11
1475 7476 0 44
1476 2881 0 12
1477 1890 0 42
1478 3366 0 7
1479 711 0 2
1480 1622 0 19
1481 949 0 10
1482 1992 0 24
1483 987 0 81
1484 2161 0 43
1485 1530 0 149
1486 3255 0 11
1487 1775 0 18
1488 1921 0 10
1489 226 0 48
1490 3022 0 11
1491 2015 0 42
1492 1965 0 5
1493 237 0 11
1494 2468 0 13
1495 1142 0 9
1496 666 0 129
1497 1222 0 76
1498 560 0 282
1499 450 0 8
1500 962 0 68
1501 683 0 131
1502 1536 0 138
1503 1355 0 69
1504 6755 0 52
1505 586 0 175
1506 1161 0 9
1507 989 0 18
1508 2296 0 34
1509 5139 0 7
1510 5124 0 7
1511 1967 0 225
1512 1957 0 12
1513 2468 0 9
1514 891 0 16
1515 555 0 7
1516 634 0 13
1517 17066 0 210
1518 1009 0 151
1519 6823 0 6
1520 815 0 11
1521 1066 0 14
1522 3761 0 127
1523 2002 0 23
1524 1398 0 11
1525 494 0 36
1526 5067 0 13
1527 263 0 18
1528 827 0 14
1529 3335 0 19
1530 678 0 7
1531 1252 0 10
1532 2708 0 33
1533 2854 0 13
1534 327 0 36
1535 1785 0 11
1536 804 0 36
1537 503 0 2
1538 2578 0 39
1539 425 0 24
1540 656 0 8
1541 1933 0 10
1542 1825 0 353
1543 872 0 28
1544 7273 0 18
1545 753 0 11
1546 1438 0 12
1547 166 0 16
1548 3300 0 31
1549 12527 0 7
1550 750 0 34
1551 3454 0 10
1552 871 0 11
1553 1578 0 13
1554 1977 0 7
1555 615 0 8
1556 733 0 8
1557 2507 0 8
1558 1371 0 21
1559 2925 1 0
1560 11999 0 18
1561 1513 0 7
1562 3278 0 10
1563 1952 0 19
1564 2590 0 47
1565 2171 0 12
1566 6551 0 86
1567 1319 0 10
1568 3264 0 67
1569 1872 0 17
1570 2442 0 14
1571 3153 0 50
1572 442 0 30
1573 1518 0 7
1574 687 0 26
1575 989 0 14
1576 7256 0 12
1577 1063 0 12
1578 1403 0 12
1579 1518 0 13
1580 840 0 202
1581 498 0 24
1582 8183 0 10
1583 1500 0 105
1584 13009 0 80
1585 6742 0 19
1586 1843 1 218
1587 1529 1 0
1588 165 0 12
1589 1234 1 0
1590 784 0 14
1591 719 0 13
1592 6186 0 8
1593 13007 0 9
1594 636 0 11
1595 418 0 9
1596 775 0 8
1597 459 0 13
1598 1159 0 9
1599 500 0 11
1600 989 0 12
1601 1384 0 7
1602 557 0 38
1603 791 0 133
1604 3772 0 80
1605 3201 0 16
1606 890 0 72
1607 1174 0 34
1608 3291 0 7
1609 1196 0 8
1610 3091 0 74
1611 573 0 11
1612 695 0 16
1613 404 0 26
1614 7912 0 15
1615 1111 0 108
1616 1703 0 10
1617 1290 0 12
1618 2202 0 7
1619 3757 0 18
1620 633 1 0
1621 1970 0 24
1622 2652 0 11
1623 1167 0 43
1624 725 0 13
1625 2271 0 11
1626 1165 0 10
1627 560 0 19
1628 981 0 100
1629 1892 0 617
1630 564 0 13
1631 5006 0 7
1632 743 0 18
1633 1210 0 6
1634 1366 0 42
1635 6194 1 0
1636 942 0 7
1637 1133 0 18
1638 1320 0 39
1639 2451 0 22
1640 67 0 12
1641 8836 0 24
1642 388 0 9
1643 1400 0 11
1644 1407 0 166
1645 764 0 8
1646 1655 0 8
1647 1537 0 11
1648 8829 0 8
1649 2311 0 89
1650 1130 0 18
1651 967 0 9
1652 195 0 11
1653 7277 0 73
1654 535 0 110
1655 599 0 71
1656 989 1 1
1657 1419 1 0
1658 989 0 11
1659 1126 0 12
1660 1506 0 30
1661 164 0 14
1662 1815 0 9
1663 967 0 8
1664 405 0 199
1665 1762 0 31
1666 1111 1 0
1667 823 0 11
1668 539 0 34
1669 1974 0 49
1670 1498 0 31
1671 2461 0 85
1672 8839 0 8
1673 1279 0 12
1674 2055 0 172
1675 1409 0 100
1676 14502 0 12
1677 1350 0 64
1678 1517 0 7
1679 677 0 9
1680 516 0 8
1681 471 0 148
1682 931 0 12
1683 2445 0 17
1684 744 0 11
1685 1964 0 9
1686 1152 0 129
1687 2434 0 22
1688 2257 1 20
1689 726 0 56
1690 3183 1 0
1691 723 0 11
1692 1949 0 38
1693 1207 0 112
1694 277 0 12
1695 2250 0 30
1696 683 0 84
1697 1933 0 9
1698 222 0 10
1699 1111 0 6
1700 1414 0 40
1701 812 0 8
1702 885 0 13
1703 2590 0 72
1704 1026 0 162
1705 1226 0 27
1706 4143 0 13
1707 3220 0 9
1708 778 0 33
1709 761 0 68
1710 7499 0 21
1711 2146 1 0
1712 1816 0 78
1713 613 0 10
1714 818 0 291
1715 5159 0 67
1716 932 0 28
1717 1060 0 7
1718 3744 0 20
1719 420 0 54
1720 1576 0 11
1721 9258 0 93
1722 1028 0 9
1723 1180 0 25
1724 1084 0 50
1725 411 0 11
1726 1276 1 88
1727 1284 0 48
1728 542 0 29
1729 5077 0 140
1730 3265 0 213
1731 979 0 65
1732 2189 0 12
1733 2305 0 11
1734 1475 0 12
1735 845 0 9
1736 3435 0 37
1737 3211 1 4
1738 509 0 19
1739 1356 0 22
1740 10018 0 37
1741 417 0 8
1742 1358 0 9
1743 2593 0 18
1744 1384 0 36
1745 1210 0 9
1746 2075 0 11
1747 2616 0 18
1748 761 1 251
1749 5148 0 11
1750 763 0 24
1751 677 0 7
1752 943 0 12
1753 666 0 20
1754 901 0 96
1755 2739 0 17
1756 5121 0 17
1757 551 0 16
1758 435 0 153
1759 620 0 9
1760 2313 0 11
1761 1132 0 8
1762 184 0 9
1763 933 0 155
1764 3153 0 21
1765 1493 0 9
1766 2856 0 50
1767 3214 0 12
1768 795 0 157
1769 1522 0 11
1770 1395 0 8
1771 526 0 11
1772 799 0 36
1773 1256 0 10
1774 1155 0 19
1775 662 0 13
1776 260 0 11
1777 2180 0 20
1778 1006 0 38
1779 830 0 5
1780 12393 0 10
1781 529 0 13
1782 706 0 13
1783 729 0 10
1784 1374 0 18
1785 2055 0 15
1786 1414 0 16
1787 306 0 38
1788 1405 0 28
1789 1933 0 77
1790 1059 0 11
1791 1308 0 69
1792 2637 0 11
1793 1026 0 21
1794 1358 0 6
1795 1294 0 11
1796 1537 0 72
1797 191 0 10
1798 1951 0 12
1799 899 0 13
1800 2831 0 205
1801 1307 0 11
1802 752 0 12
1803 2590 0 67
1804 1683 0 13
1805 1019 0 12
1806 3250 0 263
1807 1135 0 44
1808 376 0 189
1809 7684 0 11
1810 1108 0 170
1811 1226 0 70
1812 3325 0 14
1813 1129 0 19
1814 3203 1 20
1815 1404 0 32
1816 989 0 10
1817 1836 0 11
1818 1971 0 11
1819 5153 0 8
1820 2175 0 45
1821 3665 0 8
1822 2088 0 18
1823 554 0 8
1824 576 0 78
1825 1413 0 26
1826 1239 0 7
1827 816 0 10
1828 1603 0 18
1829 1087 0 7
1830 3147 0 11
1831 1746 0 11
1832 1142 0 98
1833 1098 0 97
1834 848 0 296
1835 951 0 11
1836 1093 0 17
1837 3658 0 7
1838 709 0 57
1839 1057 0 71
1840 3149 0 79
1841 433 0 9
1842 2638 0 11
1843 2670 0 12
1844 271 0 108
1845 3379 0 31
1846 2909 0 67
1847 714 0 11
1848 1034 0 6
1849 1197 0 9
1850 3114 0 9
1851 917 0 12
1852 1954 0 13
1853 1424 0 9
1854 3291 0 7
1855 247 0 51
1856 2415 0 182
1857 2080 0 73
1858 2902 0 7
1859 2802 0 11
1860 557 0 15
1861 5926 0 13
1862 12458 0 19
1863 2790 0 14
1864 989 0 33
1865 1952 1 0
1866 1018 0 9
1867 299 0 11
1868 661 0 50
1869 1845 0 12
1870 7758 0 80
1871 437 0 92
1872 2386 1 516
1873 1057 1 89
1874 219 1 0
1875 1290 0 33
1876 5876 0 12
1877 920 0 10
1878 1327 1 104
1879 977 0 12
1880 774 0 8
1881 1799 0 12
1882 1516 0 11
1883 3187 0 7
1884 1227 0 11
1885 1199 0 70
1886 543 0 6
1887 1589 0 23
1888 5119 0 13

17 1 2581
109
1889 2286 0 20
1890 16838 0 15
1891 686 0 367
1892 596 0 27
1893 2300 0 10
1894 1970 0 16
1895 2159 0 140
1896 1656 0 19
1897 2396 0 3
1898 167 0 26
1899 988 0 80
1900 1319 0 18
1901 2123 0 17
1902 1361 0 67
1903 2086 1 19
1904 2414 0 11
1905 1205 0 10
1906 989 0 14
1907 1005 0 27
1908 7816 0 12
1909 783 0 8
1910 1784 0 147
1911 1664 1 0
1912 1251 0 176
1913 1335 0 9
1914 463 0 1
1915 2690 0 7
1916 917 0 8
1917 3391 0 14
1918 699 0 9
1919 1045 0 97
1920 2948 0 100
1921 1731 0 17
1922 560 0 19
1923 1518 0 7
1924 482 0 7
1925 861 0 41
1926 3097 0 172
1927 862 0 45
1928 1073 0 34
1929 2803 0 7
1930 617 0 37
1931 1943 0 18
1932 1513 0 13
1933 5078 0 11
1934 3258 0 8
1935 924 0 218
1936 1403 0 11
1937 8841 0 13
1938 2006 0 41
1939 966 0 12
1940 3352 0 73
1941 941 0 13
1942 1238 0 8
1943 654 0 184
1944 3265 0 616
1945 2861 0 148
1946 2604 0 154
1947 7390 0 29
1948 503 0 11
1949 654 0 8
1950 2102 0 75
1951 163 0 8
1952 739 0 7
1953 1991 0 48
1954 318 0 114
1955 1091 0 11
1956 512 0 8
1957 3035 0 11
1958 3376 0 12
1959 2599 0 13
1960 6236 0 109
1961 1723 0 72
1962 1360 0 110
1963 7317 0 14
1964 621 0 130
1965 2358 0 153
1966 1862 0 240
1967 3372 0 7
1968 5140 1 0
1969 7848 0 12
1970 11212 0 10
1971 2124 0 7
1972 2138 0 13
1973 175 0 130
1974 493 0 11
1975 2866 0 8
1976 5045 0 8
1977 1243 0 7
1978 2796 0 12
1979 2922 0 10
1980 1256 0 11
1981 2854 0 21
1982 2450 0 8
1983 2979 0 73
1984 1342 0 10
1985 3257 0 11
1986 12105 0 13
1987 7508 0 7
1988 913 0 15
1989 2921 0 13
1990 8829 0 11
1991 6477 0 205
1992 2307 0 8
1993 1374 0 15
1994 1288 0 17
1995 1970 0 42
1996 1387 0 11
1997 503 0 9

18 1 2582
6
1998 1506 0 144
1999 933 0 24
2000 1973 0 48
2001 14107 0 9
2002 11803 0 12
2003 1371 0 42

19 1 2597
22
2004 2494 0 8
2005 1154 0 9
2006 942 0 10
2007 497 0 64
2008 765 0 9
2009 5000 0 11
2010 1822 0 110
2011 706 0 9
2012 3325 0 268
2013 6181 0 57
2014 7564 0 67
2015 475 0 95
2016 1328 0 18
2017 4201 0 74
2018 1847 0 27
2019 989 0 9
2020 1407 0 7
2021 413 0 11
2022 537 0 45
2023 733 0 40
2024 8950 0 64
2025 163 0 7

20 0 2606
5
2026 572 0 12
2027 5981 1 0
2028 1276 0 18
2029 1534 0 115
2030 1222 0 80

21 0 2607
52
2031 1296 0 37
2032 1933 0 11
2033 2458 0 94
2034 1736 0 8
2035 1936 0 40
2036 255 0 11
2037 1528 0 7
2038 1541 0 81
2039 1511 0 11
2040 372 0 10
2041 1066 0 8
2042 515 0 12
2043 1025 0 7
2044 3243 1 33
2045 1331 0 25
2046 1424 0 13
2047 654 0 67
2048 4592 0 73
2049 2156 0 78
2050 23 0 69
2051 2890 0 8
2052 491 0 14
2053 6732 0 9
2054 3211 0 59
2055 708 0 10
2056 968 0 10
2057 5146 0 9
2058 1991 0 90
2059 3678 0 46
2060 5025 0 20
2061 1291 0 11
2062 1067 0 209
2063 1953 0 7
2064 12468 0 12
2065 520 0 13
2066 1214 0 9
2067 1141 0 45
2068 3038 0 13
2069 430 0 7
2070 1779 0 13
2071 5016 0 16
2072 1958 0 81
2073 794 0 40
2074 678 0 82
2075 1150 0 93
2076 2469 0 18
2077 1945 0 36
2078 3349 0 11
2079 511 0 9
2080 840 0 71
2081 2133 0 16
2082 1297 0 14

22 0 2614
60
2083 8434 0 87
2084 256 0 13
2085 3319 0 89
2086 963 0 9
2087 1414 0 131
2088 392 0 11
2089 1800 0 15
2090 754 0 9
2091 753 0 14
2092 989 0 12
2093 1159 0 9
2094 899 0 8
2095 1144 1 204
2096 2946 0 18
2097 1177 0 19
2098 3350 0 86
2099 849 0 12
2100 1240 0 40
2101 5098 0 10
2102 705 0 23
2103 95 0 78
2104 1100 0 9
2105 3139 0 9
2106 1398 1 0
2107 3143 0 41
2108 680 0 28
2109 969 0 32
2110 1875 0 7
2111 938 0 8
2112 7050 0 7
2113 1933 0 13
2114 425 0 39
2115 437 0 10
2116 5084 0 10
2117 6518 1 92
2118 3156 0 11
2119 833 0 12
2120 1941 0 110
2121 543 0 137
2122 725 0 267
2123 2815 0 13
2124 5065 0 11
2125 1096 0 10
2126 901 0 8
2127 3208 0 100
2128 7501 0 8
2129 2807 0 156
2130 1783 0 25
2131 915 0 35
2132 1170 0 14
2133 572 0 146
2134 2079 0 18
2135 1959 0 22
2136 13223 0 10
2137 147 0 70
2138 562 0 64
2139 1096 0 10
2140 738 0 40
2141 2565 0 96
2142 1798 0 40

23 0 2624
25
2143 3409 0 35
2144 520 0 10
2145 234 0 11
2146 508 0 10
2147 989 0 87
2148 643 0 237
2149 1480 0 10
2150 3175 0 7
2151 1670 0 11
2152 2438 0 54
2153 1080 0 67
2154 463 0 84
2155 3317 0 13
2156 652 0 12
2157 2027 0 16
2158 898 0 15
2159 2069 0 138
2160 1047 0 76
2161 1424 0 10
2162 202 0 8
2163 1921 0 12
2164 5007 0 21
2165 751 0 12
2166 1128 1 0
2167 3324 0 11

24 1 2626
1
2168 835 0 19

25 1 2627
123
2169 1327 0 37
2170 8597 0 68
2171 643 0 39
2172 1960 0 8
2173 1225 0 40
2174 1061 0 8
2175 1948 0 13
2176 1961 0 68
2177 3225 1 0
2178 1357 0 31
2179 340 0 12
2180 547 0 12
2181 5129 0 134
2182 1028 0 10
2183 2936 0 8
2184 2915 0 11
2185 1352 0 11
2186 1227 0 8
2187 924 0 40
2188 456 0 11
2189 591 0 17
2190 723 0 10
2191 2932 0 13
2192 2490 1 0
2193 1228 1 63
2194 1751 0 17
2195 710 0 9
2196 1503 0 95
2197 2791 0 10
2198 124 0 14
2199 1212 0 8
2200 624 0 35
2201 514 0 20
2202 7183 0 11
2203 357 0 9
2204 3237 0 11
2205 1410 0 9
2206 1529 0 66
2207 1041 0 11
2208 1987 0 7
2209 1306 0 10
2210 1145 0 30
2211 830 0 21
2212 526 0 36
2213 735 0 10
2214 1500 0 17
2215 1261 0 29
2216 434 1 136
2217 166 0 11
2218 1560 0 13
2219 3332 0 62
2220 1869 0 58
2221 1341 0 6
2222 6734 0 14
2223 3613 0 11
2224 1980 0 10
2225 628 0 6
2226 1351 0 153
2227 1841 0 30
2228 911 1 0
2229 437 0 35
2230 1881 0 14
2231 367 1 22
2232 659 0 55
2233 1217 1 400
2234 1516 0 616
2235 1205 0 32
2236 9303 0 12
2237 648 0 8
2238 989 0 272
2239 467 0 12
2240 1941 0 47
2241 5050 0 7
2242 1411 1 3
2243 1518 0 10
2244 1389 0 13
2245 1093 0 8
2246 974 0 82
2247 681 0 17
2248 724 0 216
2249 2836 0 10
2250 439 0 9
2251 5001 0 17
2252 1268 0 39
2253 1965 0 10
2254 3970 0 7
2255 5110 0 54
2256 2185 0 9
2257 495 1 41
2258 946 0 43
2259 1546 0 11
2260 563 0 13
2261 1227 0 8
2262 2945 0 14
2263 16764 0 8
2264 1963 0 18
2265 2185 0 89
2266 773 0 73
2267 2590 0 11
2268 6792 0 145
2269 3773 0 24
2270 14760 0 10
2271 3258 0 130
2272 178 0 33
2273 719 0 36
2274 648 0 38
2275 1005 0 10
2276 21 0 11
2277 3298 0 13
2278 1962 0 29
2279 1175 0 11
2280 1570 1 619
2281 1190 0 10
2282 8915 0 8
2283 2013 0 172
2284 3077 0 32
2285 1287 0 11
2286 2160 1 517
2287 859 0 14
2288 3228 0 8
2289 1366 0 11
2290 615 0 13
2291 1288 0 158

26 1 2632
1
2292 1594 0 42

27 1 2633
52
2293 1805 0 11
2294 5002 0 13
2295 548 0 19
2296 856 0 26
2297 3020 0 7
2298 3229 0 27
2299 1321 0 11
2300 2907 0 12
2301 2542 0 40
2302 2874 0 12
2303 1315 0 8
2304 6362 0 19
2305 709 0 112
2306 347 0 9
2307 1718 0 12
2308 416 0 69
2309 1985 0 13
2310 364 0 121
2311 1123 0 110
2312 1507 0 59
2313 992 0 12
2314 7178 0 15
2315 1214 0 20
2316 2903 0 9
2317 7050 0 13
2318 17499 0 66
2319 3081 0 95
2320 868 0 233
2321 457 0 10
2322 207 0 47
2323 305 0 10
2324 840 0 11
2325 426 0 12
2326 5053 0 77
2327 1580 0 12
2328 436 0 37
2329 7359 0 10
2330 1407 0 13
2331 1365 0 77
2332 775 0 9
2333 989 0 41
2334 1513 0 11
2335 3321 0 11
2336 2620 0 24
2337 826 0 6
2338 6188 0 23
2339 2859 0 93
2340 426 0 6
2341 3 0 36
2342 5129 0 9
2343 547 0 11
2344 1043 0 16

28 0 2761
21
2345 1423 0 13
2346 3020 0 11
2347 1924 0 67
2348 1905 0 95
2349 2924 0 11
2350 435 0 8
2351 1115 0 7
2352 339 0 28
2353 579 0 10
2354 3010 0 9
2355 1001 1 0
2356 701 0 68
2357 751 0 16
2358 657 0 40
2359 1522 0 10
2360 12706 0 12
2361 598 0 107
2362 2874 0 48
2363 405 0 217
2364 2546 0 157
2365 2807 0 9

29 1 2787
54
2366 3328 0 307
2367 803 0 9
2368 263 0 71
2369 3613 0 71
2370 3296 0 8
2371 824 0 21
2372 1132 0 107
2373 1420 0 40
2374 493 0 7
2375 2192 0 10
2376 1041 0 11
2377 175 1 0
2378 805 0 19
2379 2394 0 106
2380 618 0 33
2381 2010 0 28
2382 1367 0 27
2383 1049 0 56
2384 1131 0 22
2385 1992 0 133
2386 1403 0 11
2387 1368 0 17
2388 995 1 20
2389 889 0 11
2390 261 0 13
2391 1969 0 7
2392 689 0 11
2393 1409 0 27
2394 989 0 79
2395 1169 0 37
2396 1882 0 48
2397 1426 0 8
2398 2680 0 10
2399 1073 0 8
2400 5759 0 51
2401 1991 0 11
2402 3286 0 9
2403 273 0 11
2404 450 0 42
2405 1942 0 11
2406 1985 0 9
2407 487 0 8
2408 799 0 23
2409 764 0 24
2410 342 0 49
2411 1022 0 29
2412 3302 0 14
2413 1585 0 158
2414 7816 0 46
2415 2548 0 187
2416 742 0 154
2417 2391 0 18
2418 2987 0 12
2419 9318 0 7

30 1 2791
2
2420 1380 0 12
2421 6366 0 140

31 1 2792
10
2422 890 0 40
2423 5011 0 94
2424 989 0 68
2425 2519 0 129
2426 1583 0 16
2427 2037 0 35
2428 12583 0 17
2429 867 0 9
2430 3379 0 11
2431 1354 0 32

32 1 2805
2
2432 2287 0 11
2433 1526 0 27

33 1 2813
25
2434 1224 0 8
2435 554 0 48
2436 3476 0 139
2437 727 0 8
2438 1986 0 7
2439 1251 0 16
2440 1115 0 32
2441 2190 0 110
2442 989 0 13
2443 14920 0 11
2444 7376 0 69
2445 336 0 10
2446 1988 0 14
2447 445 0 11
2448 1276 0 7
2449 2856 0 10
2450 835 0 11
2451 738 0 70
2452 837 0 9
2453 1065 0 8
2454 345 0 20
2455 2570 0 8
2456 1194 0 12
2457 6284 0 21
2458 2359 1 61

34 1 2813
184
2459 877 0 107
2460 5070 0 74
2461 1502 0 70
2462 84 0 36
2463 1112 0 50
2464 763 0 241
2465 204 0 11
2466 2931 0 8
2467 1257 1 164
2468 736 0 68
2469 170 0 2
2470 2212 0 68
2471 210 0 70
2472 2501 0 10
2473 1941 0 66
2474 287 0 10
2475 1057 0 25
2476 957 1 597
2477 1163 0 37
2478 17609 0 97
2479 3528 0 25
2480 490 0 173
2481 1966 0 19
2482 1234 0 12
2483 3708 0 132
2484 2974 0 87
2485 724 0 11
2486 1057 0 42
2487 2976 0 77
2488 2689 0 22
2489 625 0 75
2490 511 0 16
2491 2410 0 8
2492 5066 0 10
2493 7256 0 10
2494 2952 0 12
2495 1420 0 9
2496 3616 0 10
2497 1315 0 61
2498 3374 0 12
2499 6916 0 139
2500 16162 0 20
2501 693 0 144
2502 796 0 9
2503 1513 0 15
2504 6460 0 19
2505 1239 0 33
2506 5058 0 8
2507 1431 0 98
2508 8829 0 8
2509 3122 0 64
2510 1541 0 11
2511 192 0 22
2512 566 0 16
2513 745 0 215
2514 11795 0 108
2515 2906 0 41
2516 754 0 8
2517 870 0 87
2518 1952 0 14
2519 187 0 129
2520 1407 0 9
2521 1355 1 0
2522 883 0 13
2523 2556 0 10
2524 7475 1 19
2525 315 0 32
2526 1985 0 11
2527 682 0 12
2528 280 0 57
2529 1005 0 22
2530 1091 0 40
2531 546 0 7
2532 986 0 9
2533 2885 1 108
2534 3374 0 218
2535 7050 0 9
2536 890 0 8
2537 989 0 39
2538 1212 0 9
2539 1309 0 38
2540 1734 0 18
2541 2452 0 99
2542 3460 0 75
2543 587 0 14
2544 1528 0 20
2545 5165 0 11
2546 935 0 133
2547 1914 0 13
2548 3374 0 10
2549 917 0 9
2550 1185 0 14
2551 7051 0 44
2552 2399 0 11
2553 7259 0 9
2554 800 0 8
2555 3233 0 72
2556 3 0 12
2557 9147 0 9
2558 869 0 9
2559 17480 0 77
2560 851 0 13
2561 1777 0 34
2562 1371 0 9
2563 17650 0 13
2564 224 0 10
2565 923 1 597
2566 769 0 273
2567 1250 0 7
2568 1276 0 27
2569 258 0 130
2570 969 0 11
2571 12376 0 11
2572 640 0 12
2573 664 0 170
2574 1951 1 518
2575 3421 0 7
2576 445 0 42
2577 1765 0 13
2578 2031 0 86
2579 719 0 24
2580 1183 0 15
2581 411 0 11
2582 1359 0 72
2583 1537 0 18
2584 2793 0 8
2585 2344 0 51
2586 1953 0 32
2587 1739 0 33
2588 198 0 7
2589 3760 0 52
2590 2120 1 64
2591 554 0 9
2592 1430 0 108
2593 3335 0 63
2594 299 0 23
2595 575 0 138
2596 1383 0 28
2597 755 0 14
2598 921 0 127
2599 838 0 87
2600 1428 0 22
2601 3141 0 14
2602 1588 0 49
2603 2488 0 26
2604 1122 0 9
2605 672 0 71
2606 1170 0 9
2607 642 0 9
2608 615 0 9
2609 1028 0 13
2610 1223 0 70
2611 5152 0 171
2612 2889 0 10
2613 2850 0 9
2614 1126 0 40
2615 1591 0 9
2616 829 0 7
2617 1537 0 109
2618 3377 0 43
2619 955 0 10
2620 5141 0 16
2621 729 0 51
2622 581 1 0
2623 1573 0 13
2624 1894 0 13
2625 2008 0 6
2626 3264 0 170
2627 821 0 12
2628 232 0 13
2629 2996 0 10
2630 1949 0 144
2631 412 0 13
2632 1613 0 54
2633 8083 0 9
2634 448 0 8
2635 1933 0 19
2636 1381 0 30
2637 1559 1 27
2638 1624 0 169
2639 811 0 43
2640 1183 0 54
2641 592 0 2
2642 1274 0 9

35 1 2819
2
2643 16096 0 116
2644 8270 0 27

36 1 2824
129
2645 720 0 23
2646 820 0 47
2647 1010 0 42
2648 637 0 41
2649 512 0 11
2650 963 0 12
2651 5060 0 73
2652 2228 0 13
2653 5157 0 8
2654 1030 0 12
2655 1426 0 8
2656 1418 0 14
2657 1385 0 32
2658 608 1 75
2659 1915 0 110
2660 502 0 16
2661 462 0 8
2662 831 0 32
2663 1948 0 34
2664 1975 0 15
2665 164 0 100
2666 1157 0 41
2667 1952 0 13
2668 2395 0 48
2669 1977 0 39
2670 1915 1 0
2671 7359 0 12
2672 975 0 67
2673 12486 0 239
2674 1372 0 13
2675 3469 0 11
2676 2267 0 36
2677 1530 0 96
2678 960 0 13
2679 230 0 10
2680 1320 0 11
2681 543 0 12
2682 11604 0 11
2683 864 0 24
2684 1063 0 14
2685 3020 0 53
2686 943 0 15
2687 2776 0 6
2688 1113 0 63
2689 1783 0 11
2690 422 0 10
2691 415 0 50
2692 1556 0 7
2693 1516 0 83
2694 1328 0 14
2695 499 0 16
2696 1364 0 52
2697 455 0 11
2698 585 0 15
2699 494 0 11
2700 3328 0 10
2701 2347 0 10
2702 6357 0 17
2703 976 0 39
2704 573 0 11
2705 3313 0 7
2706 1524 0 177
2707 994 0 8
2708 1513 0 10
2709 772 0 19
2710 906 0 22
2711 858 0 8
2712 3407 0 28
2713 589 0 363
2714 336 0 9
2715 679 0 37
2716 3162 0 13
2717 637 0 6
2718 1026 0 30
2719 168 0 43
2720 295 0 2
2721 734 0 52
2722 1991 0 11
2723 1398 0 69
2724 1346 0 10
2725 2391 0 11
2726 1411 0 11
2727 3351 0 17
2728 1369 0 139
2729 869 0 10
2730 1456 0 18
2731 958 0 12
2732 3259 0 16
2733 1751 0 21
2734 1244 0 53
2735 2900 0 32
2736 1333 0 9
2737 3971 0 13
2738 123 0 39
2739 1764 0 132
2740 2946 0 80
2741 992 0 23
2742 872 0 66
2743 674 0 10
2744 1090 0 11
2745 1958 0 12
2746 1689 0 14
2747 1124 0 10
2748 374 0 122
2749 3372 0 23
2750 354 0 18
2751 418 0 20
2752 7769 0 95
2753 1415 0 26
2754 719 0 14
2755 3759 0 34
2756 911 0 72
2757 796 0 12
2758 1246 0 74
2759 1344 0 13
2760 193 0 128
2761 5138 0 9
2762 3263 0 12
2763 1516 0 21
2764 472 0 10
2765 509 0 98
2766 1110 0 37
2767 987 0 252
2768 940 0 13
2769 429 0 54
2770 1773 0 25
2771 1592 0 29
2772 2122 0 80
2773 980 0 26

37 1 2827
48
2774 1513 0 22
2775 1644 0 67
2776 1727 0 461
2777 2760 0 10
2778 783 0 8
2779 1077 0 14
2780 3215 0 13
2781 1082 0 14
2782 1003 0 15
2783 700 0 69
2784 1092 0 11
2785 5134 0 22
2786 832 0 51
2787 866 0 7
2788 2974 0 36
2789 1010 0 7
2790 530 1 0
2791 1917 0 166
2792 699 0 17
2793 5019 0 367
2794 1878 0 7
2795 862 0 8
2796 527 0 19
2797 2062 0 44
2798 17490 0 49
2799 1424 0 327
2800 574 0 208
2801 17120 1 17
2802 7271 0 28
2803 1941 0 15
2804 1067 0 9
2805 1515 0 17
2806 723 0 47
2807 1526 0 12
2808 766 0 121
2809 216 0 30
2810 484 0 10
2811 980 0 283
2812 1654 0 38
2813 1968 0 8
2814 296 0 37
2815 13090 0 11
2816 1053 0 84
2817 3541 0 12
2818 6926 0 40
2819 2772 0 14
2820 1958 0 7
2821 1386 0 144

38 1 2845
25
2822 277 0 45
2823 6366 0 8
2824 1378 0 42
2825 67 0 18
2826 3041 0 14
2827 1593 0 12
2828 2160 0 15
2829 2485 0 55
2830 813 0 127
2831 9363 1 0
2832 1090 0 17
2833 1431 0 13
2834 1985 0 70
2835 227 0 37
2836 1678 0 120
2837 732 0 33
2838 4997 0 80
2839 1678 0 12
2840 5070 0 243
2841 7574 0 14
2842 1171 0 11
2843 1959 0 20
2844 1949 0 11
2845 1012 0 87
2846 1022 0 67

39 1 2900
728
2847 2120 0 40
2848 264 0 71
2849 523 0 16
2850 1952 0 105
2851 1310 0 102
2852 434 0 8
2853 3378 0 42
2854 3018 1 0
2855 895 0 11
2856 359 0 18
2857 3167 0 16
2858 619 1 266
2859 569 0 9
2860 1119 0 54
2861 264 0 72
2862 1334 0 10
2863 3266 0 36
2864 5758 0 23
2865 1208 0 9
2866 7476 0 11
2867 484 0 11
2868 1090 0 189
2869 350 0 12
2870 2135 0 12
2871 532 0 7
2872 1075 0 91
2873 522 0 12
2874 1447 0 9
2875 3659 0 23
2876 22 0 9
2877 428 0 16
2878 1419 0 16
2879 1582 0 39
2880 434 0 33
2881 968 0 617
2882 1358 0 172
2883 1386 0 32
2884 988 0 23
2885 12682 0 88
2886 1251 0 24
2887 1235 0 12
2888 6365 1 17
2889 3260 0 11
2890 1813 0 11
2891 473 0 7
2892 3585 0 11
2893 1409 0 13
2894 667 0 23
2895 1517 0 13
2896 8950 0 13
2897 989 0 10
2898 3352 1 0
2899 776 0 40
2900 2508 0 10
2901 2581 0 99
2902 673 0 116
2903 431 0 7
2904 543 0 8
2905 1413 0 11
2906 7339 0 11
2907 673 0 8
2908 337 1 6
2909 173 0 16
2910 6558 0 107
2911 1518 0 11
2912 2521 0 16
2913 14369 0 16
2914 1126 0 30
2915 7369 1 517
2916 294 0 9
2917 755 0 21
2918 5017 0 134
2919 687 0 11
2920 1415 0 51
2921 1145 0 222
2922 997 0 145
2923 3245 0 11
2924 2685 0 12
2925 1409 0 12
2926 727 0 8
2927 823 0 11
2928 1232 0 8
2929 7344 0 10
2930 1010 0 271
2931 793 0 39
2932 2111 0 78
2933 2913 0 98
2934 492 0 7
2935 261 0 62
2936 6221 0 33
2937 723 0 18
2938 2807 0 10
2939 3261 0 50
2940 1121 0 11
2941 735 0 156
2942 3325 0 37
2943 384 0 11
2944 3447 0 6
2945 2841 0 30
2946 1048 0 13
2947 3215 0 55
2948 2396 0 18
2949 2955 0 34
2950 2534 0 11
2951 436 0 17
2952 2322 0 23
2953 826 0 90
2954 2204 0 11
2955 772 1 41
2956 496 0 114
2957 624 1 0
2958 2216 0 10
2959 607 0 35
2960 1430 0 46
2961 1128 0 30
2962 1243 0 12
2963 1197 0 43
2964 2785 0 12
2965 1089 0 9
2966 5013 0 22
2967 197 0 162
2968 2772 0 29
2969 1841 0 10
2970 201 0 44
2971 953 0 8
2972 9566 0 196
2973 1528 0 16
2974 2646 0 82
2975 1671 0 9
2976 13595 0 24
2977 1528 0 33
2978 1863 0 12
2979 944 0 16
2980 918 1 0
2981 1370 0 33
2982 1146 0 16
2983 6493 0 49
2984 1298 0 7
2985 3167 0 188
2986 989 0 38
2987 17330 0 13
2988 1410 0 10
2989 1881 0 13
2990 886 0 10
2991 5024 0 10
2992 1080 1 136
2993 5146 0 11
2994 11606 0 12
2995 1018 0 14
2996 956 0 133
2997 1208 1 208
2998 171 0 10
2999 3428 0 9
3000 2377 0 19
3001 717 0 11
3002 1673 0 43
3003 2863 0 8
3004 5008 0 9
3005 1984 0 11
3006 7941 0 14
3007 1399 0 13
3008 674 0 63
3009 2951 0 70
3010 1419 1 123
3011 514 1 0
3012 3339 0 33
3013 1092 0 18
3014 304 0 12
3015 3378 0 82
3016 784 0 8
3017 2829 0 17
3018 3559 0 19
3019 1987 0 70
3020 16350 0 85
3021 541 0 12
3022 3685 1 0
3023 502 0 141
3024 671 0 136
3025 1739 0 101
3026 2766 0 39
3027 185 0 79
3028 1393 0 13
3029 1254 0 10
3030 761 1 21
3031 127 0 9
3032 1249 0 21
3033 520 0 8
3034 1969 0 13
3035 609 0 27
3036 2459 0 40
3037 1610 0 11
3038 424 0 33
3039 5041 0 9
3040 5001 1 27
3041 701 0 10
3042 966 0 30
3043 594 0 12
3044 1181 0 7
3045 438 0 122
3046 587 0 139
3047 642 0 6
3048 969 0 11
3049 1721 0 9
3050 1504 0 9
3051 1276 0 87
3052 6363 1 503
3053 1969 0 13
3054 268 0 11
3055 1991 1 101
3056 2747 0 40
3057 2829 0 132
3058 167 0 31
3059 2486 0 8
3060 2788 0 16
3061 7811 0 7
3062 1978 0 10
3063 1087 0 9
3064 6366 0 40
3065 11854 0 38
3066 13070 0 27
3067 1391 0 56
3068 1413 0 12
3069 285 1 16
3070 1335 0 117
3071 294 0 94
3072 1267 0 9
3073 895 0 11
3074 672 0 11
3075 3343 0 15
3076 231 0 24
3077 11091 0 7
3078 3378 0 11
3079 590 0 91
3080 3378 0 13
3081 1222 0 72
3082 3378 0 13
3083 1293 0 11
3084 6149 0 18
3085 16525 0 5
3086 2792 0 92
3087 2039 0 11
3088 233 0 10
3089 2322 0 46
3090 762 0 10
3091 1534 0 9
3092 892 0 8
3093 5023 0 18
3094 202 0 7
3095 3139 0 44
3096 6357 0 56
3097 2173 0 11
3098 442 0 42
3099 6257 0 134
3100 1400 0 144
3101 12412 0 8
3102 1344 0 188
3103 1054 0 9
3104 880 0 12
3105 1248 0 129
3106 2855 0 70
3107 2781 1 316
3108 3355 0 11
3109 697 1 0
3110 3 0 9
3111 5121 0 10
3112 2400 0 69
3113 1296 0 17
3114 348 0 34
3115 373 0 289
3116 453 0 18
3117 835 0 9
3118 3229 0 9
3119 1973 0 70
3120 561 0 40
3121 2409 0 8
3122 2236 0 10
3123 939 0 46
3124 1539 0 39
3125 2820 0 11
3126 560 0 7
3127 7048 0 5
3128 4194 0 72
3129 10918 0 7
3130 7169 0 147
3131 3193 0 67
3132 173 0 38
3133 835 0 313
3134 227 0 67
3135 2868 0 23
3136 2198 0 37
3137 671 0 42
3138 1953 0 12
3139 372 0 12
3140 619 0 8
3141 648 0 37
3142 1167 1 0
3143 1921 0 7
3144 13015 0 94
3145 3143 0 7
3146 1516 0 13
3147 940 0 17
3148 3177 0 11
3149 1344 0 17
3150 1200 0 9
3151 2938 0 138
3152 645 0 9
3153 758 0 106
3154 3168 0 49
3155 1504 0 16
3156 1290 0 18
3157 12439 0 26
3158 2417 0 93
3159 1377 0 44
3160 1274 1 0
3161 491 0 11
3162 1402 0 78
3163 1969 0 12
3164 717 1 25
3165 1424 0 29
3166 946 0 20
3167 616 0 102
3168 2099 0 13
3169 25 0 135
3170 2349 0 151
3171 900 0 24
3172 3200 0 10
3173 3279 0 28
3174 990 0 45
3175 1287 0 23
3176 1523 0 13
3177 452 0 12
3178 1227 0 36
3179 2208 0 13
3180 206 0 379
3181 880 0 26
3182 480 0 11
3183 1851 0 10
3184 741 0 129
3185 1237 0 12
3186 614 0 17
3187 1942 0 84
3188 737 0 9
3189 990 0 10
3190 1296 0 143
3191 3300 0 42
3192 72 0 97
3193 1972 1 17
3194 1004 0 13
3195 1789 0 75
3196 2825 0 20
3197 1960 0 17
3198 603 0 14
3199 2803 0 9
3200 965 0 65
3201 533 0 101
3202 14924 0 24
3203 1012 0 15
3204 322 0 29
3205 1227 0 21
3206 1513 0 141
3207 803 0 20
3208 1962 0 7
3209 951 0 9
3210 1518 0 80
3211 2868 0 14
3212 1975 0 13
3213 400 0 29
3214 2285 0 46
3215 1506 0 33
3216 452 0 122
3217 617 0 11
3218 928 0 15
3219 12129 0 16
3220 1374 0 45
3221 706 0 16
3222 1140 0 68
3223 3707 0 11
3224 1522 0 11
3225 420 0 19
3226 410 0 13
3227 2820 0 8
3228 693 0 20
3229 3395 0 9
3230 2859 0 150
3231 3169 0 22
3232 1513 0 151
3233 7321 0 12
3234 2416 0 22
3235 1528 0 69
3236 313 0 14
3237 2910 0 34
3238 799 0 67
3239 1164 0 7
3240 465 0 8
3241 523 0 290
3242 710 0 7
3243 1211 0 24
3244 1110 0 12
3245 12856 0 296
3246 1135 0 7
3247 3142 0 134
3248 1198 0 41
3249 518 0 70
3250 12724 0 7
3251 1940 0 13
3252 2719 0 148
3253 1304 0 11
3254 1662 0 11
3255 1264 0 79
3256 1594 0 7
3257 1121 0 14
3258 1136 0 35
3259 194 0 11
3260 1764 0 8
3261 1528 0 14
3262 2152 0 12
3263 1017 0 20
3264 185 0 13
3265 2803 0 41
3266 2583 1 0
3267 1557 0 118
3268 1538 0 69
3269 1240 0 7
3270 1681 0 14
3271 3153 0 37
3272 216 0 28
3273 1535 0 50
3274 1122 0 79
3275 594 0 17
3276 1086 0 76
3277 3262 0 5
3278 1418 0 11
3279 639 0 9
3280 1102 1 0
3281 1322 0 76
3282 1505 0 53
3283 869 0 12
3284 600 0 23
3285 1616 0 10
3286 3373 0 215
3287 1320 0 7
3288 1074 0 12
3289 1059 1 46
3290 3362 0 99
3291 1322 0 11
3292 1854 0 8
3293 3145 0 23
3294 2000 1 0
3295 1110 0 43
3296 823 0 18
3297 494 0 22
3298 3379 0 23
3299 696 0 256
3300 3380 0 14
3301 2456 0 107
3302 3335 0 162
3303 3666 0 13
3304 544 0 10
3305 5010 0 618
3306 1976 0 38
3307 1606 0 35
3308 1057 0 9
3309 564 0 47
3310 5118 0 130
3311 3145 0 59
3312 1007 0 13
3313 6453 0 10
3314 989 0 38
3315 437 0 30
3316 2871 0 10
3317 6766 0 2
3318 3548 0 43
3319 2083 0 74
3320 1162 0 31
3321 1792 0 7
3322 1130 0 20
3323 1414 0 12
3324 8030 1 0
3325 2854 0 10
3326 5004 0 9
3327 1066 0 3
3328 754 0 13
3329 1983 0 41
3330 2757 0 37
3331 1511 0 9
3332 1417 0 7
3333 1530 0 136
3334 191 0 18
3335 4091 0 125
3336 826 0 91
3337 2873 0 12
3338 326 0 12
3339 1328 0 13
3340 1446 0 79
3341 708 0 27
3342 989 0 106
3343 1118 0 43
3344 1621 0 22
3345 1711 0 11
3346 259 1 0
3347 13055 0 8
3348 345 0 40
3349 652 0 55
3350 12109 0 30
3351 1953 0 9
3352 606 0 11
3353 342 0 10
3354 785 0 11
3355 1045 0 69
3356 2818 0 47
3357 1422 0 75
3358 366 0 98
3359 2022 1 0
3360 1333 0 41
3361 1838 0 17
3362 3267 0 8
3363 2901 0 204
3364 740 0 7
3365 254 0 79
3366 650 0 7
3367 1580 0 47
3368 2189 0 16
3369 3356 0 20
3370 3316 0 73
3371 5861 0 39
3372 2180 0 82
3373 1009 0 12
3374 1048 0 38
3375 1417 0 10
3376 2391 0 40
3377 723 0 13
3378 12129 0 9
3379 3091 1 0
3380 742 0 10
3381 1957 0 27
3382 428 0 8
3383 1513 0 18
3384 1129 0 34
3385 3377 0 13
3386 1970 0 10
3387 691 1 41
3388 2111 1 0
3389 549 0 142
3390 7044 0 85
3391 1777 0 21
3392 1816 0 43
3393 191 0 6
3394 680 0 97
3395 5970 0 149
3396 12428 0 9
3397 648 0 144
3398 670 0 11
3399 1074 0 15
3400 1054 0 63
3401 1371 0 37
3402 2362 0 83
3403 7713 0 133
3404 607 0 7
3405 1019 0 12
3406 877 0 8
3407 1522 0 7
3408 767 0 36
3409 865 1 0
3410 5032 0 9
3411 1382 0 100
3412 432 0 9
3413 1741 0 98
3414 1397 0 15
3415 1944 0 165
3416 360 0 9
3417 2312 0 44
3418 1175 0 36
3419 2817 0 90
3420 592 0 8
3421 1411 0 9
3422 492 0 24
3423 2605 0 9
3424 696 0 13
3425 2934 0 41
3426 3172 0 131
3427 3177 0 46
3428 1955 0 10
3429 912 1 16
3430 2024 0 14
3431 11904 0 11
3432 1288 0 157
3433 163 0 16
3434 2910 0 38
3435 1087 0 98
3436 6860 0 7
3437 2880 0 11
3438 7262 0 8
3439 1819 0 10
3440 508 0 13
3441 466 0 12
3442 587 1 498
3443 1207 0 13
3444 2632 0 81
3445 392 0 11
3446 479 0 25
3447 826 0 25
3448 769 0 11
3449 1194 1 21
3450 3622 0 7
3451 1409 0 46
3452 7587 0 11
3453 1210 0 46
3454 314 0 11
3455 3274 0 10
3456 269 0 38
3457 839 0 19
3458 753 0 14
3459 859 0 59
3460 777 0 12
3461 3166 0 41
3462 7552 0 10
3463 3149 0 28
3464 1096 0 8
3465 1350 0 72
3466 1057 0 10
3467 878 0 7
3468 1845 0 63
3469 1353 0 16
3470 7380 0 35
3471 1431 0 133
3472 2213 0 26
3473 1959 0 12
3474 1753 0 73
3475 1266 0 13
3476 1315 0 43
3477 3259 0 13
3478 1893 0 77
3479 1848 0 9
3480 656 0 10
3481 971 0 8
3482 5054 0 299
3483 1984 0 68
3484 3302 0 19
3485 676 0 19
3486 1320 0 10
3487 46 0 12
3488 2925 0 12
3489 1887 0 92
3490 165 0 13
3491 1513 0 43
3492 7658 0 12
3493 2589 0 8
3494 2887 0 13
3495 2403 0 216
3496 1784 0 82
3497 6214 1 376
3498 7311 0 10
3499 2826 0 56
3500 3245 0 20
3501 1467 0 121
3502 3237 0 4
3503 1498 0 13
3504 332 0 8
3505 351 0 12
3506 3205 0 13
3507 1237 0 10
3508 6125 0 8
3509 2872 0 13
3510 1347 0 7
3511 3715 0 277
3512 488 0 241
3513 1253 1 0
3514 1674 0 201
3515 1929 0 18
3516 2415 0 11
3517 1244 0 13
3518 1229 0 15
3519 5758 0 148
3520 531 0 11
3521 2999 0 9
3522 1271 0 40
3523 6217 0 7
3524 3377 0 24
3525 1525 0 35
3526 899 0 7
3527 2119 0 17
3528 961 0 9
3529 2754 0 7
3530 442 0 112
3531 1998 0 37
3532 1865 0 11
3533 1238 0 59
3534 3244 0 9
3535 5001 0 28
3536 868 0 7
3537 3446 0 9
3538 1984 0 232
3539 3320 0 12
3540 431 0 35
3541 1859 0 7
3542 689 0 28
3543 1070 0 17
3544 7674 1 10
3545 533 0 9
3546 1149 0 135
3547 1413 0 12
3548 1658 0 7
3549 2541 0 16
3550 1378 0 231
3551 450 0 7
3552 12901 0 11
3553 191 0 13
3554 1942 0 79
3555 376 0 53
3556 1498 0 8
3557 1939 0 112
3558 191 0 18
3559 593 0 9
3560 751 0 10
3561 1471 0 8
3562 1188 0 12
3563 1311 0 10
3564 225 0 68
3565 1019 0 181
3566 1988 1 0
3567 5017 0 9
3568 546 0 19
3569 1121 0 10
3570 2229 0 9
3571 7727 0 45
3572 2901 0 8
3573 6098 0 13
3574 2823 0 11

