20

0 1 245
48
0 1125 0 2
1 411 0 23
2 2218 1 400
3 3326 0 19
4 3296 0 39
5 1527 0 9
6 602 0 12
7 5093 0 12
8 920 0 11
9 1215 0 13
10 952 0 8
11 815 0 11
12 1739 1 0
13 527 0 24
14 5091 0 117
15 1639 0 29
16 1105 0 25
17 1173 0 25
18 7772 0 40
19 5108 0 10
20 7341 0 2
21 649 0 110
22 1056 0 127
23 775 0 18
24 1376 0 14
25 3198 0 11
26 1529 0 10
27 1176 0 44
28 2454 0 38
29 1416 0 11
30 2207 0 11
31 1397 0 299
32 3334 0 15
33 3494 0 10
34 1278 0 36
35 14578 0 18
36 1967 0 74
37 3225 0 37
38 501 0 15
39 1427 0 9
40 7349 0 9
41 2879 0 12
42 589 0 16
43 1379 0 40
44 574 0 6
45 465 0 127
46 503 0 8
47 6453 0 43

1 0 505
134
48 8839 0 79
49 1357 0 10
50 2900 0 11
51 258 0 8
52 1425 0 32
53 2503 0 13
54 3061 0 10
55 3376 0 8
56 602 0 17
57 3163 0 75
58 3342 0 39
59 3455 0 8
60 234 0 48
61 809 0 130
62 1100 0 11
63 1916 0 17
64 594 0 39
65 1319 0 58
66 7032 1 400
67 4993 0 8
68 642 0 11
69 1537 0 9
70 5125 0 10
71 12649 1 63
72 3314 0 8
73 3371 0 188
74 5029 0 5
75 872 0 14
76 766 0 24
77 1034 0 9
78 1114 0 424
79 1227 0 13
80 1127 0 9
81 9982 0 13
82 1003 0 31
83 1639 0 88
84 1210 0 13
85 204 0 5
86 1977 0 188
87 681 0 11
88 1503 1 76
89 1881 0 11
90 198 0 10
91 1445 0 13
92 1991 0 27
93 1534 0 21
94 968 0 27
95 1336 0 251
96 1072 0 22
97 491 0 12
98 1164 0 12
99 549 0 12
100 1247 0 103
101 2853 0 190
102 6531 0 22
103 12758 0 40
104 933 0 53
105 1363 0 15
106 437 1 0
107 989 0 10
108 227 0 8
109 959 0 77
110 1623 0 14
111 1034 0 9
112 5079 0 34
113 433 0 28
114 7478 0 10
115 333 0 111
116 609 0 44
117 1846 0 8
118 1397 0 26
119 931 0 11
120 959 0 71
121 823 0 7
122 1428 1 16
123 3221 1 120
124 440 0 11
125 6999 0 9
126 691 0 10
127 1357 0 182
128 902 0 13
129 1413 0 10
130 765 0 37
131 1638 0 22
132 535 0 39
133 563 0 24
134 2391 0 7
135 7309 0 7
136 672 0 14
137 440 0 18
138 1955 1 29
139 917 0 41
140 261 0 12
141 1088 0 10
142 3279 0 14
143 994 0 13
144 1091 0 88
145 658 1 400
146 6623 0 8
147 1128 0 42
148 762 0 66
149 1760 0 13
150 1477 0 21
151 354 0 121
152 5117 0 16
153 2443 0 128
154 3479 0 8
155 2064 0 19
156 3152 0 96
157 978 1 21
158 1187 0 11
159 922 0 71
160 1383 0 9
161 870 0 7
162 831 0 217
163 3299 0 38
164 755 0 11
165 815 0 9
166 939 0 11
167 3375 0 11
168 1051 0 24
169 597 0 13
170 1071 0 7
171 890 0 373
172 609 1 596
173 652 0 46
174 1513 0 8
175 3174 1 30
176 2379 0 8
177 1430 0 71
178 1899 0 89
179 1177 0 12
180 1185 0 9
181 5069 0 7

2 0 665
398
182 3176 0 17
183 965 0 217
184 191 0 8
185 1240 0 8
186 1286 0 57
187 1278 0 52
188 594 0 93
189 407 0 170
190 1393 0 166
191 1518 0 15
192 1417 0 29
193 3503 0 7
194 896 0 23
195 1348 0 12
196 1988 0 255
197 12442 0 23
198 1578 0 2
199 601 0 137
200 799 0 27
201 6728 0 147
202 5109 0 15
203 2320 0 44
204 3260 0 7
205 823 1 0
206 1201 0 68
207 3353 0 10
208 5083 0 8
209 796 0 263
210 1304 0 10
211 616 0 79
212 1060 0 9
213 1343 0 7
214 8341 0 40
215 879 0 9
216 924 0 84
217 7656 0 11
218 6707 0 17
219 1362 0 81
220 12586 0 11
221 1308 0 11
222 2990 0 12
223 1057 0 11
224 1950 0 35
225 2568 0 22
226 2866 0 59
227 1071 1 68
228 253 0 74
229 1244 0 52
230 840 0 11
231 1881 0 8
232 1211 0 12
233 204 0 76
234 1378 0 34
235 3204 0 80
236 1560 0 38
237 997 0 13
238 814 0 10
239 1331 0 73
240 1326 0 207
241 1229 0 106
242 12916 0 11
243 1376 0 19
244 1953 0 216
245 3313 0 9
246 620 0 15
247 2629 0 11
248 538 0 8
249 1318 0 16
250 1431 0 82
251 1840 0 49
252 2866 0 12
253 565 0 70
254 1957 0 39
255 673 0 260
256 1097 0 147
257 5011 0 66
258 0 0 44
259 294 0 10
260 1066 0 8
261 524 1 22
262 1983 0 69
263 1280 0 32
264 3400 0 10
265 1113 0 78
266 1871 0 7
267 2069 0 36
268 1236 0 16
269 1108 0 62
270 621 1 0
271 2579 0 10
272 1985 0 16
273 821 0 8
274 427 0 9
275 1274 0 11
276 703 0 10
277 7049 0 11
278 589 0 29
279 2450 0 11
280 949 0 166
281 531 0 13
282 1508 0 12
283 1905 1 0
284 1324 0 20
285 3696 0 8
286 907 0 46
287 619 0 13
288 1445 0 144
289 1094 0 11
290 7050 0 13
291 376 0 72
292 702 0 117
293 1243 0 68
294 1529 0 8
295 7293 0 9
296 1662 0 8
297 3541 0 72
298 2801 0 8
299 633 1 82
300 2309 0 37
301 704 0 43
302 753 0 8
303 256 0 13
304 1912 0 29
305 863 0 85
306 3593 0 9
307 1366 1 0
308 2670 0 10
309 859 0 31
310 7865 0 13
311 1882 0 17
312 1968 0 36
313 2807 0 10
314 672 0 40
315 278 0 13
316 1900 0 189
317 5121 0 128
318 880 1 0
319 2917 0 11
320 340 0 11
321 7995 0 11
322 1090 0 10
323 1269 0 40
324 1870 0 23
325 2605 0 101
326 989 0 8
327 742 0 7
328 6733 0 72
329 1201 0 13
330 744 0 67
331 1257 0 9
332 424 0 10
333 417 0 30
334 1627 0 11
335 3341 0 25
336 1499 0 98
337 3202 0 117
338 1807 0 12
339 3546 0 15
340 2544 0 9
341 552 0 145
342 2723 0 22
343 1259 0 11
344 2016 0 8
345 1351 1 40
346 597 0 34
347 2225 0 16
348 6958 0 28
349 2845 0 6
350 642 0 49
351 528 0 178
352 1270 0 14
353 706 0 13
354 887 0 6
355 620 0 14
356 793 0 0
357 699 1 6
358 1126 0 9
359 488 0 8
360 2914 0 25
361 1971 0 6
362 1429 0 52
363 1356 1 0
364 1530 0 10
365 897 0 57
366 1258 0 23
367 471 0 31
368 737 0 11
369 5124 0 7
370 1257 0 7
371 790 0 16
372 1523 0 46
373 857 0 32
374 391 0 41
375 990 0 19
376 3172 0 32
377 3739 0 17
378 2377 0 8
379 2908 0 203
380 963 0 18
381 7347 0 72
382 511 0 16
383 736 0 180
384 1425 0 190
385 3932 0 9
386 1006 0 43
387 546 0 12
388 494 0 137
389 928 0 30
390 7032 0 10
391 1325 0 32
392 1846 0 21
393 11615 0 10
394 552 0 140
395 1965 0 17
396 1207 0 65
397 883 0 31
398 690 0 18
399 2912 1 18
400 1079 0 37
401 618 0 102
402 1132 0 35
403 6155 0 10
404 588 0 14
405 3029 0 25
406 12860 0 12
407 1137 0 79
408 352 0 10
409 880 0 8
410 5129 0 12
411 937 0 5
412 1299 0 12
413 833 0 10
414 6365 0 9
415 420 0 8
416 2265 0 17
417 1431 0 12
418 300 0 8
419 3524 0 32
420 1650 0 164
421 1259 0 10
422 1020 0 17
423 1968 0 21
424 1530 0 42
425 288 0 166
426 1036 0 12
427 776 0 18
428 938 0 7
429 644 1 32
430 772 0 8
431 290 0 10
432 1418 1 266
433 1991 0 17
434 3190 0 7
435 962 0 298
436 10013 0 16
437 1089 0 16
438 2816 0 21
439 241 0 10
440 1481 0 12
441 263 0 157
442 3194 0 61
443 1165 1 20
444 811 0 11
445 782 0 18
446 521 0 70
447 3275 0 9
448 1011 0 75
449 2934 0 9
450 754 0 15
451 861 0 11
452 876 1 16
453 6487 0 13
454 1444 0 70
455 1416 0 110
456 2823 0 12
457 1530 0 11
458 2509 0 40
459 661 0 46
460 500 0 63
461 426 0 11
462 5085 0 14
463 7448 0 18
464 7048 0 9
465 3213 0 17
466 843 0 77
467 3223 0 30
468 1179 0 75
469 655 0 21
470 1172 0 11
471 639 0 39
472 1513 0 11
473 76 0 12
474 2521 0 10
475 2790 0 11
476 415 0 41
477 2907 0 8
478 499 0 8
479 1947 0 11
480 989 0 9
481 1242 0 33
482 1298 0 69
483 1935 0 15
484 2010 0 10
485 220 0 11
486 1208 0 13
487 2231 0 173
488 1339 0 39
489 1983 0 71
490 2758 0 8
491 1173 0 210
492 298 0 146
493 8694 0 27
494 710 0 170
495 532 0 8
496 7276 0 55
497 1787 0 12
498 260 0 12
499 1224 0 35
500 1390 0 9
501 965 0 14
502 2810 0 9
503 647 0 33
504 1355 0 89
505 3319 0 13
506 3157 0 8
507 1139 0 24
508 433 0 9
509 1663 0 29
510 265 0 9
511 1979 0 88
512 3189 0 11
513 17496 0 22
514 2889 0 32
515 2844 0 21
516 418 0 218
517 3932 0 9
518 5047 0 72
519 1409 0 11
520 189 1 65
521 1893 0 170
522 642 0 100
523 1379 0 8
524 1515 0 8
525 883 0 16
526 1017 0 8
527 1283 0 80
528 8950 0 26
529 1147 0 22
530 1201 0 7
531 1231 0 9
532 944 0 91
533 2647 0 9
534 2002 0 70
535 2913 0 10
536 1556 0 10
537 1972 0 12
538 1407 0 12
539 2567 0 9
540 198 0 31
541 616 0 10
542 2134 0 11
543 699 0 51
544 5028 0 12
545 2788 0 8
546 607 0 6
547 2412 0 110
548 989 0 28
549 579 1 24
550 1119 0 8
551 969 0 217
552 1590 1 0
553 3227 0 21
554 181 0 7
555 690 0 13
556 6173 0 26
557 3330 0 8
558 2575 0 276
559 3231 0 82
560 933 0 11
561 2829 0 13
562 751 0 35
563 978 0 29
564 1105 0 41
565 1407 0 9
566 1429 0 7
567 1424 0 37
568 1768 0 13
569 677 0 8
570 685 0 73
571 6691 0 28
572 17107 0 34
573 807 0 19
574 3454 0 13
575 565 0 12
576 14374 0 16
577 2806 0 14
578 1453 0 26
579 178 0 13

3 1 964
41
580 3642 0 70
581 1093 0 21
582 282 0 9
583 917 0 11
584 6818 0 13
585 6449 0 170
586 655 0 8
587 1536 0 12
588 470 0 7
589 1476 0 25
590 501 0 9
591 2819 0 327
592 932 0 2
593 1111 0 43
594 1303 0 14
595 924 0 20
596 1518 0 8
597 6572 0 66
598 409 0 13
599 2791 0 32
600 907 0 12
601 890 0 14
602 1951 0 312
603 511 0 142
604 1074 0 14
605 799 0 7
606 3351 0 223
607 830 0 12
608 1018 0 37
609 1408 0 17
610 5040 0 23
611 1431 0 10
612 2575 0 9
613 2016 0 88
614 644 0 36
615 3105 0 9
616 2583 0 10
617 2094 0 10
618 2136 0 20
619 1261 0 107
620 886 0 32

4 0 970
1
621 1340 0 8

5 1 1002
1
622 1350 0 150

6 1 1448
120
623 16098 0 13
624 426 0 13
625 1070 0 12
626 2443 1 127
627 682 0 12
628 933 1 0
629 261 0 11
630 1864 0 9
631 286 0 27
632 1060 0 111
633 6567 0 13
634 903 0 34
635 3758 0 5
636 7322 0 3
637 505 0 40
638 1147 0 55
639 1979 0 63
640 3358 0 54
641 3360 0 12
642 1091 0 71
643 5119 0 19
644 736 0 274
645 1240 1 45
646 1423 0 13
647 1384 0 30
648 2891 0 14
649 1705 0 83
650 1940 0 18
651 840 0 16
652 874 0 10
653 1422 0 19
654 1933 0 13
655 2000 0 58
656 560 0 11
657 1038 0 99
658 560 0 14
659 546 0 10
660 1193 0 13
661 220 0 28
662 468 0 13
663 605 0 11
664 2348 0 11
665 2577 0 9
666 838 0 103
667 1207 0 13
668 760 0 30
669 799 0 149
670 1112 0 46
671 842 0 49
672 1114 0 100
673 2799 0 39
674 1326 1 400
675 166 0 19
676 689 0 154
677 1516 0 73
678 453 0 11
679 7471 0 8
680 950 0 13
681 3815 0 27
682 1537 0 36
683 1054 0 11
684 1953 0 46
685 2478 0 9
686 3187 0 194
687 1358 0 10
688 2026 0 21
689 681 0 8
690 3293 0 8
691 962 0 10
692 1207 0 6
693 1165 0 18
694 1424 0 231
695 1009 0 18
696 1363 0 77
697 716 1 18
698 5536 1 0
699 1343 0 12
700 5145 0 140
701 2846 0 10
702 3219 0 17
703 8886 0 95
704 2665 0 34
705 3358 1 41
706 1254 0 10
707 612 0 8
708 1403 0 9
709 1940 0 30
710 2156 0 8
711 627 0 7
712 2844 0 42
713 705 0 13
714 2297 0 10
715 906 0 13
716 7318 0 22
717 1208 1 0
718 2014 0 13
719 1778 0 137
720 1341 0 7
721 1126 0 174
722 1970 0 188
723 3086 0 99
724 954 0 162
725 13598 1 0
726 1140 0 7
727 658 0 9
728 3449 0 10
729 3142 0 13
730 1442 0 25
731 3194 0 34
732 415 0 11
733 3191 0 24
734 1002 0 17
735 6952 0 2
736 1336 0 13
737 1252 0 10
738 14923 0 42
739 5008 0 95
740 830 0 12
741 1889 0 38
742 3554 0 12

7 1 1451
27
743 6061 0 11
744 934 0 30
745 15680 0 42
746 1127 0 11
747 1322 0 144
748 1407 0 13
749 589 0 148
750 1340 0 13
751 1746 0 19
752 528 0 23
753 1522 0 12
754 1597 0 11
755 1036 0 11
756 1060 0 15
757 1412 0 29
758 1428 0 78
759 1983 0 160
760 208 0 75
761 953 0 101
762 1398 0 8
763 280 0 73
764 1054 0 18
765 1370 0 8
766 1683 0 14
767 1985 0 7
768 5005 0 18
769 171 0 42

8 1 1458
25
770 1388 0 49
771 846 0 9
772 3100 0 188
773 3732 0 23
774 1988 0 16
775 1135 0 21
776 1412 0 7
777 1037 0 9
778 1518 0 10
779 1530 0 10
780 2844 0 11
781 1231 0 11
782 942 0 29
783 229 0 13
784 914 0 16
785 7051 1 916
786 1417 0 48
787 1374 0 30
788 525 0 74
789 949 0 17
790 2812 0 119
791 175 0 8
792 1348 0 12
793 431 0 37
794 6734 0 46

9 1 1465
14
795 569 0 9
796 1784 0 28
797 3369 0 9
798 1442 0 32
799 3534 0 19
800 1052 0 41
801 1780 1 0
802 1978 0 21
803 3312 0 93
804 1322 0 17
805 1316 1 30
806 3297 0 6
807 1542 0 16
808 9312 0 9

10 1 1473
1274
809 2775 0 13
810 441 0 130
811 2029 0 8
812 1074 0 31
813 3320 0 10
814 2794 0 7
815 3468 0 6
816 442 0 10
817 1867 0 9
818 1882 1 0
819 164 0 13
820 947 0 8
821 885 0 9
822 986 0 38
823 5832 0 12
824 911 0 21
825 2739 0 38
826 1642 0 217
827 840 0 11
828 7169 0 9
829 385 0 8
830 250 0 20
831 2466 0 7
832 7574 0 9
833 1991 0 74
834 1978 0 42
835 4565 0 22
836 3328 0 11
837 989 0 11
838 1636 0 106
839 882 0 11
840 667 0 81
841 1822 0 9
842 5031 0 11
843 3147 0 9
844 952 0 15
845 3340 0 19
846 780 0 17
847 5116 0 28
848 164 0 29
849 980 0 13
850 1110 0 71
851 1530 0 9
852 165 0 8
853 7306 0 0
854 106 0 9
855 1152 0 18
856 5006 0 10
857 600 0 11
858 2258 0 28
859 2794 0 8
860 840 0 13
861 1982 1 0
862 3662 0 12
863 3736 0 172
864 1529 0 14
865 6189 0 10
866 875 0 33
867 1319 1 28
868 1201 0 9
869 1024 0 145
870 1146 0 126
871 3170 0 31
872 5157 0 77
873 2683 0 66
874 1554 0 7
875 2302 0 28
876 2481 0 10
877 3180 0 12
878 925 0 9
879 3315 0 74
880 3614 0 178
881 3445 0 10
882 345 0 29
883 1506 0 12
884 1325 0 8
885 206 0 15
886 838 0 24
887 1763 0 41
888 1105 0 11
889 849 0 16
890 678 0 27
891 670 0 20
892 468 0 154
893 724 0 11
894 610 0 10
895 1737 0 11
896 1504 0 70
897 1224 0 9
898 584 0 34
899 2010 0 76
900 532 0 65
901 1517 0 9
902 1894 0 9
903 916 0 10
904 1578 0 7
905 2986 1 20
906 5016 0 11
907 13594 0 49
908 5000 0 17
909 1907 0 66
910 2990 0 9
911 475 1 596
912 3233 1 139
913 1145 0 7
914 3483 0 10
915 2538 0 14
916 5073 0 64
917 233 0 10
918 657 0 15
919 181 0 11
920 496 0 199
921 1810 0 16
922 591 0 18
923 860 0 17
924 619 0 10
925 12411 0 20
926 2000 0 19
927 166 0 14
928 1095 0 58
929 1336 0 188
930 284 0 265
931 202 0 63
932 446 0 8
933 876 0 20
934 1356 0 43
935 2423 0 9
936 468 0 11
937 818 0 8
938 6464 0 8
939 976 0 18
940 482 0 130
941 1101 0 8
942 642 0 38
943 763 0 18
944 1378 0 10
945 611 0 28
946 722 0 7
947 3031 0 9
948 2278 0 55
949 1537 0 18
950 186 0 23
951 7722 0 39
952 1828 0 11
953 442 0 19
954 1117 0 89
955 785 0 10
956 1133 0 29
957 3336 0 16
958 286 0 138
959 1051 0 12
960 1349 0 12
961 515 0 46
962 2589 0 19
963 527 0 10
964 1042 0 16
965 1038 0 179
966 1781 0 34
967 2090 0 54
968 1701 0 60
969 629 0 10
970 5810 0 7
971 3927 0 16
972 3143 0 144
973 387 0 67
974 3493 0 10
975 1950 0 8
976 6773 0 7
977 629 0 86
978 1086 0 11
979 7959 0 13
980 705 0 8
981 565 0 11
982 2309 0 11
983 5031 0 10
984 480 0 12
985 2228 0 8
986 554 0 10
987 1405 0 51
988 562 0 99
989 1365 0 14
990 12253 0 8
991 1352 0 28
992 1543 0 13
993 2869 0 8
994 2908 0 69
995 1526 0 12
996 771 0 17
997 7256 0 20
998 310 0 21
999 1333 1 49
1000 1915 0 9
1001 2110 0 7
1002 1186 0 9
1003 835 0 9
1004 1234 1 40
1005 7324 0 8
1006 2901 0 13
1007 1055 0 18
1008 1608 0 35
1009 2566 0 13
1010 1351 0 98
1011 1202 0 10
1012 509 0 38
1013 2827 0 12
1014 14447 0 149
1015 651 0 182
1016 1168 0 13
1017 1359 0 9
1018 626 0 18
1019 368 0 10
1020 5138 0 17
1021 1556 0 7
1022 1090 0 37
1023 2546 0 8
1024 1977 0 18
1025 1012 0 9
1026 2450 0 11
1027 408 0 10
1028 2949 0 26
1029 3260 0 12
1030 7366 0 11
1031 4132 0 24
1032 332 0 103
1033 1303 0 9
1034 1860 0 13
1035 1981 0 18
1036 550 0 36
1037 2518 0 195
1038 449 0 11
1039 3095 0 172
1040 1241 0 12
1041 1330 0 29
1042 2827 0 41
1043 1674 0 30
1044 1288 0 214
1045 3141 0 12
1046 3302 0 12
1047 1960 0 11
1048 6570 0 71
1049 1465 0 10
1050 2054 0 76
1051 1264 0 47
1052 2802 0 11
1053 715 0 9
1054 3295 0 68
1055 512 0 11
1056 9978 0 220
1057 1562 0 35
1058 437 0 13
1059 1516 0 72
1060 9592 1 16
1061 6364 0 8
1062 324 0 157
1063 951 0 20
1064 5115 0 11
1065 6366 0 10
1066 155 0 113
1067 343 0 11
1068 845 0 10
1069 2144 0 12
1070 1190 0 19
1071 1154 0 13
1072 792 0 67
1073 1286 0 12
1074 448 0 35
1075 656 0 17
1076 1020 0 19
1077 2173 0 13
1078 1407 0 7
1079 594 0 25
1080 989 0 47
1081 1049 0 10
1082 400 0 6
1083 1943 0 136
1084 2867 0 37
1085 1023 0 11
1086 507 0 19
1087 3066 0 84
1088 938 0 106
1089 2823 0 98
1090 462 0 36
1091 15 0 7
1092 3198 0 9
1093 1671 0 10
1094 1958 0 42
1095 488 0 40
1096 1706 0 10
1097 1914 0 10
1098 761 0 11
1099 195 0 20
1100 869 0 73
1101 9982 0 7
1102 6555 0 7
1103 1518 0 11
1104 2913 1 0
1105 7367 0 36
1106 7560 0 21
1107 987 0 9
1108 1721 0 15
1109 925 0 109
1110 3763 0 11
1111 1270 0 11
1112 5078 0 17
1113 1060 0 7
1114 3301 0 13
1115 2202 1 18
1116 3295 0 20
1117 701 0 8
1118 878 0 8
1119 1067 0 14
1120 2030 1 0
1121 1680 0 29
1122 1305 0 8
1123 1039 0 6
1124 2410 0 70
1125 1106 0 17
1126 1021 0 27
1127 1622 0 7
1128 935 1 267
1129 7303 0 148
1130 1537 0 8
1131 2935 0 31
1132 628 0 11
1133 6468 0 11
1134 2102 0 18
1135 2116 0 8
1136 685 0 16
1137 856 0 9
1138 943 0 102
1139 2437 0 3
1140 1523 0 31
1141 997 0 11
1142 1508 0 25
1143 1258 0 25
1144 50 0 32
1145 514 0 8
1146 1040 0 50
1147 1163 0 7
1148 2653 0 7
1149 569 0 156
1150 1266 0 39
1151 3298 0 13
1152 3141 0 25
1153 2095 0 24
1154 548 0 10
1155 2403 0 15
1156 2493 0 43
1157 1612 0 39
1158 13921 0 43
1159 799 0 29
1160 5100 0 18
1161 8889 0 9
1162 1538 0 80
1163 1854 0 16
1164 7469 0 9
1165 3199 0 40
1166 11956 0 60
1167 1053 0 9
1168 688 0 72
1169 417 0 9
1170 2640 0 48
1171 1042 0 12
1172 187 0 158
1173 630 0 2
1174 302 0 38
1175 1203 0 24
1176 1533 0 12
1177 427 0 14
1178 1832 0 9
1179 1943 0 10
1180 455 0 43
1181 1174 0 185
1182 232 1 16
1183 1728 0 7
1184 584 0 33
1185 1275 0 85
1186 1924 0 18
1187 1044 0 10
1188 2880 0 69
1189 2947 0 13
1190 380 0 67
1191 1037 0 17
1192 1949 0 75
1193 245 0 12
1194 560 0 9
1195 125 0 20
1196 1200 0 10
1197 927 0 12
1198 3132 0 193
1199 5101 0 23
1200 439 0 38
1201 733 0 8
1202 1016 0 8
1203 484 0 17
1204 3133 0 46
1205 1427 0 30
1206 1201 0 36
1207 1972 0 13
1208 1940 0 12
1209 1326 0 17
1210 1407 0 293
1211 423 0 13
1212 645 0 19
1213 921 0 96
1214 430 0 12
1215 5026 0 99
1216 1332 0 77
1217 1948 0 7
1218 1060 0 26
1219 1272 0 27
1220 1889 0 41
1221 1259 0 9
1222 2788 0 16
1223 1141 0 14
1224 1885 0 14
1225 1053 0 71
1226 1340 0 15
1227 7981 0 10
1228 1069 0 8
1229 1829 0 9
1230 2335 0 12
1231 3378 0 13
1232 551 0 11
1233 6926 0 8
1234 587 0 172
1235 1032 0 20
1236 489 0 70
1237 666 0 14
1238 1699 0 132
1239 1261 0 302
1240 206 0 138
1241 688 0 12
1242 553 0 11
1243 6918 0 9
1244 890 0 21
1245 743 0 31
1246 2847 0 7
1247 469 0 10
1248 989 0 14
1249 603 0 11
1250 8209 0 11
1251 1161 0 229
1252 7282 0 7
1253 3462 1 100
1254 696 0 178
1255 2689 0 11
1256 1959 0 23
1257 171 0 11
1258 1513 0 8
1259 809 0 29
1260 1031 0 7
1261 979 0 17
1262 1834 0 8
1263 1963 0 9
1264 5003 0 50
1265 401 0 88
1266 7501 0 7
1267 928 0 108
1268 501 0 16
1269 5096 0 7
1270 3377 1 0
1271 498 0 308
1272 5015 0 9
1273 753 0 17
1274 3416 0 32
1275 7268 0 38
1276 176 0 13
1277 565 0 17
1278 935 0 8
1279 680 1 0
1280 1045 0 318
1281 625 0 10
1282 757 0 15
1283 181 0 13
1284 3366 0 83
1285 2884 0 61
1286 1518 0 101
1287 2898 0 13
1288 730 0 29
1289 529 0 21
1290 3214 0 24
1291 634 0 136
1292 3379 0 42
1293 615 0 397
1294 1127 0 78
1295 2501 0 16
1296 1002 0 54
1297 882 0 98
1298 2810 0 12
1299 1866 0 35
1300 1407 0 8
1301 6738 0 37
1302 216 1 31
1303 3233 0 12
1304 1976 0 10
1305 1388 0 40
1306 961 0 10
1307 760 0 10
1308 607 0 102
1309 2947 0 90
1310 227 0 208
1311 11446 0 43
1312 166 0 161
1313 1867 0 12
1314 505 0 9
1315 309 0 14
1316 13055 0 6
1317 6052 0 41
1318 2459 0 18
1319 2290 0 14
1320 784 0 79
1321 2537 0 78
1322 1062 0 6
1323 12317 0 131
1324 168 0 13
1325 3565 0 76
1326 565 0 13
1327 1182 0 10
1328 3372 0 92
1329 761 0 11
1330 1138 0 10
1331 914 0 8
1332 2286 0 245
1333 2004 0 116
1334 3231 0 28
1335 187 0 35
1336 260 1 800
1337 1094 0 16
1338 1046 0 29
1339 1360 0 70
1340 2223 0 9
1341 1196 0 14
1342 772 0 63
1343 331 0 47
1344 741 0 40
1345 428 0 22
1346 989 0 13
1347 5115 0 26
1348 840 0 6
1349 2721 0 12
1350 1697 0 8
1351 702 0 11
1352 928 0 37
1353 6241 0 12
1354 1288 0 9
1355 490 0 14
1356 1386 0 7
1357 3029 0 7
1358 582 0 40
1359 901 0 10
1360 3418 0 9
1361 7283 0 15
1362 18050 0 11
1363 173 0 23
1364 1917 0 11
1365 802 0 13
1366 1815 0 8
1367 2848 1 40
1368 1173 0 168
1369 1408 1 153
1370 7344 0 126
1371 1781 0 86
1372 1145 0 11
1373 1429 0 6
1374 629 0 7
1375 2108 0 9
1376 5073 0 27
1377 7825 0 13
1378 239 0 188
1379 1513 0 815
1380 2306 0 14
1381 516 0 106
1382 221 0 21
1383 1208 0 8
1384 997 0 10
1385 6200 0 12
1386 1158 0 11
1387 348 0 46
1388 6364 1 23
1389 324 0 29
1390 803 0 17
1391 2078 0 11
1392 678 0 8
1393 2192 0 17
1394 1583 0 98
1395 1002 0 104
1396 3313 0 13
1397 3191 0 8
1398 288 0 7
1399 1343 0 8
1400 551 0 9
1401 569 0 8
1402 1554 0 146
1403 1949 0 0
1404 3003 0 12
1405 696 1 42
1406 648 0 143
1407 261 0 12
1408 957 0 13
1409 6202 0 55
1410 1400 0 101
1411 598 0 2
1412 1068 0 14
1413 185 0 41
1414 475 0 10
1415 523 0 24
1416 847 0 8
1417 403 0 18
1418 5144 0 58
1419 2796 0 9
1420 1417 0 55
1421 11794 0 13
1422 2877 0 12
1423 2692 0 13
1424 593 0 10
1425 672 0 12
1426 824 0 41
1427 3165 0 10
1428 6145 0 58
1429 10018 0 144
1430 1232 0 9
1431 2564 0 12
1432 1276 0 10
1433 1346 0 134
1434 1522 0 137
1435 3225 0 8
1436 288 0 53
1437 436 0 11
1438 842 0 46
1439 624 0 11
1440 3192 0 12
1441 442 0 60
1442 808 0 16
1443 989 0 7
1444 1037 0 145
1445 5026 0 28
1446 1354 0 8
1447 5145 0 11
1448 1089 0 19
1449 7873 0 9
1450 3305 0 17
1451 2186 0 10
1452 157 0 45
1453 1299 0 7
1454 1122 0 13
1455 41 0 33
1456 760 0 21
1457 1297 0 7
1458 721 0 131
1459 1180 0 37
1460 2261 0 29
1461 2913 0 45
1462 2273 0 13
1463 1127 0 17
1464 344 0 38
1465 462 0 92
1466 3279 0 10
1467 1910 0 10
1468 8522 0 9
1469 3207 0 154
1470 239 0 11
1471 2647 0 92
1472 1282 0 9
1473 1962 0 19
1474 1679 0 11
1475 3307 0 214
1476 442 0 11
1477 1014 0 37
1478 816 0 13
1479 3247 0 11
1480 497 0 183
1481 1886 0 24
1482 196 0 11
1483 769 0 23
1484 213 0 10
1485 3379 0 8
1486 3154 0 24
1487 410 1 201
1488 2253 0 10
1489 637 0 10
1490 945 0 13
1491 6222 0 13
1492 1986 0 50
1493 1396 0 11
1494 436 0 9
1495 3139 0 9
1496 245 0 26
1497 1413 0 7
1498 1731 0 21
1499 1188 0 23
1500 2949 0 14
1501 970 0 114
1502 247 0 12
1503 496 0 55
1504 9312 0 11
1505 1336 0 21
1506 401 0 12
1507 1067 0 11
1508 2057 0 22
1509 3013 0 7
1510 340 0 20
1511 1531 0 7
1512 1303 0 32
1513 1237 0 19
1514 788 0 11
1515 578 0 18
1516 2947 0 7
1517 3148 0 36
1518 607 0 7
1519 730 0 40
1520 787 0 9
1521 2855 0 37
1522 427 0 10
1523 365 0 23
1524 309 0 171
1525 555 0 80
1526 1970 0 117
1527 3145 0 25
1528 1722 0 9
1529 448 0 67
1530 348 1 0
1531 2782 0 9
1532 5082 0 146
1533 1426 0 9
1534 638 0 9
1535 1874 0 11
1536 1932 0 19
1537 6144 0 11
1538 894 0 74
1539 3278 0 10
1540 1408 0 11
1541 1806 0 38
1542 2794 0 33
1543 2919 0 15
1544 7999 0 41
1545 1801 0 16
1546 277 0 68
1547 1724 0 12
1548 818 0 12
1549 1546 0 144
1550 590 0 9
1551 232 0 12
1552 489 0 7
1553 1209 0 70
1554 1969 0 23
1555 7051 0 14
1556 2042 0 42
1557 5093 0 58
1558 728 0 109
1559 1959 0 10
1560 1965 0 10
1561 280 0 9
1562 391 0 8
1563 1400 0 11
1564 12747 0 13
1565 2088 0 13
1566 1185 0 15
1567 2146 0 38
1568 2036 0 7
1569 319 0 34
1570 814 0 11
1571 3373 0 47
1572 1416 0 62
1573 1788 0 190
1574 1149 0 128
1575 565 0 71
1576 617 0 32
1577 830 0 8
1578 749 0 115
1579 2022 0 11
1580 5114 0 87
1581 782 0 13
1582 5112 0 23
1583 1964 0 11
1584 2568 0 13
1585 1521 0 22
1586 1524 0 57
1587 1958 0 15
1588 616 0 51
1589 1247 0 17
1590 1101 0 11
1591 2812 0 22
1592 1133 0 17
1593 5142 0 8
1594 1661 0 11
1595 2534 0 43
1596 1948 0 11
1597 475 0 16
1598 1117 0 92
1599 1050 0 7
1600 598 0 56
1601 2888 0 38
1602 845 1 18
1603 3204 0 7
1604 976 0 37
1605 882 0 14
1606 503 0 74
1607 1320 0 10
1608 880 0 618
1609 3185 0 11
1610 1651 0 28
1611 3093 0 61
1612 2432 0 10
1613 9982 0 22
1614 913 0 11
1615 1020 0 18
1616 1569 0 8
1617 1528 0 10
1618 360 0 41
1619 3519 0 87
1620 1283 0 15
1621 1618 0 89
1622 2924 1 1
1623 876 0 9
1624 1701 1 485
1625 921 0 12
1626 1049 0 11
1627 1085 0 17
1628 686 0 114
1629 3212 0 11
1630 7826 0 14
1631 1236 0 11
1632 741 0 10
1633 3179 0 114
1634 1009 0 9
1635 669 0 9
1636 691 0 9
1637 1951 0 13
1638 926 0 34
1639 1241 0 8
1640 3284 0 13
1641 911 0 22
1642 797 0 135
1643 1247 0 24
1644 507 0 11
1645 1347 0 9
1646 615 0 15
1647 1361 0 16
1648 2340 0 10
1649 1976 0 10
1650 2513 0 9
1651 1983 0 7
1652 1222 0 9
1653 331 0 98
1654 3304 0 11
1655 1815 0 8
1656 1981 0 8
1657 5081 0 0
1658 2549 0 12
1659 199 0 61
1660 1420 0 21
1661 1222 0 11
1662 989 0 75
1663 1933 0 8
1664 2922 0 20
1665 2484 0 101
1666 5760 0 12
1667 3202 0 11
1668 7457 0 12
1669 3419 0 7
1670 3343 0 11
1671 1815 0 12
1672 843 0 11
1673 3151 0 15
1674 3061 0 11
1675 12755 0 109
1676 3922 0 128
1677 435 0 8
1678 245 0 2
1679 2512 1 15
1680 1536 0 21
1681 1986 0 47
1682 552 0 14
1683 1219 0 10
1684 620 0 10
1685 12634 0 17
1686 295 0 7
1687 388 1 0
1688 1028 0 11
1689 822 0 10
1690 455 0 7
1691 1264 0 40
1692 493 0 9
1693 954 0 12
1694 1141 0 18
1695 1007 0 10
1696 1414 0 3
1697 1935 0 13
1698 2061 0 11
1699 1113 1 0
1700 1134 0 8
1701 91 0 60
1702 1387 0 35
1703 1246 0 144
1704 1410 0 9
1705 3219 0 11
1706 1190 0 128
1707 1836 0 25
1708 577 0 61
1709 512 0 18
1710 433 0 17
1711 18 0 9
1712 6136 0 72
1713 1547 0 6
1714 813 0 17
1715 6760 0 25
1716 5106 0 7
1717 1057 0 86
1718 247 0 20
1719 1175 1 4
1720 1185 0 31
1721 3339 0 137
1722 1039 0 8
1723 846 0 7
1724 1509 0 10
1725 78 0 18
1726 970 0 110
1727 1518 0 80
1728 562 0 39
1729 230 0 54
1730 718 0 29
1731 240 0 56
1732 1029 0 9
1733 1812 0 29
1734 478 0 6
1735 1202 1 0
1736 681 0 168
1737 2885 0 13
1738 702 0 9
1739 428 0 9
1740 480 0 67
1741 1648 0 18
1742 7183 0 11
1743 5077 0 67
1744 524 0 87
1745 1082 0 237
1746 485 0 29
1747 8830 0 109
1748 448 0 11
1749 2284 0 13
1750 277 0 54
1751 2541 0 13
1752 1513 0 17
1753 10338 0 10
1754 1715 0 15
1755 6366 0 23
1756 244 0 7
1757 7474 0 38
1758 2931 1 0
1759 1033 0 119
1760 2566 0 8
1761 594 0 169
1762 989 0 68
1763 506 0 39
1764 1299 0 41
1765 3515 0 38
1766 2123 0 33
1767 1973 0 17
1768 1953 0 15
1769 637 0 128
1770 3793 0 87
1771 881 0 206
1772 1984 0 41
1773 1291 0 12
1774 1542 0 18
1775 3177 0 12
1776 733 0 18
1777 2775 0 347
1778 589 0 7
1779 807 0 9
1780 1606 0 87
1781 1643 0 159
1782 765 0 12
1783 3249 1 68
1784 757 0 2
1785 649 0 11
1786 1135 0 11
1787 3299 0 8
1788 986 0 10
1789 168 0 10
1790 3316 1 25
1791 889 0 16
1792 659 0 101
1793 5774 0 27
1794 1177 0 51
1795 562 0 131
1796 495 0 8
1797 872 0 78
1798 185 0 22
1799 1327 0 8
1800 1245 1 517
1801 857 0 81
1802 523 0 617
1803 6255 0 61
1804 111 0 11
1805 837 0 9
1806 1511 1 0
1807 852 0 56
1808 1746 0 16
1809 3170 0 7
1810 1622 0 13
1811 1214 0 68
1812 1310 0 12
1813 710 0 46
1814 3369 0 8
1815 1526 0 7
1816 343 0 69
1817 6563 0 7
1818 3517 0 140
1819 1950 0 13
1820 3109 0 188
1821 1601 0 9
1822 2021 0 68
1823 354 0 172
1824 1852 0 8
1825 474 1 0
1826 1030 0 181
1827 1991 0 6
1828 941 0 72
1829 1400 0 82
1830 1535 0 10
1831 5148 0 40
1832 7332 0 12
1833 971 0 18
1834 2803 0 12
1835 1215 1 154
1836 1937 0 11
1837 631 0 165
1838 2841 0 75
1839 1700 1 76
1840 1984 0 18
1841 2450 0 45
1842 8189 0 8
1843 5085 0 70
1844 312 0 16
1845 4997 0 8
1846 241 0 7
1847 7366 0 29
1848 930 0 5
1849 11797 0 8
1850 9312 0 10
1851 2265 0 72
1852 336 0 46
1853 803 0 88
1854 1529 0 39
1855 522 0 146
1856 12149 0 37
1857 2218 0 12
1858 2554 0 27
1859 548 0 83
1860 7470 0 17
1861 800 0 11
1862 1381 0 41
1863 1188 0 10
1864 497 0 24
1865 1946 0 21
1866 2950 0 38
1867 1133 0 10
1868 16903 0 12
1869 278 0 9
1870 1739 0 18
1871 1513 0 129
1872 5028 0 11
1873 916 1 0
1874 239 0 93
1875 1179 0 10
1876 2825 0 13
1877 3343 0 37
1878 3101 0 23
1879 2088 0 40
1880 2819 0 34
1881 11343 0 12
1882 1368 0 31
1883 868 0 8
1884 738 0 13
1885 716 1 123
1886 2979 0 38
1887 1846 1 17
1888 1344 0 36
1889 2954 0 9
1890 3332 0 9
1891 11788 0 33
1892 1048 0 42
1893 5058 0 10
1894 181 0 9
1895 703 0 45
1896 1203 1 517
1897 2582 0 108
1898 175 0 26
1899 469 0 11
1900 1793 0 8
1901 1134 0 68
1902 26 0 38
1903 693 0 11
1904 1975 0 155
1905 6860 0 10
1906 5129 0 76
1907 888 0 16
1908 546 0 127
1909 2888 0 7
1910 936 0 18
1911 6173 0 26
1912 1978 0 11
1913 3342 0 12
1914 1411 0 37
1915 2895 1 6
1916 608 0 28
1917 583 0 42
1918 6252 0 52
1919 492 1 0
1920 1538 0 13
1921 1057 0 46
1922 12153 0 38
1923 1513 0 51
1924 469 0 8
1925 1295 1 0
1926 1407 0 132
1927 3183 0 12
1928 915 0 39
1929 788 0 8
1930 413 0 8
1931 881 0 11
1932 981 0 8
1933 861 0 36
1934 193 0 9
1935 184 0 38
1936 405 0 185
1937 6194 0 11
1938 7478 0 32
1939 0 0 10
1940 1880 0 91
1941 254 0 22
1942 17496 0 139
1943 492 0 27
1944 188 0 18
1945 1386 0 13
1946 1032 0 2
1947 8922 1 400
1948 1870 1 0
1949 4977 0 11
1950 479 0 13
1951 1546 1 0
1952 7051 0 10
1953 2408 0 77
1954 8915 0 42
1955 1052 0 9
1956 2955 0 14
1957 5019 0 13
1958 711 0 17
1959 1243 0 11
1960 782 0 81
1961 640 0 29
1962 3183 0 88
1963 1566 0 17
1964 1353 0 46
1965 1359 0 24
1966 746 0 98
1967 1834 0 14
1968 3232 0 9
1969 1338 0 61
1970 531 0 147
1971 7355 0 32
1972 2159 0 11
1973 488 0 28
1974 1092 0 7
1975 565 0 19
1976 3907 0 8
1977 1699 0 10
1978 943 0 33
1979 756 0 10
1980 1244 0 29
1981 928 0 13
1982 1409 0 16
1983 1511 0 14
1984 2027 0 7
1985 1313 0 10
1986 3010 0 11
1987 3572 1 3
1988 3194 0 42
1989 1048 0 9
1990 793 0 158
1991 330 0 16
1992 989 0 18
1993 884 0 6
1994 1040 1 0
1995 3292 0 7
1996 2557 0 15
1997 8829 0 8
1998 402 0 10
1999 2407 0 30
2000 1294 0 32
2001 5118 0 11
2002 1802 0 9
2003 5774 0 24
2004 490 0 42
2005 2592 1 0
2006 3151 0 7
2007 946 0 50
2008 1321 1 0
2009 3130 0 13
2010 889 0 16
2011 334 0 51
2012 1964 0 214
2013 905 0 36
2014 1891 0 8
2015 1215 0 22
2016 1700 0 173
2017 7755 1 21
2018 7050 0 11
2019 1007 0 71
2020 742 0 24
2021 952 0 65
2022 1250 0 16
2023 7358 0 12
2024 490 0 37
2025 502 0 12
2026 1621 0 80
2027 1284 0 9
2028 732 0 55
2029 2818 0 7
2030 412 0 12
2031 2906 0 145
2032 1423 0 13
2033 3252 0 35
2034 1362 0 92
2035 12027 0 188
2036 2190 0 10
2037 2912 0 10
2038 1377 0 53
2039 1407 0 87
2040 711 0 131
2041 555 0 12
2042 1976 0 19
2043 687 0 63
2044 3193 0 25
2045 255 0 14
2046 6095 0 30
2047 1387 0 40
2048 781 0 17
2049 13007 1 0
2050 7583 0 30
2051 1104 0 11
2052 3220 0 13
2053 1518 0 49
2054 541 0 12
2055 688 0 13
2056 744 0 10
2057 303 0 156
2058 2581 0 9
2059 955 0 24
2060 1037 0 11
2061 684 0 39
2062 546 0 71
2063 1983 0 11
2064 729 0 7
2065 1290 0 12
2066 1886 0 10
2067 1407 0 9
2068 202 0 16
2069 492 0 9
2070 3179 0 101
2071 1040 0 11
2072 6247 0 8
2073 1138 0 11
2074 1651 0 13
2075 1314 0 94
2076 2939 0 8
2077 1510 0 36
2078 1959 0 11
2079 1940 0 8
2080 1396 0 8
2081 535 1 6
2082 2425 0 10

11 1 1483
123
2083 2920 0 46
2084 637 0 32
2085 441 0 10
2086 4993 0 126
2087 3337 0 11
2088 305 0 7
2089 1856 0 246
2090 1950 0 97
2091 726 1 216
2092 648 0 52
2093 932 0 27
2094 896 0 69
2095 1418 0 24
2096 221 0 6
2097 226 0 19
2098 694 0 9
2099 747 0 134
2100 870 0 167
2101 7512 0 12
2102 16621 0 20
2103 5422 0 11
2104 7475 0 73
2105 362 0 75
2106 1530 0 130
2107 507 0 68
2108 1526 0 52
2109 3225 0 8
2110 1185 0 79
2111 1696 0 65
2112 423 0 11
2113 976 0 62
2114 5083 0 10
2115 1073 0 10
2116 1536 0 294
2117 843 0 34
2118 6053 0 76
2119 1391 0 16
2120 3589 0 12
2121 7501 0 14
2122 1975 0 11
2123 603 0 7
2124 874 0 110
2125 165 0 198
2126 537 0 13
2127 883 1 27
2128 569 0 26
2129 2883 0 11
2130 1423 0 11
2131 1424 0 22
2132 11615 0 12
2133 826 0 15
2134 7003 0 13
2135 584 0 37
2136 1057 0 8
2137 1099 0 42
2138 968 0 31
2139 1538 0 23
2140 579 0 13
2141 1958 0 13
2142 1504 0 61
2143 2969 0 9
2144 2872 0 11
2145 1528 0 45
2146 345 0 11
2147 456 0 225
2148 1057 0 226
2149 6188 0 24
2150 630 0 9
2151 737 0 69
2152 2822 0 13
2153 3362 0 30
2154 9632 0 35
2155 691 0 171
2156 1112 0 57
2157 1260 0 10
2158 989 0 61
2159 476 0 109
2160 563 1 0
2161 1364 0 12
2162 12000 0 54
2163 1527 0 74
2164 939 0 9
2165 2929 0 46
2166 833 0 80
2167 631 0 8
2168 16733 0 9
2169 181 0 41
2170 181 0 16
2171 250 0 100
2172 1314 0 106
2173 766 0 30
2174 193 0 9
2175 3290 0 40
2176 1335 0 26
2177 8595 0 8
2178 273 0 40
2179 64 0 8
2180 921 0 189
2181 6735 1 26
2182 1969 0 104
2183 5083 0 87
2184 352 0 11
2185 2119 0 268
2186 5007 0 23
2187 974 1 0
2188 2084 0 91
2189 424 0 7
2190 897 0 76
2191 482 0 12
2192 1236 0 7
2193 1190 0 14
2194 1230 0 13
2195 7947 0 24
2196 1886 0 8
2197 3365 0 9
2198 6206 0 18
2199 2053 0 63
2200 2233 0 8
2201 3414 0 21
2202 1397 0 64
2203 740 0 10
2204 1507 0 14
2205 368 0 9

12 0 1483
4
2206 7663 0 15
2207 13004 0 31
2208 2139 0 11
2209 2623 0 17

13 1 1488
969
2210 392 0 11
2211 2953 0 13
2212 588 0 8
2213 2133 0 7
2214 5089 0 16
2215 1537 0 9
2216 1350 0 25
2217 703 0 28
2218 413 0 35
2219 2953 0 73
2220 1992 0 12
2221 391 0 76
2222 715 0 9
2223 1322 0 11
2224 1320 0 28
2225 1141 0 82
2226 3520 0 7
2227 7353 0 90
2228 1022 0 10
2229 223 0 127
2230 992 0 11
2231 2436 0 11
2232 989 0 11
2233 1107 0 39
2234 1825 0 49
2235 1774 0 11
2236 726 0 22
2237 229 0 13
2238 776 0 89
2239 561 0 96
2240 1314 0 164
2241 673 0 75
2242 800 0 13
2243 502 0 10
2244 943 0 86
2245 655 0 9
2246 3727 0 8
2247 1511 0 26
2248 2949 0 18
2249 989 0 12
2250 2918 0 11
2251 3922 0 3
2252 1328 0 41
2253 7570 0 12
2254 1222 0 145
2255 1538 0 99
2256 1986 0 93
2257 894 0 11
2258 3288 0 14
2259 819 0 9
2260 3015 0 70
2261 1033 0 12
2262 392 0 8
2263 564 0 20
2264 725 0 71
2265 667 0 8
2266 3223 0 11
2267 1427 1 66
2268 298 1 16
2269 1069 0 8
2270 7444 0 13
2271 259 0 20
2272 2847 0 8
2273 1401 0 2
2274 861 0 89
2275 1988 0 41
2276 13064 0 23
2277 924 1 93
2278 1470 0 159
2279 1072 0 11
2280 600 0 75
2281 3538 0 181
2282 793 0 8
2283 1668 0 38
2284 1578 0 41
2285 3231 0 19
2286 2805 0 10
2287 877 0 22
2288 5067 0 98
2289 1054 1 22
2290 824 0 31
2291 5072 0 10
2292 7409 0 188
2293 763 0 56
2294 1807 0 17
2295 911 1 25
2296 3241 0 39
2297 3062 0 294
2298 1060 0 13
2299 1271 0 52
2300 3726 0 6
2301 864 0 116
2302 206 0 14
2303 507 0 24
2304 528 0 172
2305 278 0 11
2306 429 0 16
2307 2897 0 23
2308 1153 0 10
2309 479 0 12
2310 12366 0 13
2311 890 0 10
2312 5036 0 8
2313 609 0 14
2314 497 0 81
2315 2720 0 35
2316 1632 0 73
2317 781 0 88
2318 3768 1 156
2319 1215 0 12
2320 823 0 11
2321 1767 0 159
2322 1984 0 10
2323 1042 0 10
2324 662 0 28
2325 989 0 14
2326 3377 0 20
2327 2180 0 57
2328 3686 1 0
2329 1310 0 13
2330 4999 0 6
2331 3293 0 11
2332 2395 0 11
2333 1187 0 41
2334 6448 0 41
2335 240 0 11
2336 443 0 145
2337 1986 0 35
2338 2225 0 7
2339 7882 0 11
2340 408 1 43
2341 1504 0 27
2342 591 0 10
2343 561 0 16
2344 1513 0 34
2345 609 0 9
2346 3373 0 11
2347 916 0 27
2348 948 0 39
2349 1517 1 0
2350 677 0 60
2351 809 0 113
2352 1504 1 26
2353 2839 0 29
2354 1035 0 14
2355 663 0 19
2356 1381 0 82
2357 465 0 10
2358 6742 0 12
2359 1171 0 24
2360 2430 0 77
2361 1281 0 12
2362 494 0 8
2363 3377 0 10
2364 3282 0 98
2365 3334 0 17
2366 992 0 11
2367 572 0 41
2368 704 0 43
2369 534 0 117
2370 2177 0 8
2371 2873 0 103
2372 1324 0 7
2373 785 0 8
2374 6699 0 127
2375 2545 1 0
2376 2953 0 8
2377 3788 0 12
2378 3533 1 8
2379 1205 0 10
2380 1017 0 8
2381 441 0 8
2382 223 0 12
2383 901 0 91
2384 3540 0 13
2385 706 0 9
2386 13008 1 27
2387 3322 1 597
2388 928 0 80
2389 12704 0 17
2390 14457 0 11
2391 3222 0 11
2392 331 0 71
2393 991 0 10
2394 1021 0 11
2395 5114 0 24
2396 1946 0 83
2397 7475 0 25
2398 229 0 38
2399 1408 0 9
2400 1039 0 109
2401 6748 0 103
2402 3199 0 60
2403 1666 1 3
2404 2420 0 7
2405 783 0 10
2406 249 0 60
2407 1811 0 11
2408 1044 0 9
2409 1516 1 0
2410 1399 0 13
2411 21 0 8
2412 533 1 473
2413 791 0 34
2414 1373 0 22
2415 5073 1 118
2416 176 0 7
2417 513 0 12
2418 7498 0 13
2419 1095 0 12
2420 1194 0 11
2421 2016 0 77
2422 17430 0 11
2423 868 0 286
2424 2964 0 8
2425 2207 0 8
2426 606 1 265
2427 2052 0 48
2428 16519 0 14
2429 3261 0 14
2430 1886 0 36
2431 1425 0 18
2432 6139 0 296
2433 1019 0 10
2434 2300 0 20
2435 1214 0 25
2436 1035 0 13
2437 3683 0 12
2438 231 0 11
2439 1183 0 63
2440 1396 0 14
2441 1965 0 7
2442 568 0 8
2443 1880 0 618
2444 1241 0 13
2445 1390 0 10
2446 1261 0 11
2447 6220 0 10
2448 1003 0 10
2449 3703 0 59
2450 309 0 39
2451 1798 0 86
2452 665 0 47
2453 1349 0 30
2454 580 0 13
2455 265 0 162
2456 1313 0 11
2457 1774 0 274
2458 1372 0 11
2459 185 0 67
2460 3326 0 13
2461 528 0 8
2462 7051 0 33
2463 1406 0 10
2464 840 0 70
2465 2457 0 48
2466 2541 0 9
2467 2197 0 12
2468 1336 0 40
2469 477 0 38
2470 2852 0 13
2471 3330 1 0
2472 1941 0 16
2473 695 0 9
2474 524 0 12
2475 3262 0 13
2476 1697 0 31
2477 3250 0 18
2478 6736 0 29
2479 1275 0 11
2480 3194 0 10
2481 12669 0 33
2482 648 0 9
2483 2150 0 13
2484 475 0 808
2485 938 0 10
2486 3298 0 108
2487 3190 0 215
2488 686 0 7
2489 5023 0 13
2490 1169 0 9
2491 2914 0 12
2492 8835 0 14
2493 7478 0 8
2494 6362 0 13
2495 511 0 13
2496 1504 0 13
2497 542 0 24
2498 1253 0 13
2499 659 0 10
2500 352 0 7
2501 1049 0 11
2502 1513 0 12
2503 1979 0 11
2504 2901 0 17
2505 1858 0 29
2506 3193 0 10
2507 685 1 46
2508 6329 0 27
2509 1719 0 11
2510 2443 0 37
2511 914 0 9
2512 859 1 0
2513 806 0 46
2514 3423 0 11
2515 1964 0 10
2516 2366 0 11
2517 1965 0 11
2518 3248 0 10
2519 1950 0 39
2520 1135 0 7
2521 1058 0 57
2522 1380 0 109
2523 700 0 12
2524 2459 0 53
2525 789 0 8
2526 3502 0 10
2527 2934 1 0
2528 1059 0 50
2529 3191 0 32
2530 6160 0 13
2531 1402 0 30
2532 2857 0 11
2533 1089 0 10
2534 365 0 10
2535 2546 0 16
2536 165 0 26
2537 989 0 85
2538 1304 0 12
2539 1513 0 12
2540 591 0 10
2541 3822 0 12
2542 171 0 8
2543 1150 0 29
2544 1044 0 17
2545 1628 0 8
2546 1257 0 6
2547 903 0 11
2548 2214 0 10
2549 2963 0 11
2550 1983 0 10
2551 2887 0 142
2552 3453 0 9
2553 5994 0 31
2554 5095 0 19
2555 3348 0 42
2556 669 0 12
2557 1960 0 7
2558 429 0 71
2559 1037 0 8
2560 1431 0 67
2561 466 0 108
2562 1024 0 27
2563 169 0 66
2564 3299 0 50
2565 168 0 52
2566 2127 0 45
2567 3160 0 20
2568 1608 0 10
2569 874 0 40
2570 5044 0 10
2571 15986 0 11
2572 171 0 21
2573 1281 0 35
2574 7664 0 8
2575 2793 0 11
2576 759 0 14
2577 1431 0 11
2578 3150 0 73
2579 954 0 10
2580 558 0 13
2581 1852 0 21
2582 1148 0 12
2583 1827 0 7
2584 1522 1 596
2585 8421 0 11
2586 543 0 11
2587 382 0 60
2588 234 0 7
2589 1337 0 14
2590 3377 0 21
2591 5072 1 0
2592 1535 0 39
2593 1408 1 101
2594 380 0 29
2595 1690 0 52
2596 1294 0 44
2597 2718 0 11
2598 552 0 17
2599 202 0 8
2600 1791 0 13
2601 11820 0 16
2602 5145 0 13
2603 2724 0 34
2604 949 0 11
2605 559 0 36
2606 6191 0 11
2607 631 0 189
2608 1367 0 13
2609 1854 0 70
2610 815 0 8
2611 523 0 8
2612 637 0 153
2613 3152 0 11
2614 237 0 72
2615 3217 0 132
2616 1957 0 12
2617 1795 0 8
2618 1834 0 23
2619 1159 0 33
2620 1249 0 231
2621 6454 0 66
2622 3338 0 140
2623 1528 0 105
2624 809 0 110
2625 2693 0 62
2626 2113 0 14
2627 547 0 202
2628 7294 0 46
2629 861 0 20
2630 3319 0 30
2631 335 0 40
2632 468 1 0
2633 623 0 133
2634 1808 0 346
2635 2435 0 50
2636 6575 0 7
2637 323 0 28
2638 721 0 7
2639 1453 0 17
2640 5101 0 97
2641 3033 0 216
2642 1296 0 29
2643 1144 0 172
2644 3158 0 10
2645 554 1 0
2646 779 0 34
2647 618 0 9
2648 2137 1 9
2649 1365 1 316
2650 386 0 8
2651 11969 1 80
2652 3022 0 11
2653 317 0 13
2654 1783 0 15
2655 1125 0 150
2656 3291 0 18
2657 748 0 9
2658 1065 0 15
2659 2953 0 9
2660 5112 0 2
2661 863 0 8
2662 590 0 20
2663 1093 1 0
2664 502 0 9
2665 333 0 13
2666 2890 0 26
2667 850 0 11
2668 171 0 10
2669 1713 0 30
2670 787 0 32
2671 825 0 53
2672 418 0 41
2673 11289 0 11
2674 1002 0 19
2675 1204 0 12
2676 1241 0 40
2677 4 0 21
2678 220 0 32
2679 490 0 131
2680 318 1 61
2681 2437 0 28
2682 6513 0 11
2683 800 0 177
2684 296 1 0
2685 395 0 11
2686 441 0 12
2687 2474 0 17
2688 1109 0 12
2689 230 1 134
2690 3499 0 55
2691 967 0 32
2692 2514 0 58
2693 2362 0 20
2694 3249 0 9
2695 5131 0 13
2696 1377 0 7
2697 444 0 13
2698 1417 0 10
2699 868 0 58
2700 3729 0 168
2701 786 0 23
2702 213 0 41
2703 769 0 41
2704 3325 0 9
2705 1516 0 24
2706 1390 0 55
2707 628 0 14
2708 5125 0 85
2709 11615 0 10
2710 1372 0 32
2711 679 0 13
2712 1643 0 8
2713 1248 0 46
2714 2043 0 43
2715 538 0 67
2716 4615 0 14
2717 3196 0 13
2718 2818 0 44
2719 1214 0 11
2720 412 0 13
2721 11603 1 4
2722 1979 0 105
2723 5824 0 84
2724 3411 0 14
2725 1246 0 65
2726 225 1 0
2727 1394 0 13
2728 766 0 6
2729 989 0 69
2730 254 0 13
2731 1242 0 7
2732 507 0 37
2733 786 0 9
2734 1910 0 15
2735 2196 0 9
2736 882 0 11
2737 2327 0 13
2738 585 0 11
2739 3440 0 8
2740 2775 0 11
2741 254 0 10
2742 809 1 477
2743 1564 0 17
2744 971 0 9
2745 9582 0 207
2746 1007 0 38
2747 2874 0 51
2748 2059 0 9
2749 9313 0 14
2750 301 0 202
2751 921 0 23
2752 1783 0 12
2753 631 0 48
2754 740 0 12
2755 1534 0 15
2756 10005 0 9
2757 659 0 12
2758 1100 0 36
2759 1113 0 19
2760 790 0 17
2761 2695 0 76
2762 414 0 10
2763 5094 0 63
2764 7050 0 5
2765 1128 0 394
2766 3333 0 7
2767 2312 0 102
2768 832 0 7
2769 7564 0 10
2770 2577 0 7
2771 6209 0 15
2772 337 0 67
2773 373 0 10
2774 1806 0 15
2775 1129 0 12
2776 14565 0 429
2777 620 0 8
2778 16201 0 10
2779 6768 1 0
2780 331 0 28
2781 1129 0 12
2782 900 0 9
2783 805 0 110
2784 728 0 130
2785 1167 0 8
2786 1364 0 29
2787 552 0 21
2788 845 0 128
2789 981 0 13
2790 896 0 129
2791 1427 0 11
2792 1575 0 17
2793 500 0 8
2794 3274 0 10
2795 701 0 62
2796 2029 0 12
2797 1385 0 18
2798 1203 0 56
2799 1297 0 14
2800 3285 0 37
2801 573 0 9
2802 2354 0 19
2803 1570 0 9
2804 690 0 7
2805 1553 0 17
2806 286 0 372
2807 6359 0 16
2808 995 0 14
2809 1959 0 46
2810 3413 0 13
2811 3084 0 43
2812 2517 0 10
2813 211 0 224
2814 1403 0 182
2815 1788 0 11
2816 1345 0 22
2817 404 0 18
2818 2922 0 6
2819 654 0 58
2820 202 0 44
2821 1105 0 8
2822 594 0 11
2823 1375 0 12
2824 8087 0 19
2825 1176 0 13
2826 3534 0 14
2827 3199 0 12
2828 1935 0 138
2829 1189 0 12
2830 3250 0 7
2831 1429 0 129
2832 12938 0 132
2833 3047 0 9
2834 7050 0 14
2835 242 0 23
2836 1264 0 8
2837 1126 1 23
2838 15 0 130
2839 314 0 7
2840 482 0 13
2841 5115 0 10
2842 747 0 24
2843 691 0 21
2844 2450 0 12
2845 1564 0 7
2846 604 0 18
2847 917 0 10
2848 2218 0 11
2849 3054 0 69
2850 1138 0 16
2851 1629 0 62
2852 302 0 17
2853 1251 0 11
2854 2114 0 28
2855 1197 0 58
2856 1453 0 14
2857 759 0 387
2858 506 0 7
2859 954 0 43
2860 1017 0 140
2861 1547 0 129
2862 1705 0 7
2863 1417 0 78
2864 1028 0 7
2865 1015 0 128
2866 204 0 13
2867 346 0 37
2868 1577 0 35
2869 1312 0 11
2870 3230 0 12
2871 119 0 31
2872 1003 0 28
2873 47 0 137
2874 6732 0 29
2875 1001 0 7
2876 1828 0 17
2877 172 0 63
2878 1968 0 36
2879 1511 0 9
2880 2611 0 17
2881 6560 0 19
2882 922 1 0
2883 5046 0 11
2884 1349 0 25
2885 348 0 7
2886 1022 0 11
2887 1778 0 52
2888 7282 0 20
2889 78 0 67
2890 1380 0 8
2891 5039 0 10
2892 1249 0 12
2893 3149 0 9
2894 856 0 11
2895 12423 0 13
2896 1769 1 0
2897 734 0 68
2898 960 0 42
2899 686 0 12
2900 2152 0 12
2901 730 0 10
2902 5031 0 11
2903 1809 0 57
2904 1561 0 28
2905 869 1 40
2906 1065 0 38
2907 3315 0 18
2908 1071 0 23
2909 5057 0 64
2910 1537 0 11
2911 1651 0 39
2912 1252 0 20
2913 288 1 596
2914 5053 0 108
2915 1991 1 266
2916 1247 0 11
2917 1169 0 8
2918 820 0 38
2919 219 0 9
2920 3235 0 8
2921 7034 0 11
2922 830 0 10
2923 2518 0 116
2924 2598 0 7
2925 1650 0 77
2926 948 0 8
2927 5147 0 26
2928 1207 0 11
2929 1420 0 9
2930 1317 0 61
2931 1044 0 137
2932 1044 0 41
2933 405 0 28
2934 3497 0 9
2935 1513 0 16
2936 903 1 117
2937 667 0 35
2938 564 0 343
2939 739 0 10
2940 1984 0 57
2941 2039 0 72
2942 1219 0 15
2943 2393 0 22
2944 912 0 128
2945 1577 0 14
2946 1843 0 33
2947 2388 0 13
2948 254 0 7
2949 1686 0 133
2950 1357 0 13
2951 1371 0 31
2952 986 0 11
2953 1654 0 7
2954 470 0 8
2955 623 0 70
2956 564 0 55
2957 903 0 216
2958 1390 0 82
2959 3365 0 58
2960 3376 0 59
2961 5801 0 8
2962 5065 0 11
2963 5105 0 72
2964 902 0 12
2965 698 0 171
2966 1411 0 28
2967 7387 0 12
2968 5015 0 14
2969 6470 0 11
2970 804 0 47
2971 1086 0 90
2972 886 0 13
2973 582 0 14
2974 970 0 42
2975 516 0 10
2976 598 0 72
2977 2479 0 10
2978 7409 0 11
2979 1516 0 13
2980 1513 0 20
2981 1277 0 13
2982 5160 0 37
2983 1154 0 12
2984 1951 0 13
2985 7153 0 6
2986 1358 0 81
2987 1063 0 9
2988 941 0 16
2989 2459 0 69
2990 1042 0 17
2991 7044 0 7
2992 577 0 67
2993 198 0 6
2994 1537 0 416
2995 7050 0 9
2996 1982 0 11
2997 3332 0 41
2998 1527 1 76
2999 355 0 11
3000 1324 0 10
3001 3264 0 8
3002 2030 0 15
3003 955 0 11
3004 1986 0 18
3005 976 0 16
3006 827 0 9
3007 1046 0 8
3008 4965 0 93
3009 7841 0 12
3010 589 0 18
3011 1477 0 46
3012 245 0 10
3013 744 1 20
3014 2836 0 13
3015 5071 0 8
3016 2822 0 42
3017 1298 0 71
3018 1531 0 25
3019 13884 0 11
3020 1756 0 51
3021 1932 0 14
3022 1408 0 140
3023 6792 0 22
3024 357 0 10
3025 1070 0 10
3026 685 1 51
3027 426 0 13
3028 3375 0 9
3029 1842 0 100
3030 189 0 73
3031 1532 0 12
3032 733 0 178
3033 1182 0 11
3034 6181 0 107
3035 438 0 11
3036 1419 0 20
3037 3870 0 51
3038 1968 0 10
3039 1060 0 10
3040 1025 0 12
3041 825 0 10
3042 1027 0 8
3043 231 0 8
3044 2843 0 12
3045 1963 0 14
3046 1425 0 25
3047 770 0 38
3048 1903 0 40
3049 1310 0 75
3050 456 0 12
3051 327 0 420
3052 733 1 0
3053 576 0 10
3054 3182 0 7
3055 2156 0 9
3056 907 0 19
3057 1428 0 40
3058 900 0 17
3059 2579 0 67
3060 1940 1 27
3061 1826 0 13
3062 640 0 9
3063 3177 0 12
3064 1133 0 44
3065 1322 0 9
3066 404 0 28
3067 1218 0 22
3068 1344 0 46
3069 1008 0 27
3070 715 0 13
3071 1402 0 59
3072 616 0 11
3073 564 0 11
3074 181 0 42
3075 181 0 11
3076 2831 0 39
3077 2117 0 8
3078 6735 0 13
3079 919 0 62
3080 4086 1 54
3081 242 0 8
3082 1440 0 8
3083 1380 0 13
3084 951 0 15
3085 989 0 42
3086 3145 0 50
3087 593 0 8
3088 1235 0 11
3089 7404 0 14
3090 1430 0 9
3091 1528 0 11
3092 1806 0 86
3093 591 0 66
3094 7472 0 8
3095 819 0 19
3096 565 0 11
3097 675 0 62
3098 5145 0 11
3099 442 0 218
3100 694 0 10
3101 914 0 107
3102 12199 0 12
3103 247 0 10
3104 643 0 8
3105 983 0 13
3106 872 0 9
3107 804 0 34
3108 850 0 13
3109 667 0 14
3110 306 0 11
3111 7582 0 18
3112 883 0 16
3113 1916 0 6
3114 1026 0 183
3115 2891 0 45
3116 798 0 26
3117 2913 0 5
3118 719 0 7
3119 408 0 12
3120 429 0 52
3121 1892 0 12
3122 1551 0 10
3123 3690 0 7
3124 447 0 70
3125 3784 0 28
3126 3523 0 9
3127 670 0 7
3128 1657 0 617
3129 3262 0 37
3130 2429 0 11
3131 459 0 8
3132 1533 0 40
3133 1858 0 13
3134 365 0 12
3135 989 0 7
3136 1256 0 11
3137 3337 0 19
3138 1233 0 10
3139 1225 0 59
3140 2096 0 70
3141 1969 0 39
3142 919 0 7
3143 3228 0 10
3144 505 0 141
3145 1250 0 9
3146 197 0 13
3147 976 0 23
3148 2718 0 16
3149 1239 0 10
3150 548 0 8
3151 6738 0 42
3152 3798 0 110
3153 1037 0 10
3154 2333 0 22
3155 1960 0 38
3156 7309 0 83
3157 1141 0 8
3158 1046 0 34
3159 799 0 12
3160 633 0 10
3161 1425 0 10
3162 1391 0 11
3163 2877 0 90
3164 903 1 0
3165 4887 0 10
3166 251 0 9
3167 957 0 312
3168 1407 0 36
3169 1945 0 10
3170 1949 0 14
3171 870 0 11
3172 1052 0 81
3173 2817 0 16
3174 374 0 54
3175 1178 0 6
3176 3003 0 37
3177 1136 0 133
3178 215 0 10

14 1 1491
25
3179 1206 0 11
3180 1981 0 40
3181 416 0 42
3182 2992 0 10
3183 3374 0 11
3184 2719 0 146
3185 12403 0 10
3186 900 0 23
3187 1280 0 32
3188 7395 0 2
3189 1205 0 11
3190 3361 0 11
3191 1003 0 142
3192 1946 0 9
3193 492 0 40
3194 6244 0 81
3195 722 0 8
3196 1370 0 7
3197 222 0 7
3198 842 0 19
3199 1241 0 24
3200 1241 0 8
3201 1559 0 11
3202 705 0 11
3203 4691 0 29

15 1 1497
54
3204 1231 1 0
3205 503 0 12
3206 6955 0 11
3207 5139 0 38
3208 989 0 14
3209 562 0 8
3210 1935 0 72
3211 1036 0 12
3212 171 0 17
3213 1088 0 7
3214 1170 0 63
3215 464 0 24
3216 1134 0 14
3217 1488 0 70
3218 1537 0 38
3219 2062 0 9
3220 661 0 11
3221 1623 0 33
3222 1185 0 10
3223 1345 0 15
3224 813 0 30
3225 1152 0 135
3226 1954 1 20
3227 6497 0 38
3228 1082 0 12
3229 660 1 567
3230 705 0 50
3231 3170 0 27
3232 575 0 13
3233 16565 0 118
3234 2009 0 10
3235 2503 0 11
3236 5016 0 8
3237 2504 0 37
3238 2406 0 63
3239 3157 0 186
3240 1299 0 12
3241 786 0 10
3242 989 0 45
3243 989 0 37
3244 6250 0 40
3245 332 0 9
3246 1516 0 112
3247 538 0 255
3248 507 0 13
3249 417 0 13
3250 5147 0 38
3251 5115 0 37
3252 989 0 13
3253 990 0 53
3254 2096 0 12
3255 299 0 7
3256 3370 0 13
3257 586 0 11

16 0 1498
190
3258 2888 0 72
3259 196 0 11
3260 1415 0 11
3261 1049 0 9
3262 1719 0 97
3263 2712 0 7
3264 1384 0 361
3265 437 0 10
3266 1715 1 0
3267 950 0 18
3268 1362 0 27
3269 405 0 9
3270 2713 0 8
3271 6832 0 10
3272 432 0 9
3273 903 0 12
3274 3148 0 8
3275 2969 0 31
3276 446 0 42
3277 3827 0 33
3278 2810 0 7
3279 957 0 102
3280 1317 0 10
3281 882 0 11
3282 432 0 13
3283 2259 0 30
3284 3014 0 98
3285 7252 0 20
3286 9258 0 14
3287 5030 1 123
3288 635 0 10
3289 492 0 11
3290 7039 0 28
3291 970 0 32
3292 989 0 72
3293 2809 0 13
3294 6232 0 82
3295 385 0 11
3296 2406 0 21
3297 2393 0 9
3298 1920 0 9
3299 2795 0 29
3300 2279 0 9
3301 2877 0 9
3302 445 0 12
3303 2942 0 57
3304 1150 0 15
3305 759 0 14
3306 846 0 12
3307 2459 0 74
3308 566 0 6
3309 954 0 138
3310 1244 0 111
3311 451 1 21
3312 1949 0 29
3313 796 0 12
3314 8170 0 12
3315 2234 0 7
3316 2431 0 111
3317 370 0 12
3318 7791 0 13
3319 2602 0 13
3320 2380 0 52
3321 5118 0 18
3322 1939 0 13
3323 1516 0 9
3324 918 0 20
3325 2494 0 136
3326 181 0 9
3327 647 0 11
3328 3340 0 11
3329 354 0 40
3330 414 0 3
3331 426 1 16
3332 821 0 11
3333 14447 0 68
3334 1123 0 13
3335 900 0 12
3336 550 0 9
3337 7183 0 11
3338 12245 0 13
3339 3854 0 259
3340 855 1 16
3341 6749 0 29
3342 3517 0 11
3343 2237 0 10
3344 1410 0 28
3345 3287 0 10
3346 1284 0 33
3347 1986 0 11
3348 1161 0 7
3349 747 0 7
3350 291 0 224
3351 3180 0 43
3352 1184 0 12
3353 3403 0 136
3354 1261 0 11
3355 3330 0 46
3356 276 0 26
3357 737 0 11
3358 520 0 24
3359 2802 0 12
3360 2610 0 12
3361 3291 1 0
3362 737 0 264
3363 519 0 9
3364 5024 0 9
3365 5145 1 0
3366 932 0 10
3367 3458 0 21
3368 2321 0 40
3369 3281 0 10
3370 1409 0 134
3371 3236 0 17
3372 1198 0 37
3373 8894 0 10
3374 589 0 82
3375 2723 0 17
3376 442 0 36
3377 1986 0 11
3378 7048 0 49
3379 3176 0 12
3380 3714 0 70
3381 1823 0 28
3382 925 0 30
3383 1098 0 62
3384 1332 0 8
3385 2920 0 8
3386 6747 0 12
3387 2939 0 10
3388 1054 0 94
3389 2145 0 12
3390 1871 0 13
3391 1090 0 14
3392 657 0 77
3393 1208 0 9
3394 1823 0 13
3395 6155 0 106
3396 706 0 43
3397 434 0 48
3398 2303 0 8
3399 2727 0 31
3400 1430 0 14
3401 1533 0 28
3402 2005 0 13
3403 803 0 11
3404 635 0 9
3405 3193 0 7
3406 2692 0 37
3407 242 0 10
3408 1890 0 53
3409 1382 0 9
3410 1219 0 100
3411 738 0 12
3412 1538 0 78
3413 1939 0 11
3414 1236 0 13
3415 3174 0 138
3416 1980 0 9
3417 679 0 13
3418 498 0 29
3419 944 0 31
3420 2242 0 13
3421 710 0 121
3422 3767 0 16
3423 3257 0 11
3424 3147 0 28
3425 1295 0 135
3426 411 0 19
3427 188 0 10
3428 523 0 32
3429 371 0 6
3430 994 0 41
3431 1035 0 21
3432 277 0 13
3433 622 0 10
3434 519 0 8
3435 607 0 18
3436 7863 0 11
3437 1282 0 14
3438 3288 0 24
3439 1868 0 11
3440 1125 0 9
3441 252 0 9
3442 859 0 46
3443 933 0 8
3444 2209 1 26
3445 1183 0 31
3446 7311 0 11
3447 431 0 14

17 1 138474
51
3448 1405 0 31
3449 5067 0 53
3450 1757 0 77
3451 580 0 10
3452 1396 0 76
3453 729 0 83
3454 2562 0 13
3455 593 0 7
3456 1974 0 18
3457 252 1 26
3458 234 0 17
3459 1879 0 42
3460 741 0 7
3461 2095 0 224
3462 1504 0 6
3463 434 0 71
3464 7301 0 48
3465 1114 0 73
3466 193 0 32
3467 1380 0 140
3468 1419 0 12
3469 3377 0 99
3470 2366 0 263
3471 6730 0 11
3472 1357 0 21
3473 1165 0 9
3474 1071 0 8
3475 1043 0 10
3476 1909 0 11
3477 1107 0 12
3478 7746 0 171
3479 586 0 343
3480 9315 1 114
3481 999 0 143
3482 1807 0 14
3483 1068 0 103
3484 871 0 63
3485 1032 0 76
3486 2646 0 70
3487 732 0 10
3488 729 0 13
3489 782 0 17
3490 11 0 73
3491 2619 0 34
3492 918 0 10
3493 737 0 131
3494 5006 0 11
3495 3281 0 9
3496 13918 0 37
3497 704 1 0
3498 2167 0 134

18 1 300799
11
3499 1195 0 28
3500 1369 0 13
3501 2288 0 253
3502 679 0 11
3503 836 0 25
3504 998 0 14
3505 3164 0 28
3506 1940 0 10
3507 2016 0 16
3508 1893 0 10
3509 999 1 1

19 1 420977
176
3510 2202 0 40
3511 1978 0 12
3512 2028 0 36
3513 1067 0 29
3514 538 0 100
3515 622 0 12
3516 1097 0 11
3517 1971 0 33
3518 181 0 43
3519 1566 0 41
3520 3558 0 8
3521 1514 0 41
3522 366 0 8
3523 1352 0 38
3524 615 0 28
3525 3248 0 37
3526 2388 0 12
3527 914 0 10
3528 7285 0 150
3529 13010 0 13
3530 685 0 84
3531 1740 0 41
3532 68 0 218
3533 1107 0 107
3534 2863 0 12
3535 849 0 7
3536 7387 0 9
3537 569 0 34
3538 1969 0 9
3539 171 0 11
3540 1507 0 12
3541 8496 0 101
3542 1217 0 129
3543 780 0 8
3544 2425 0 11
3545 2266 0 90
3546 3328 0 14
3547 855 0 9
3548 1394 0 12
3549 870 0 12
3550 3200 0 17
3551 3311 0 10
3552 3237 1 25
3553 630 0 11
3554 5011 0 11
3555 925 0 12
3556 508 0 11
3557 878 0 11
3558 1665 0 9
3559 5938 0 159
3560 11791 0 66
3561 913 0 12
3562 1518 0 51
3563 7384 0 13
3564 2931 0 17
3565 517 0 32
3566 1904 0 278
3567 708 0 35
3568 12901 0 7
3569 944 0 264
3570 5027 0 27
3571 7038 0 11
3572 2210 0 12
3573 648 0 227
3574 1366 0 42
3575 3329 0 10
3576 3377 0 10
3577 1685 0 28
3578 12807 0 9
3579 2583 0 29
3580 1317 0 46
3581 170 0 70
3582 2540 1 0
3583 3728 0 11
3584 522 1 1
3585 2810 0 10
3586 1133 0 83
3587 6911 0 17
3588 6372 0 136
3589 908 0 67
3590 1138 0 25
3591 5056 0 28
3592 14374 0 9
3593 1898 0 9
3594 868 0 11
3595 598 0 104
3596 1935 0 48
3597 6158 0 14
3598 1954 0 231
3599 11791 0 10
3600 6153 0 18
3601 1282 0 7
3602 2946 0 214
3603 275 0 11
3604 989 0 129
3605 967 0 18
3606 1845 0 10
3607 3557 0 7
3608 655 0 78
3609 897 0 7
3610 1938 0 11
3611 2541 0 12
3612 12882 1 0
3613 833 0 18
3614 13554 0 9
3615 2933 0 162
3616 1100 0 10
3617 1204 0 10
3618 2258 0 27
3619 931 0 7
3620 1264 0 14
3621 2426 0 9
3622 1248 0 82
3623 181 0 40
3624 1229 0 10
3625 1946 0 16
3626 1079 0 12
3627 685 0 42
3628 2528 0 8
3629 770 0 13
3630 3089 0 63
3631 1055 0 12
3632 1138 0 11
3633 2019 0 24
3634 3194 0 8
3635 1956 0 33
3636 303 0 11
3637 482 0 50
3638 1140 0 91
3639 1094 0 10
3640 872 0 13
3641 2657 0 42
3642 6560 1 0
3643 185 0 12
3644 3369 0 179
3645 1683 0 99
3646 844 0 21
3647 1076 0 176
3648 12551 0 10
3649 875 0 128
3650 1197 0 60
3651 10018 0 8
3652 563 0 38
3653 9488 0 10
3654 1209 0 13
3655 1035 0 98
3656 702 0 39
3657 394 0 12
3658 417 1 0
3659 1022 0 7
3660 175 0 18
3661 5078 0 72
3662 2415 0 16
3663 1516 0 11
3664 989 0 8
3665 2396 0 11
3666 7686 0 73
3667 1186 1 400
3668 3175 0 100
3669 671 0 11
3670 1552 0 29
3671 673 0 11
3672 644 0 27
3673 6846 0 207
3674 826 0 11
3675 861 0 9
3676 1656 0 72
3677 6597 0 9
3678 2920 0 6
3679 6952 0 155
3680 2114 0 8
3681 1530 0 8
3682 1431 0 8
3683 2755 0 14
3684 549 0 23
3685 965 0 19

