10

0 1 244
20
0 1101 0 11
1 2944 0 50
2 1946 0 214
3 1160 0 9
4 181 0 114
5 2386 0 12
6 1261 0 25
7 1510 0 41
8 5094 0 84
9 2933 0 9
10 17485 0 13
11 787 0 9
12 823 1 276
13 591 0 8
14 1029 0 11
15 841 0 22
16 252 0 105
17 950 0 111
18 4386 0 48
19 203 0 11

1 0 254
8
20 1108 0 14
21 6951 0 29
22 1358 0 30
23 1916 0 10
24 906 0 13
25 411 0 9
26 307 1 31
27 2856 0 29

2 0 510
1
28 1484 0 8

3 1 512
123
29 192 0 14
30 1052 0 11
31 1954 0 77
32 680 0 11
33 582 0 12
34 1099 0 9
35 522 0 85
36 1659 0 18
37 1413 0 11
38 8907 0 24
39 1845 1 100
40 181 0 40
41 422 0 28
42 2352 0 11
43 480 0 31
44 1393 0 15
45 1133 0 30
46 8829 0 9
47 1195 0 11
48 1091 1 0
49 1232 0 8
50 823 0 16
51 2243 0 13
52 2489 0 108
53 1096 0 24
54 2489 0 9
55 2749 0 3
56 1508 0 13
57 1324 0 38
58 2300 0 9
59 16254 0 16
60 848 0 11
61 1972 0 10
62 1948 0 11
63 1192 0 10
64 6226 0 12
65 2511 0 38
66 5001 0 17
67 2588 0 98
68 453 0 13
69 1494 0 24
70 1986 0 9
71 7050 0 97
72 1337 0 162
73 4 1 27
74 2633 0 164
75 270 0 13
76 1398 0 68
77 2294 0 13
78 678 0 49
79 982 0 33
80 803 0 140
81 901 0 12
82 1004 0 12
83 2342 0 97
84 1047 0 174
85 584 0 19
86 1123 0 8
87 828 0 10
88 1107 0 11
89 3474 0 68
90 199 0 10
91 1828 1 0
92 417 0 17
93 781 0 180
94 1958 0 152
95 1980 0 8
96 7701 0 25
97 1545 0 16
98 1263 0 12
99 176 0 133
100 477 0 43
101 6486 1 396
102 1019 0 8
103 752 0 44
104 914 0 10
105 2893 0 8
106 989 0 81
107 2938 0 29
108 2696 0 48
109 2385 0 10
110 841 0 13
111 884 0 23
112 1320 0 55
113 1759 0 10
114 5005 0 13
115 565 0 22
116 3184 0 154
117 1950 0 67
118 1191 0 6
119 2290 0 17
120 249 1 0
121 5054 0 146
122 3151 0 11
123 1336 0 35
124 616 0 24
125 175 0 12
126 1894 0 95
127 1956 0 6
128 688 0 34
129 439 0 19
130 3233 0 155
131 510 0 50
132 2266 0 8
133 1220 0 112
134 1324 0 34
135 1247 1 0
136 1546 0 372
137 3213 0 9
138 7794 0 10
139 1839 1 16
140 2923 0 10
141 468 0 13
142 510 0 13
143 551 0 9
144 1983 1 62
145 1260 0 17
146 1502 0 36
147 321 0 34
148 1392 0 13
149 693 0 14
150 547 0 81
151 1157 0 12

4 1 665
52
152 1052 0 11
153 1474 0 204
154 550 0 66
155 2915 0 71
156 2955 0 10
157 989 0 15
158 2191 0 14
159 1307 0 13
160 1412 0 39
161 6532 0 12
162 642 0 23
163 1243 0 13
164 1230 0 11
165 8547 0 9
166 1527 0 14
167 3669 0 36
168 727 0 129
169 1040 0 9
170 1989 0 201
171 2282 0 11
172 9501 0 11
173 3174 0 77
174 2939 0 14
175 1092 0 23
176 990 0 12
177 1514 0 11
178 5065 0 8
179 1424 0 19
180 814 1 11
181 838 0 113
182 1401 0 387
183 1304 0 146
184 314 0 37
185 855 0 9
186 11488 0 60
187 3378 0 18
188 205 0 18
189 1714 0 29
190 2015 0 173
191 4093 0 33
192 1419 0 98
193 1562 0 11
194 2900 0 9
195 1968 1 0
196 8617 0 38
197 2283 0 87
198 2925 0 78
199 14676 0 14
200 2800 0 17
201 525 0 7
202 1068 0 107
203 555 0 27

5 1 697
10
204 795 0 8
205 1001 0 38
206 520 0 103
207 1160 0 12
208 407 0 818
209 13109 0 11
210 98 0 11
211 1099 0 217
212 1167 1 0
213 1035 0 98

6 0 701
54
214 1648 0 17
215 1103 0 9
216 2310 0 107
217 3200 0 13
218 1211 0 28
219 437 0 71
220 1318 1 10
221 1358 0 11
222 410 0 150
223 7740 0 131
224 267 0 46
225 371 0 11
226 282 0 11
227 3186 0 8
228 2416 0 101
229 2795 0 63
230 2802 1 152
231 1207 0 7
232 1310 0 11
233 363 0 23
234 931 0 16
235 5107 0 12
236 2940 0 94
237 1119 0 62
238 3214 0 59
239 3287 0 59
240 1424 0 13
241 3290 0 9
242 1965 0 194
243 613 0 24
244 3924 0 8
245 2489 0 163
246 638 0 79
247 3278 0 57
248 219 0 7
249 6520 0 10
250 485 0 21
251 1701 0 69
252 9575 0 8
253 3355 0 11
254 391 0 128
255 2191 0 8
256 1335 0 26
257 1363 0 102
258 227 0 39
259 701 0 154
260 3233 0 17
261 3181 0 13
262 1533 0 14
263 839 0 10
264 1866 0 14
265 3417 0 73
266 1250 0 24
267 3284 0 10

7 1 702
117
268 444 1 0
269 860 0 8
270 1659 0 7
271 2511 0 9
272 1316 0 12
273 1627 0 9
274 645 0 8
275 837 0 7
276 472 0 9
277 1487 0 27
278 794 0 95
279 445 0 175
280 598 0 9
281 2933 0 9
282 1213 0 38
283 1788 0 23
284 6802 0 24
285 11202 0 158
286 1942 0 44
287 1636 0 8
288 707 0 27
289 1236 0 178
290 3927 0 6
291 2930 0 12
292 3094 0 20
293 507 0 19
294 2903 0 9
295 335 0 170
296 1261 0 27
297 899 0 175
298 2019 0 15
299 1750 0 9
300 3194 0 15
301 1316 0 14
302 1923 0 12
303 389 0 8
304 5122 0 13
305 144 0 96
306 581 0 10
307 8907 0 90
308 11795 1 27
309 2115 0 9
310 1516 0 22
311 931 0 103
312 3618 0 2
313 6000 0 96
314 5008 0 108
315 2398 0 13
316 3321 0 3
317 206 0 11
318 1209 0 11
319 1262 0 7
320 1394 0 9
321 1738 0 8
322 1526 0 43
323 1951 0 36
324 180 1 0
325 7501 0 10
326 335 0 12
327 1212 0 5
328 5116 0 27
329 1342 0 8
330 5101 0 11
331 5133 0 10
332 1866 0 10
333 753 0 41
334 952 0 49
335 1241 0 146
336 957 0 46
337 532 0 17
338 1648 0 12
339 1411 0 29
340 3553 0 12
341 1235 0 13
342 133 0 5
343 2935 0 9
344 1404 0 19
345 5025 0 13
346 6247 0 8
347 1029 1 242
348 3018 0 114
349 2919 0 78
350 3318 0 11
351 7049 0 144
352 968 0 10
353 1630 0 66
354 7 0 10
355 870 0 61
356 1944 0 13
357 2233 0 11
358 1219 0 209
359 12894 0 34
360 1167 0 18
361 492 0 8
362 563 0 9
363 3296 0 60
364 6233 0 16
365 1937 0 10
366 1504 0 17
367 1193 0 15
368 1320 0 9
369 3285 0 8
370 1184 0 68
371 2123 0 68
372 7569 0 11
373 7757 0 7
374 500 0 154
375 3355 0 35
376 812 0 57
377 1044 0 20
378 1948 0 11
379 600 0 13
380 3595 0 16
381 1127 0 16
382 480 0 9
383 641 0 8
384 427 0 8

8 0 712
9
385 225 0 51
386 441 0 133
387 2114 0 97
388 1969 0 66
389 1134 0 143
390 2000 0 11
391 1210 0 18
392 816 0 73
393 655 0 72

9 1 713
26
394 304 0 8
395 784 1 77
396 2338 0 143
397 2401 0 11
398 681 0 27
399 416 1 20
400 2725 0 28
401 808 0 13
402 1246 0 399
403 1056 0 11
404 1862 0 10
405 544 0 146
406 1657 0 9
407 196 0 12
408 3644 0 42
409 1943 0 9
410 940 0 85
411 1420 0 9
412 676 0 9
413 1807 0 13
414 1115 0 76
415 599 0 52
416 3372 0 11
417 663 0 65
418 1914 0 11
419 2603 0 17

