40

0 0 290
23
0 2872 0 22
1 790 0 13
2 3342 0 9
3 1443 0 7
4 1259 0 12
5 311 0 52
6 2134 0 160
7 887 0 71
8 1116 0 30
9 10831 0 100
10 2930 0 8
11 9317 0 11
12 657 0 17
13 563 0 8
14 1513 0 42
15 6156 0 8
16 11794 0 11
17 478 0 14
18 3469 0 8
19 2370 1 0
20 737 0 11
21 1924 0 50
22 3461 0 8

1 1 682
173
23 744 0 37
24 5760 0 11
25 695 0 8
26 705 0 43
27 1531 0 24
28 1323 0 14
29 287 0 38
30 2806 0 47
31 1745 0 65
32 1018 0 39
33 2489 0 32
34 826 0 48
35 1529 0 11
36 752 0 95
37 1427 0 11
38 1420 0 11
39 553 0 11
40 1408 0 11
41 883 0 142
42 1513 0 70
43 814 0 389
44 889 0 12
45 6730 0 53
46 2903 1 121
47 9254 0 10
48 1339 0 13
49 1978 1 28
50 12203 1 0
51 2862 0 96
52 459 0 7
53 13546 0 10
54 1513 0 17
55 2284 0 150
56 375 0 57
57 196 0 10
58 119 0 7
59 290 0 62
60 679 0 26
61 183 0 145
62 2873 0 7
63 1394 0 8
64 899 0 11
65 697 0 30
66 1145 0 11
67 1427 0 8
68 757 0 15
69 259 0 10
70 2806 0 44
71 3377 0 10
72 619 0 11
73 1526 0 10
74 721 0 7
75 2238 0 7
76 1598 0 10
77 3405 0 31
78 642 0 10
79 989 0 13
80 1985 0 79
81 1179 0 9
82 3696 0 9
83 1142 0 13
84 204 0 178
85 1189 0 130
86 1961 0 9
87 1135 0 37
88 2429 0 7
89 247 0 99
90 12649 0 13
91 14370 0 10
92 989 0 29
93 195 0 13
94 2361 0 11
95 855 1 0
96 853 0 29
97 3938 0 27
98 3178 0 6
99 1865 0 7
100 7321 0 8
101 1957 0 75
102 985 0 23
103 508 0 11
104 913 0 13
105 2902 0 13
106 1910 0 12
107 5124 0 155
108 2516 0 11
109 657 0 10
110 7322 0 18
111 576 0 182
112 3243 0 32
113 146 0 76
114 1221 0 19
115 3366 0 68
116 4993 0 98
117 882 0 158
118 5024 0 83
119 2304 0 76
120 1868 0 14
121 968 0 10
122 459 0 59
123 637 0 9
124 1121 0 8
125 469 0 9
126 3376 0 78
127 2606 0 47
128 549 0 69
129 1244 0 17
130 1221 0 82
131 2797 0 7
132 1526 0 77
133 1372 0 38
134 2076 1 27
135 1031 0 15
136 891 0 10
137 1060 0 40
138 836 0 12
139 912 0 158
140 936 0 11
141 1409 0 41
142 315 0 51
143 2410 0 136
144 1513 0 7
145 945 0 7
146 547 0 11
147 1186 0 9
148 1944 0 14
149 3062 1 19
150 295 0 39
151 1389 0 103
152 1538 0 12
153 1016 0 163
154 101 0 66
155 1839 0 73
156 3079 0 8
157 1372 0 37
158 3375 0 36
159 1008 0 172
160 606 0 29
161 7474 0 338
162 1314 0 7
163 1532 0 10
164 7402 0 9
165 367 0 135
166 17472 0 46
167 532 0 8
168 100 0 14
169 7387 0 12
170 950 0 24
171 1387 0 37
172 7493 0 30
173 1518 0 98
174 3373 0 26
175 444 0 10
176 1933 0 102
177 1282 0 31
178 2314 0 13
179 1719 0 142
180 1704 0 73
181 308 0 7
182 833 0 10
183 989 0 16
184 1965 0 23
185 1984 0 154
186 1272 0 9
187 7918 0 68
188 2821 0 7
189 6107 0 19
190 2378 0 10
191 759 0 37
192 1416 0 76
193 611 0 11
194 2664 0 45
195 388 1 28

2 1 1006
6
196 1230 0 11
197 3513 0 12
198 2831 0 14
199 833 0 7
200 1179 0 11
201 1309 0 53

3 1 1440
41
202 2353 0 12
203 2899 0 11
204 598 0 51
205 1383 0 48
206 1172 0 7
207 1075 0 10
208 1818 1 0
209 754 1 91
210 722 0 12
211 1005 1 0
212 408 0 10
213 6455 0 13
214 989 0 54
215 2886 0 9
216 1958 0 43
217 996 0 18
218 1528 0 12
219 3368 1 0
220 1912 0 16
221 536 0 20
222 13593 0 57
223 2060 0 8
224 2566 1 718
225 782 0 18
226 917 0 8
227 1592 0 166
228 1245 0 11
229 3162 0 24
230 13016 0 10
231 1140 0 11
232 496 0 44
233 862 0 13
234 974 0 19
235 1314 0 14
236 8907 0 21
237 165 0 10
238 524 0 11
239 988 0 10
240 3378 0 70
241 7050 0 8
242 1385 0 9

4 1 1478
25
243 655 0 85
244 904 0 8
245 660 0 8
246 121 0 14
247 874 1 516
248 1099 0 27
249 1424 0 11
250 1858 0 37
251 1769 0 25
252 3198 0 19
253 2192 0 18
254 733 0 127
255 927 0 108
256 712 0 128
257 469 0 33
258 6495 0 8
259 950 0 9
260 863 0 15
261 1379 0 77
262 1948 0 67
263 1247 0 26
264 2109 0 12
265 4468 0 30
266 953 0 40
267 291 0 20

5 1 1498
5
268 1884 0 9
269 1952 0 24
270 856 0 29
271 1776 0 27
272 775 0 8

6 1 1805
54
273 1337 0 10
274 1233 0 10
275 1230 0 23
276 868 0 11
277 239 0 22
278 1023 0 12
279 1084 0 26
280 5097 0 12
281 236 0 11
282 3539 0 11
283 1159 0 28
284 5056 0 11
285 221 0 11
286 3207 0 12
287 5148 0 17
288 737 0 11
289 1567 0 7
290 472 0 25
291 1535 0 172
292 8624 0 74
293 1367 0 12
294 1164 0 8
295 6154 0 8
296 674 1 17
297 1671 0 9
298 521 0 9
299 1528 0 50
300 2036 0 2
301 744 0 142
302 3181 0 11
303 1201 0 70
304 3375 0 118
305 657 0 105
306 7909 0 13
307 889 0 130
308 441 0 38
309 1177 0 102
310 770 0 13
311 1264 0 54
312 483 1 0
313 551 0 75
314 1529 0 9
315 1381 0 49
316 1151 0 13
317 1637 0 36
318 5031 0 255
319 7032 0 10
320 578 0 3
321 2775 0 8
322 2828 0 30
323 789 0 18
324 185 1 0
325 1426 0 11
326 1132 0 42

7 1 1831
6
327 2313 0 13
328 819 0 8
329 1230 0 15
330 1942 0 17
331 2795 0 126
332 9982 0 206

8 1 1840
1
333 7683 0 41

9 1 1843
6
334 680 0 8
335 835 0 12
336 979 0 79
337 480 1 16
338 2930 0 143
339 1756 0 13

10 1 1871
1058
340 5586 0 22
341 2008 0 13
342 2847 0 145
343 2571 0 36
344 968 0 18
345 1169 0 29
346 330 0 30
347 1228 0 149
348 6027 0 307
349 7594 0 10
350 2702 0 62
351 1218 0 78
352 1505 0 18
353 1021 0 21
354 949 0 14
355 1846 0 42
356 1265 0 8
357 3372 0 27
358 7898 0 70
359 996 0 10
360 6214 0 13
361 2818 0 10
362 2421 0 10
363 1326 0 17
364 406 0 11
365 428 0 8
366 392 0 10
367 1416 0 11
368 2959 0 9
369 1985 0 157
370 1971 0 19
371 1321 0 94
372 1411 1 109
373 665 0 72
374 437 0 9
375 7386 0 12
376 1960 0 30
377 287 0 46
378 299 0 10
379 25 1 123
380 1766 0 8
381 7581 0 210
382 1506 0 30
383 1094 0 12
384 1458 0 9
385 3305 0 34
386 2833 0 14
387 1165 0 11
388 2502 0 53
389 579 0 78
390 822 0 39
391 510 0 9
392 1304 0 13
393 1355 0 32
394 856 0 72
395 12711 1 0
396 8714 0 12
397 1617 0 69
398 6188 0 27
399 2593 0 8
400 268 0 19
401 6364 0 69
402 3184 0 9
403 935 0 28
404 1153 0 17
405 2104 1 6
406 2196 0 10
407 1410 0 40
408 7032 0 10
409 1230 0 179
410 1692 0 9
411 1518 0 153
412 1776 0 8
413 888 0 15
414 1172 0 97
415 3174 0 7
416 519 0 10
417 513 0 14
418 1778 0 133
419 6897 0 8
420 1143 0 47
421 806 0 28
422 1056 0 28
423 1149 0 14
424 717 0 11
425 1334 0 12
426 2734 0 11
427 3329 0 11
428 181 0 11
429 434 0 33
430 1942 1 22
431 2536 0 24
432 431 0 12
433 629 1 16
434 1620 0 13
435 2455 0 67
436 1198 0 13
437 560 0 22
438 925 0 37
439 437 1 0
440 1260 0 6
441 1971 0 8
442 1415 0 24
443 2407 0 25
444 1045 0 23
445 783 0 11
446 1605 1 81
447 1167 0 10
448 1394 0 12
449 6742 0 208
450 3159 0 7
451 314 0 3
452 5017 0 79
453 7704 0 130
454 2340 0 8
455 28 0 11
456 997 0 27
457 779 0 13
458 448 0 9
459 2812 0 101
460 6193 0 28
461 3151 0 13
462 683 0 12
463 736 0 13
464 1219 0 10
465 672 0 38
466 2737 0 42
467 3191 0 14
468 198 0 11
469 671 0 64
470 885 0 7
471 2860 0 11
472 1283 0 7
473 8839 0 126
474 507 0 12
475 530 0 10
476 1049 0 10
477 181 0 11
478 647 1 0
479 713 0 33
480 424 0 41
481 317 0 6
482 1170 0 8
483 571 0 2
484 1146 0 49
485 2046 0 13
486 1790 0 86
487 736 0 30
488 1827 0 93
489 347 0 92
490 6150 0 142
491 716 0 9
492 244 0 13
493 785 0 21
494 2165 0 2
495 2906 0 9
496 726 0 67
497 2461 0 8
498 984 0 10
499 14445 0 9
500 554 0 13
501 433 1 0
502 1685 0 9
503 1777 1 0
504 989 0 50
505 2218 0 19
506 1616 0 129
507 1114 0 9
508 963 0 23
509 796 0 17
510 14562 0 10
511 1043 0 7
512 3209 0 21
513 1471 0 14
514 3468 0 11
515 5043 0 43
516 189 0 124
517 2844 0 11
518 7389 0 12
519 891 0 32
520 163 0 11
521 249 0 35
522 2862 1 0
523 1381 0 42
524 535 0 11
525 1282 0 10
526 1104 0 7
527 1528 0 25
528 9310 0 16
529 8915 0 14
530 5856 0 11
531 536 1 18
532 226 0 9
533 1504 0 67
534 726 1 0
535 480 0 11
536 465 0 25
537 3512 0 11
538 1507 0 17
539 1153 0 43
540 1991 0 35
541 1971 0 201
542 970 0 9
543 1766 0 12
544 840 0 12
545 4089 0 9
546 5023 0 67
547 550 0 281
548 936 0 11
549 5093 0 17
550 1518 0 10
551 1340 0 48
552 1264 1 477
553 801 0 12
554 264 0 186
555 344 0 11
556 1987 0 10
557 710 0 13
558 7846 0 9
559 773 0 74
560 1898 0 7
561 775 0 12
562 12457 0 13
563 738 0 7
564 678 0 49
565 1126 0 7
566 1220 0 12
567 599 0 11
568 899 0 10
569 605 0 10
570 236 0 8
571 1087 0 73
572 420 0 16
573 12439 0 9
574 1287 0 9
575 1411 0 27
576 3161 0 9
577 103 0 17
578 1530 0 7
579 1256 0 14
580 1649 0 39
581 1430 0 137
582 995 0 20
583 1910 0 10
584 1038 1 0
585 2786 0 14
586 668 0 618
587 1372 0 13
588 376 0 83
589 3202 0 57
590 1478 0 11
591 1809 0 11
592 1840 0 161
593 586 0 10
594 3340 0 14
595 989 0 77
596 168 0 11
597 986 0 11
598 1593 0 17
599 974 0 74
600 535 0 14
601 1738 0 39
602 1806 0 9
603 1309 0 32
604 1012 0 16
605 547 0 11
606 7473 0 215
607 1230 0 10
608 1004 0 13
609 1069 0 11
610 2015 1 20
611 1022 0 10
612 947 0 12
613 6744 1 400
614 1880 0 39
615 810 0 14
616 1513 0 18
617 757 0 17
618 595 0 78
619 2877 0 97
620 3244 0 7
621 733 0 12
622 1158 0 47
623 1511 0 9
624 1068 1 81
625 623 0 107
626 5015 0 68
627 728 0 10
628 840 0 76
629 1866 0 13
630 1641 0 179
631 555 0 98
632 309 0 7
633 2655 1 0
634 691 0 119
635 5035 0 36
636 1268 0 8
637 1052 0 63
638 1934 0 8
639 2419 0 9
640 824 0 11
641 9752 0 29
642 3586 0 31
643 2393 0 9
644 8199 0 38
645 571 0 12
646 732 0 9
647 1355 0 13
648 7706 0 8
649 640 0 17
650 1159 1 20
651 1991 0 39
652 406 1 22
653 581 0 58
654 1422 0 8
655 1426 0 49
656 3360 0 8
657 422 0 189
658 5026 0 17
659 4036 0 13
660 1516 0 19
661 222 0 169
662 1779 0 22
663 1807 0 37
664 1808 0 10
665 3311 0 72
666 1037 1 379
667 2147 0 7
668 1550 0 12
669 1988 0 16
670 2897 0 11
671 1044 0 32
672 2431 1 782
673 2242 0 15
674 654 0 11
675 2308 0 6
676 972 0 19
677 767 1 83
678 788 0 8
679 1312 0 112
680 1231 0 7
681 2759 0 18
682 171 0 12
683 12847 0 11
684 2371 0 10
685 757 0 10
686 828 0 43
687 3913 0 15
688 2863 1 21
689 1309 0 11
690 672 0 8
691 3160 0 8
692 5131 0 8
693 3402 0 9
694 6361 0 11
695 4115 0 105
696 782 0 17
697 391 0 14
698 1350 0 52
699 788 0 8
700 299 0 12
701 1381 0 29
702 715 0 6
703 6962 0 20
704 579 0 22
705 1256 0 10
706 1083 0 11
707 1371 0 13
708 13055 0 16
709 2141 1 46
710 861 0 23
711 1326 0 109
712 478 0 24
713 955 0 10
714 686 0 12
715 1210 0 14
716 2934 0 8
717 1274 0 7
718 12783 0 37
719 193 0 106
720 2109 0 12
721 562 0 50
722 700 0 17
723 434 0 125
724 1159 0 11
725 7585 0 52
726 1165 0 95
727 16232 0 13
728 1512 0 41
729 1674 0 41
730 731 0 84
731 823 0 217
732 2687 0 11
733 1968 0 12
734 1978 0 35
735 989 0 10
736 902 0 82
737 765 0 10
738 989 0 8
739 331 0 104
740 1083 0 9
741 8 0 36
742 337 0 59
743 927 0 33
744 14459 0 13
745 1950 0 16
746 1919 0 8
747 1325 0 12
748 3225 0 8
749 1070 0 35
750 1270 0 11
751 7738 0 8
752 2910 0 98
753 1513 1 558
754 915 1 0
755 6519 0 79
756 3347 0 82
757 259 0 54
758 1135 0 86
759 349 0 20
760 169 0 10
761 1339 0 68
762 3248 0 29
763 3660 0 40
764 1314 0 40
765 471 0 75
766 1020 0 18
767 1070 0 51
768 489 0 49
769 316 0 161
770 863 0 390
771 1970 0 39
772 2618 0 13
773 1193 0 81
774 1429 0 8
775 599 0 168
776 1328 0 13
777 7816 0 8
778 3246 0 144
779 5048 0 10
780 759 0 11
781 1066 0 19
782 1675 0 14
783 526 0 34
784 1545 0 10
785 930 0 15
786 12506 0 133
787 10 0 11
788 1604 0 36
789 2902 0 27
790 611 0 32
791 11794 0 13
792 3422 0 13
793 494 0 13
794 1374 0 10
795 695 1 46
796 1005 0 125
797 557 0 90
798 3143 0 12
799 3009 0 21
800 2820 0 57
801 613 0 8
802 7387 0 8
803 1072 0 7
804 1985 0 72
805 2606 0 71
806 1109 0 13
807 1223 0 11
808 1408 0 11
809 31 0 8
810 275 0 10
811 863 0 14
812 1526 0 36
813 13018 0 7
814 976 0 27
815 605 0 10
816 3705 0 14
817 3376 0 21
818 989 0 17
819 1299 0 12
820 3330 0 12
821 2415 0 13
822 2606 0 56
823 901 0 11
824 2222 0 181
825 989 0 11
826 1614 0 24
827 3378 0 9
828 5073 0 18
829 417 0 15
830 2815 0 10
831 3235 0 163
832 5153 0 17
833 2750 0 11
834 826 0 12
835 1318 0 8
836 647 0 71
837 376 0 18
838 1290 0 56
839 2888 0 11
840 470 0 137
841 2846 0 8
842 911 0 9
843 21 0 13
844 11946 0 23
845 1504 0 19
846 354 0 31
847 6951 0 13
848 1406 0 24
849 1022 0 6
850 411 0 10
851 194 0 72
852 1941 0 314
853 1962 0 10
854 772 0 68
855 248 0 8
856 8829 0 11
857 2932 0 131
858 740 0 63
859 1946 0 29
860 1518 0 27
861 699 0 9
862 17650 0 7
863 977 0 63
864 1320 0 11
865 897 0 8
866 5612 1 136
867 179 0 109
868 978 0 6
869 3372 0 10
870 1267 0 8
871 1307 1 165
872 503 0 22
873 3356 0 10
874 6956 0 9
875 815 0 88
876 3401 0 9
877 567 0 76
878 640 0 34
879 6952 0 24
880 1091 0 326
881 12695 0 70
882 1638 0 38
883 1047 0 21
884 666 0 7
885 511 0 9
886 3379 0 12
887 683 0 68
888 567 0 31
889 1363 0 23
890 243 0 19
891 6508 0 42
892 1360 0 7
893 526 0 42
894 2212 0 9
895 964 1 73
896 1099 0 36
897 2888 0 60
898 942 0 12
899 5155 0 11
900 1332 0 33
901 852 0 108
902 3348 0 22
903 2170 0 40
904 1312 0 28
905 981 0 11
906 1516 0 22
907 1605 0 130
908 2843 0 7
909 1322 0 22
910 507 0 25
911 1284 0 118
912 6846 0 16
913 1932 1 34
914 1055 0 19
915 2872 0 7
916 2534 0 10
917 906 0 9
918 1800 0 73
919 795 0 8
920 1537 0 13
921 2890 0 77
922 5044 0 6
923 855 0 8
924 200 0 7
925 5192 0 42
926 438 0 17
927 1038 0 11
928 1548 0 12
929 4140 0 14
930 2800 0 32
931 7013 0 7
932 156 0 32
933 2544 0 19
934 7499 0 41
935 874 0 73
936 1431 0 33
937 6914 0 74
938 1730 0 12
939 726 0 12
940 1366 0 37
941 2905 0 253
942 1251 0 13
943 2760 0 10
944 1021 1 0
945 929 0 256
946 6167 0 6
947 1095 1 102
948 486 0 12
949 991 0 8
950 558 0 6
951 927 0 109
952 912 0 9
953 168 0 13
954 12367 0 10
955 1397 0 16
956 1641 0 8
957 989 0 28
958 405 0 41
959 1129 0 9
960 1007 0 9
961 585 0 11
962 1214 0 15
963 2918 0 13
964 1156 0 9
965 1259 0 26
966 3014 0 67
967 1006 0 10
968 12781 1 0
969 1223 0 10
970 381 0 34
971 790 0 12
972 681 0 11
973 1231 0 12
974 1984 0 180
975 1900 0 9
976 1039 0 243
977 2807 0 10
978 1971 0 7
979 328 0 19
980 1192 0 34
981 6730 0 53
982 1410 0 15
983 882 0 13
984 2597 0 12
985 259 0 18
986 3482 0 11
987 1219 0 243
988 544 0 10
989 1066 0 107
990 1685 0 32
991 622 0 9
992 1122 0 12
993 507 0 8
994 6959 0 59
995 2825 0 11
996 1969 0 51
997 12565 0 8
998 1262 0 71
999 3484 0 11
1000 1906 0 10
1001 1944 0 73
1002 7939 0 26
1003 963 0 53
1004 1690 0 12
1005 3706 0 10
1006 1513 0 8
1007 1079 0 6
1008 781 0 12
1009 3167 0 616
1010 5071 0 13
1011 715 0 68
1012 14785 0 26
1013 14375 0 7
1014 845 0 10
1015 2015 0 13
1016 3345 0 17
1017 996 0 10
1018 586 0 343
1019 1031 0 12
1020 989 0 6
1021 1452 0 14
1022 3205 0 17
1023 1198 0 35
1024 1513 0 11
1025 3245 0 11
1026 1203 0 7
1027 2989 0 129
1028 3379 0 35
1029 2378 0 8
1030 862 0 22
1031 1057 0 7
1032 5138 0 11
1033 17479 0 66
1034 204 0 45
1035 940 0 174
1036 872 0 128
1037 590 0 6
1038 2477 0 29
1039 1130 0 17
1040 672 0 11
1041 1083 1 17
1042 3249 0 41
1043 2813 0 10
1044 4728 0 22
1045 6746 1 116
1046 2586 0 12
1047 1172 0 7
1048 991 0 9
1049 849 0 9
1050 1824 0 6
1051 463 0 13
1052 1283 0 89
1053 1290 0 103
1054 5107 0 9
1055 657 0 9
1056 610 0 9
1057 1850 0 29
1058 1507 0 59
1059 3209 0 15
1060 7409 0 11
1061 378 0 13
1062 5041 0 10
1063 921 0 11
1064 767 0 10
1065 253 0 9
1066 1269 0 23
1067 12690 0 109
1068 845 0 12
1069 5072 0 84
1070 568 0 12
1071 1549 0 135
1072 827 0 9
1073 1054 0 144
1074 1259 0 9
1075 788 0 9
1076 320 0 10
1077 1370 1 0
1078 2448 1 0
1079 8191 0 77
1080 517 0 11
1081 893 0 10
1082 279 0 11
1083 5088 0 54
1084 3691 0 10
1085 1226 0 99
1086 1593 0 9
1087 980 0 23
1088 1983 0 22
1089 5120 0 8
1090 292 0 10
1091 1447 0 9
1092 12148 0 8
1093 607 0 17
1094 511 0 11
1095 2809 0 14
1096 1367 0 88
1097 1023 0 35
1098 600 0 14
1099 615 0 125
1100 3264 0 11
1101 3194 0 14
1102 961 0 46
1103 648 0 83
1104 1054 1 208
1105 2929 0 34
1106 1295 0 9
1107 1027 0 11
1108 2099 0 7
1109 174 0 9
1110 657 0 12
1111 1989 1 16
1112 3200 0 48
1113 7243 0 33
1114 560 0 12
1115 1043 0 27
1116 1390 0 8
1117 1135 0 9
1118 912 0 10
1119 1060 0 16
1120 1393 0 16
1121 1407 1 12
1122 1973 0 106
1123 1400 0 9
1124 1305 0 39
1125 2991 0 14
1126 12718 0 76
1127 1078 0 50
1128 1978 0 84
1129 11853 0 12
1130 1677 0 6
1131 1087 0 52
1132 847 0 14
1133 310 0 129
1134 576 0 20
1135 15986 0 16
1136 7050 0 130
1137 1511 0 455
1138 910 0 13
1139 1233 0 11
1140 1448 0 34
1141 709 0 11
1142 989 1 0
1143 181 0 110
1144 288 0 6
1145 3374 0 7
1146 2310 0 50
1147 568 0 12
1148 1859 0 11
1149 2965 0 61
1150 844 0 9
1151 2789 0 12
1152 6032 0 16
1153 3198 0 98
1154 801 0 19
1155 1246 0 18
1156 9303 0 30
1157 7050 0 8
1158 335 0 39
1159 1199 0 79
1160 3218 0 7
1161 2871 0 13
1162 2000 0 146
1163 2473 0 126
1164 833 0 15
1165 5149 0 12
1166 3602 0 9
1167 5010 0 74
1168 425 0 98
1169 1782 0 19
1170 1704 0 70
1171 1099 0 71
1172 729 0 14
1173 386 0 11
1174 1442 0 12
1175 782 0 12
1176 1971 0 67
1177 3392 0 70
1178 1979 0 13
1179 5007 0 9
1180 337 0 9
1181 3696 0 20
1182 440 0 15
1183 2845 0 27
1184 861 0 12
1185 1426 0 42
1186 1981 0 63
1187 3378 0 8
1188 3185 0 10
1189 3426 0 12
1190 854 0 14
1191 656 0 72
1192 301 0 15
1193 1187 0 142
1194 1256 0 36
1195 5758 0 19
1196 233 0 13
1197 2871 0 16
1198 837 0 84
1199 867 0 53
1200 3444 0 26
1201 2052 0 7
1202 631 0 11
1203 204 0 60
1204 1486 0 13
1205 3310 0 135
1206 359 0 81
1207 446 0 17
1208 805 0 11
1209 1350 0 17
1210 1087 0 8
1211 779 0 372
1212 478 0 391
1213 5001 0 107
1214 508 0 254
1215 2153 0 11
1216 688 0 99
1217 177 0 63
1218 427 0 20
1219 12901 0 84
1220 5884 0 71
1221 2597 0 45
1222 3370 0 10
1223 1007 0 9
1224 175 0 14
1225 257 0 74
1226 1030 0 190
1227 184 0 97
1228 523 0 241
1229 2859 0 23
1230 2451 0 12
1231 6887 0 27
1232 529 0 9
1233 357 0 83
1234 12103 0 10
1235 2062 0 8
1236 1407 0 18
1237 1270 0 10
1238 1910 0 28
1239 1109 0 9
1240 4235 0 21
1241 928 0 11
1242 1426 0 35
1243 1003 0 12
1244 3475 0 11
1245 2640 0 8
1246 523 0 48
1247 101 0 13
1248 2185 0 11
1249 2907 1 0
1250 3235 0 12
1251 7816 0 130
1252 5013 0 104
1253 478 0 13
1254 2855 0 36
1255 496 0 8
1256 622 0 148
1257 1966 0 12
1258 1050 0 15
1259 610 0 10
1260 972 0 7
1261 876 0 70
1262 944 0 6
1263 5160 0 11
1264 1211 0 125
1265 1288 0 8
1266 775 0 38
1267 675 0 93
1268 2282 0 27
1269 1973 0 8
1270 9488 0 9
1271 1390 0 13
1272 6528 0 8
1273 493 0 18
1274 805 0 12
1275 9310 0 143
1276 354 0 11
1277 1256 0 205
1278 1332 0 32
1279 2821 1 0
1280 1027 0 17
1281 2987 0 56
1282 1012 0 44
1283 140 0 10
1284 13554 0 10
1285 3287 0 11
1286 2184 0 39
1287 937 0 11
1288 1345 0 14
1289 1364 0 69
1290 2500 0 7
1291 13018 0 11
1292 874 0 10
1293 607 0 18
1294 1036 0 103
1295 712 0 7
1296 1581 0 15
1297 1959 0 12
1298 6475 0 33
1299 3158 0 17
1300 620 0 59
1301 693 0 142
1302 7048 0 10
1303 740 0 13
1304 975 0 10
1305 447 0 9
1306 1275 0 205
1307 2835 0 31
1308 3298 0 8
1309 12719 0 98
1310 114 0 13
1311 1072 0 131
1312 8950 1 27
1313 13064 0 78
1314 2507 0 43
1315 2041 0 9
1316 2934 0 23
1317 1683 0 11
1318 3620 0 14
1319 507 0 40
1320 7048 0 31
1321 1623 0 10
1322 3350 0 9
1323 1595 0 10
1324 1259 0 9
1325 2441 0 13
1326 630 0 926
1327 1299 0 98
1328 2279 0 12
1329 1315 0 57
1330 1863 0 12
1331 1536 0 69
1332 417 0 0
1333 7882 0 31
1334 1354 0 126
1335 1960 0 9
1336 2870 0 26
1337 1916 0 10
1338 546 1 0
1339 1945 0 11
1340 2189 0 11
1341 1140 0 352
1342 1352 0 37
1343 1988 0 14
1344 3214 0 10
1345 1969 0 11
1346 5111 0 11
1347 1666 0 11
1348 1520 0 38
1349 836 0 23
1350 417 0 7
1351 1370 0 32
1352 378 0 44
1353 3514 0 11
1354 646 1 0
1355 8205 0 19
1356 1027 0 6
1357 1342 0 13
1358 7804 0 19
1359 2965 0 127
1360 961 0 8
1361 1900 0 111
1362 2664 0 144
1363 1221 0 40
1364 1369 0 222
1365 3220 0 9
1366 1299 0 9
1367 1011 0 11
1368 2468 0 13
1369 373 1 0
1370 1663 0 28
1371 3144 0 13
1372 1139 0 17
1373 707 0 42
1374 1176 0 14
1375 881 0 22
1376 5976 0 11
1377 2013 0 12
1378 1042 0 13
1379 3936 0 6
1380 2120 0 11
1381 7915 0 11
1382 1042 0 11
1383 1091 0 12
1384 1359 0 11
1385 1783 0 47
1386 2876 0 114
1387 762 0 12
1388 6252 0 11
1389 7495 0 18
1390 2021 0 10
1391 989 0 10
1392 3220 1 328
1393 337 0 8
1394 7965 0 42
1395 987 0 19
1396 2091 0 17
1397 5023 0 11

11 1 1887
47
1398 485 0 10
1399 751 0 13
1400 667 0 10
1401 1293 0 24
1402 932 0 8
1403 12557 0 41
1404 1466 0 7
1405 1104 0 26
1406 2836 0 11
1407 507 0 46
1408 961 0 83
1409 14373 0 181
1410 5046 0 23
1411 190 0 13
1412 1496 0 9
1413 1034 0 103
1414 1601 0 80
1415 1163 0 32
1416 2907 0 11
1417 2950 0 310
1418 1284 0 58
1419 1123 0 78
1420 2892 0 9
1421 1955 0 63
1422 1407 0 59
1423 2757 0 14
1424 514 0 15
1425 3215 0 17
1426 6138 0 10
1427 1203 0 73
1428 638 0 70
1429 1524 0 18
1430 1424 0 10
1431 1678 0 21
1432 930 0 13
1433 2981 0 110
1434 2859 0 56
1435 590 0 24
1436 1106 0 28
1437 3297 0 221
1438 1580 0 55
1439 872 0 11
1440 1377 0 40
1441 761 0 11
1442 2842 0 110
1443 1138 0 8
1444 2017 1 203

12 1 1898
2
1445 1278 0 28
1446 424 0 42

13 1 1925
1
1447 411 0 23

14 1 1931
47
1448 5089 0 18
1449 7596 0 13
1450 1015 0 132
1451 475 0 59
1452 653 0 10
1453 498 0 135
1454 809 0 11
1455 1990 0 14
1456 1087 0 32
1457 597 0 7
1458 2138 0 32
1459 987 0 222
1460 1415 0 85
1461 2438 0 278
1462 1516 0 7
1463 5145 0 14
1464 170 0 95
1465 181 0 39
1466 3602 0 29
1467 1891 1 0
1468 78 0 70
1469 1960 0 129
1470 968 1 0
1471 1631 0 149
1472 6455 0 8
1473 5760 0 10
1474 2953 0 11
1475 1516 0 188
1476 1811 0 29
1477 2263 0 69
1478 1104 1 27
1479 1975 0 35
1480 1194 0 307
1481 7184 0 7
1482 1317 0 19
1483 5057 0 35
1484 573 1 25
1485 1044 0 10
1486 1107 0 37
1487 673 0 32
1488 1989 0 29
1489 1971 0 9
1490 1707 0 13
1491 2737 0 35
1492 182 0 72
1493 4993 0 10
1494 532 0 145

15 1 1954
10
1495 1560 0 10
1496 987 0 8
1497 1516 0 11
1498 3359 0 9
1499 3596 0 149
1500 1614 0 21
1501 1976 0 13
1502 1402 0 35
1503 2539 0 10
1504 3364 0 8

16 0 2332
53
1505 2927 0 33
1506 639 0 13
1507 1706 0 13
1508 1029 0 20
1509 871 0 17
1510 823 1 201
1511 624 0 8
1512 628 0 12
1513 2451 0 12
1514 1624 1 0
1515 842 0 9
1516 6451 0 46
1517 3472 0 18
1518 956 0 75
1519 981 0 11
1520 1202 1 65
1521 1431 0 18
1522 706 0 14
1523 523 0 31
1524 787 0 7
1525 623 0 9
1526 1190 0 22
1527 3379 0 15
1528 11836 0 19
1529 442 0 215
1530 4993 0 13
1531 1516 0 11
1532 1361 0 23
1533 2647 0 13
1534 3253 0 16
1535 831 0 11
1536 739 0 43
1537 546 0 72
1538 906 0 21
1539 641 0 78
1540 3209 0 51
1541 191 0 11
1542 589 0 8
1543 8398 0 86
1544 2381 0 40
1545 1140 0 9
1546 6775 0 95
1547 1253 0 11
1548 6743 0 7
1549 910 1 608
1550 989 0 90
1551 1008 0 8
1552 171 0 14
1553 535 0 12
1554 2874 0 20
1555 1139 0 82
1556 3254 0 118
1557 393 0 148

17 1 2584
31
1558 2406 0 228
1559 1193 0 13
1560 867 0 11
1561 2838 0 66
1562 1385 0 37
1563 2104 0 11
1564 7829 0 13
1565 2900 0 9
1566 3248 0 10
1567 1288 0 11
1568 2019 0 12
1569 1123 1 0
1570 3497 0 17
1571 735 0 33
1572 5160 0 13
1573 1518 0 72
1574 1798 0 41
1575 1985 0 24
1576 903 0 32
1577 2479 0 17
1578 258 0 11
1579 1415 0 8
1580 1979 0 14
1581 507 0 41
1582 137 0 8
1583 1672 0 30
1584 3264 0 151
1585 1445 0 142
1586 1903 0 184
1587 1170 1 41
1588 2870 0 51

18 1 2587
5
1589 898 1 0
1590 645 0 10
1591 2416 1 0
1592 1033 0 11
1593 418 0 12

19 1 2587
1050
1594 3766 0 179
1595 722 0 9
1596 1039 0 81
1597 1518 0 239
1598 407 0 24
1599 415 0 39
1600 6141 1 376
1601 1917 0 53
1602 3105 0 68
1603 1166 0 9
1604 275 0 8
1605 2720 0 8
1606 6372 0 13
1607 625 0 29
1608 175 0 10
1609 1967 0 36
1610 423 0 14
1611 734 0 72
1612 733 0 32
1613 2810 0 10
1614 662 0 8
1615 1302 0 107
1616 1253 0 16
1617 3921 0 17
1618 875 0 9
1619 1992 0 32
1620 506 0 13
1621 961 0 25
1622 16673 0 17
1623 929 0 12
1624 3187 0 46
1625 5774 0 7
1626 2800 0 143
1627 2409 0 25
1628 2994 0 11
1629 542 0 9
1630 1537 0 8
1631 1174 0 56
1632 1990 0 13
1633 1753 0 21
1634 3248 0 6
1635 1421 0 8
1636 2523 0 54
1637 1174 0 8
1638 2098 0 617
1639 3521 0 10
1640 678 0 9
1641 817 0 17
1642 2943 0 8
1643 1007 0 7
1644 1956 0 51
1645 1977 0 45
1646 2777 0 9
1647 1834 0 72
1648 3213 0 21
1649 7935 0 11
1650 16217 0 16
1651 180 0 31
1652 3240 0 2
1653 1389 0 29
1654 1251 0 16
1655 3280 0 109
1656 1279 0 25
1657 1107 0 17
1658 465 0 11
1659 3195 0 40
1660 982 0 162
1661 6744 0 17
1662 3215 0 35
1663 897 0 14
1664 2768 0 13
1665 3379 0 27
1666 790 0 12
1667 2358 0 14
1668 570 0 54
1669 1954 0 11
1670 2833 0 42
1671 726 0 12
1672 1090 0 38
1673 1526 0 11
1674 447 0 98
1675 737 0 29
1676 1069 0 69
1677 431 0 57
1678 785 0 9
1679 17498 0 18
1680 5072 0 9
1681 542 0 7
1682 1333 1 0
1683 1231 0 24
1684 790 0 2
1685 3438 0 9
1686 352 0 34
1687 346 0 13
1688 1157 0 93
1689 7185 0 22
1690 1001 0 30
1691 742 0 5
1692 919 0 18
1693 1305 0 54
1694 824 0 69
1695 1279 0 342
1696 2509 0 12
1697 3307 0 12
1698 1134 0 14
1699 17650 0 7
1700 3054 0 85
1701 669 0 15
1702 675 0 26
1703 1414 0 7
1704 555 0 6
1705 945 0 7
1706 3352 0 42
1707 272 0 14
1708 340 0 13
1709 1924 0 132
1710 1431 0 9
1711 9506 0 13
1712 2356 0 148
1713 1071 0 40
1714 2587 0 39
1715 2255 0 10
1716 7542 0 39
1717 502 0 54
1718 2079 0 10
1719 2577 0 12
1720 614 0 7
1721 701 0 14
1722 13075 0 47
1723 825 0 8
1724 1899 0 22
1725 564 0 19
1726 1072 0 17
1727 352 0 7
1728 3359 0 9
1729 405 0 46
1730 2295 0 99
1731 1059 0 41
1732 662 0 37
1733 2599 0 48
1734 2157 0 48
1735 313 1 23
1736 5141 1 0
1737 3170 0 9
1738 1165 0 9
1739 3395 0 9
1740 1286 0 20
1741 6100 0 11
1742 2561 0 12
1743 926 0 14
1744 1038 0 23
1745 1954 0 14
1746 9585 0 11
1747 2465 0 9
1748 1852 0 13
1749 8202 0 10
1750 2060 0 7
1751 1659 0 82
1752 821 0 38
1753 1959 0 38
1754 2756 0 10
1755 2786 0 13
1756 416 0 18
1757 3233 0 191
1758 5097 0 18
1759 1530 0 16
1760 1413 0 7
1761 171 0 50
1762 1874 1 51
1763 502 0 25
1764 902 0 44
1765 14924 0 29
1766 804 0 8
1767 920 0 12
1768 3370 0 11
1769 908 0 14
1770 628 0 10
1771 1740 0 90
1772 1538 0 66
1773 1965 0 44
1774 1201 0 14
1775 1422 0 10
1776 16097 0 107
1777 520 0 20
1778 1060 0 8
1779 808 0 35
1780 6570 0 31
1781 899 0 44
1782 1697 0 11
1783 2818 0 10
1784 180 0 98
1785 2795 0 71
1786 1955 0 7
1787 888 0 7
1788 3542 0 29
1789 5076 0 16
1790 2087 0 50
1791 1296 0 21
1792 12759 0 12
1793 944 0 19
1794 2663 0 138
1795 12041 0 50
1796 812 0 38
1797 1429 0 12
1798 1513 0 47
1799 1973 0 11
1800 1976 0 11
1801 9982 0 201
1802 1280 0 190
1803 2833 0 9
1804 908 0 9
1805 1245 0 156
1806 646 0 16
1807 2117 0 41
1808 938 0 68
1809 689 0 10
1810 7181 0 11
1811 1421 0 21
1812 3337 0 30
1813 783 0 8
1814 2268 0 12
1815 1141 0 6
1816 707 0 17
1817 493 0 10
1818 1942 0 39
1819 1570 0 11
1820 1548 0 65
1821 1360 0 9
1822 1547 0 16
1823 563 0 150
1824 2526 0 38
1825 185 0 16
1826 1512 0 14
1827 1110 0 90
1828 585 0 33
1829 1152 0 42
1830 5089 0 36
1831 3187 0 148
1832 1215 1 0
1833 3650 0 173
1834 1964 0 14
1835 1956 0 9
1836 1149 0 9
1837 1364 0 296
1838 1309 0 18
1839 782 0 98
1840 2888 0 5
1841 1090 0 14
1842 3206 0 9
1843 605 0 13
1844 1969 0 49
1845 152 0 14
1846 381 0 27
1847 1504 1 17
1848 1598 0 68
1849 495 0 331
1850 6728 0 51
1851 1351 0 79
1852 2848 1 315
1853 745 1 0
1854 1530 0 7
1855 2978 1 0
1856 1048 0 12
1857 1917 0 23
1858 893 0 9
1859 5101 0 11
1860 1466 0 10
1861 2868 0 10
1862 2296 0 11
1863 100 0 11
1864 1399 0 121
1865 1373 0 12
1866 856 0 12
1867 189 0 11
1868 1642 0 12
1869 1424 0 9
1870 2276 0 63
1871 2512 0 90
1872 6108 0 10
1873 1529 0 11
1874 7783 0 10
1875 2296 0 19
1876 952 0 39
1877 4686 0 35
1878 1095 1 0
1879 1950 0 13
1880 1977 0 15
1881 246 0 8
1882 8123 0 12
1883 816 0 70
1884 2845 0 10
1885 830 0 7
1886 1834 0 130
1887 2913 0 18
1888 1529 0 26
1889 2674 0 21
1890 9315 0 9
1891 1645 0 239
1892 993 1 24
1893 5138 0 11
1894 518 0 11
1895 493 0 10
1896 395 0 14
1897 1702 0 151
1898 416 0 8
1899 652 0 13
1900 764 0 24
1901 421 0 13
1902 1156 0 9
1903 3274 0 16
1904 2363 0 7
1905 514 0 9
1906 1991 0 49
1907 2230 0 22
1908 1355 0 8
1909 1963 0 41
1910 1265 0 24
1911 1126 0 434
1912 456 0 251
1913 302 0 20
1914 227 0 11
1915 557 0 35
1916 3354 0 32
1917 1504 0 59
1918 1237 1 3
1919 1938 0 14
1920 1277 0 39
1921 3187 0 24
1922 1054 1 235
1923 804 0 55
1924 509 0 11
1925 1408 0 11
1926 1933 0 12
1927 3325 0 11
1928 879 0 134
1929 6033 0 21
1930 937 0 22
1931 718 0 9
1932 777 0 72
1933 1182 0 72
1934 989 0 9
1935 1511 0 8
1936 869 0 11
1937 1979 0 171
1938 1870 1 0
1939 6747 0 12
1940 12898 0 221
1941 1942 0 38
1942 8846 0 7
1943 541 0 9
1944 222 0 79
1945 1804 0 72
1946 11873 0 440
1947 8915 0 109
1948 1084 0 20
1949 1208 0 12
1950 14809 0 93
1951 2141 0 13
1952 1868 0 21
1953 16798 0 160
1954 1717 0 52
1955 468 0 11
1956 725 0 12
1957 2182 0 11
1958 1016 0 7
1959 3700 0 92
1960 3345 0 18
1961 321 0 28
1962 3007 0 12
1963 497 0 92
1964 1308 0 95
1965 1640 0 11
1966 2898 0 120
1967 16261 0 31
1968 181 1 0
1969 691 0 55
1970 1214 0 36
1971 1504 1 0
1972 701 0 13
1973 2878 0 12
1974 13595 0 72
1975 2071 0 12
1976 536 0 7
1977 868 0 9
1978 12879 0 16
1979 1204 0 9
1980 1266 0 242
1981 741 0 10
1982 1181 0 39
1983 2766 0 11
1984 1109 0 3
1985 1280 0 10
1986 852 0 7
1987 2429 0 21
1988 1511 0 70
1989 185 0 15
1990 584 0 79
1991 339 1 17
1992 587 0 52
1993 1848 0 37
1994 1027 0 11
1995 1288 0 18
1996 12040 0 12
1997 1518 1 105
1998 7697 0 152
1999 2459 0 8
2000 1970 0 12
2001 3213 0 8
2002 3606 0 157
2003 3373 0 12
2004 17609 0 10
2005 458 0 47
2006 1981 0 83
2007 733 0 103
2008 1213 0 26
2009 2139 1 0
2010 1506 1 42
2011 657 0 25
2012 1047 0 10
2013 208 0 17
2014 798 0 25
2015 2494 0 77
2016 1422 0 38
2017 478 0 21
2018 982 0 25
2019 1288 0 10
2020 2909 0 11
2021 1228 0 8
2022 252 0 69
2023 3500 0 10
2024 1128 0 13
2025 1404 0 28
2026 780 0 9
2027 12792 0 43
2028 430 0 16
2029 717 1 0
2030 555 0 13
2031 3265 0 10
2032 420 0 13
2033 206 0 22
2034 381 0 11
2035 805 0 12
2036 603 0 10
2037 963 0 28
2038 1080 0 52
2039 420 0 46
2040 2897 0 11
2041 3240 0 7
2042 1887 0 3
2043 715 0 16
2044 642 0 8
2045 273 0 24
2046 3288 0 13
2047 1518 0 11
2048 1390 0 6
2049 655 0 6
2050 371 0 9
2051 1365 0 66
2052 797 0 38
2053 5014 0 11
2054 1987 0 9
2055 1309 0 58
2056 623 0 11
2057 3209 0 133
2058 1349 0 12
2059 6359 0 17
2060 1025 0 85
2061 2332 0 29
2062 6737 0 10
2063 1823 0 74
2064 600 0 34
2065 805 0 21
2066 17777 0 142
2067 1522 0 56
2068 1356 0 10
2069 2091 0 20
2070 3605 0 56
2071 2832 0 9
2072 696 0 8
2073 1162 1 266
2074 655 0 23
2075 361 0 37
2076 3366 0 38
2077 1818 0 7
2078 1585 0 9
2079 1263 0 14
2080 1526 0 11
2081 456 0 9
2082 3016 0 78
2083 13924 0 19
2084 1094 0 21
2085 15986 0 11
2086 6211 0 109
2087 920 0 148
2088 13074 0 12
2089 989 0 8
2090 870 0 8
2091 1377 0 12
2092 2901 0 8
2093 1203 0 8
2094 621 0 6
2095 223 0 7
2096 373 0 11
2097 1677 0 9
2098 1426 0 97
2099 1755 0 11
2100 980 0 69
2101 319 0 109
2102 462 0 10
2103 367 0 10
2104 581 0 146
2105 1096 0 17
2106 708 0 19
2107 629 1 518
2108 7842 0 28
2109 12513 0 73
2110 13070 0 9
2111 2580 0 27
2112 567 0 27
2113 1062 0 13
2114 61 0 50
2115 2207 0 11
2116 1276 0 6
2117 1551 0 12
2118 1665 0 113
2119 3376 0 32
2120 548 0 13
2121 1101 0 13
2122 1668 0 13
2123 3387 0 42
2124 1489 0 73
2125 5097 0 19
2126 1510 0 52
2127 5121 0 183
2128 1412 0 11
2129 2930 0 17
2130 5139 0 53
2131 1218 0 10
2132 930 0 71
2133 1072 0 12
2134 884 0 10
2135 3186 0 32
2136 918 0 13
2137 3279 0 13
2138 317 1 9
2139 2939 0 105
2140 6731 0 220
2141 817 0 10
2142 194 0 13
2143 733 0 9
2144 6870 0 13
2145 2219 0 10
2146 619 0 10
2147 2341 0 13
2148 1026 0 90
2149 2289 0 12
2150 342 0 70
2151 7049 0 12
2152 196 0 14
2153 1166 0 70
2154 1961 0 7
2155 1372 0 20
2156 7653 0 50
2157 411 0 68
2158 1318 0 10
2159 3140 1 517
2160 654 0 8
2161 420 0 32
2162 906 0 21
2163 1074 0 92
2164 3718 0 11
2165 3617 0 9
2166 2466 0 12
2167 1142 0 9
2168 3278 0 76
2169 995 1 40
2170 977 0 9
2171 976 1 517
2172 1971 0 38
2173 1027 0 11
2174 208 0 8
2175 6731 0 7
2176 607 0 13
2177 1100 0 12
2178 2082 0 36
2179 3258 0 307
2180 8839 0 29
2181 3199 0 57
2182 830 0 22
2183 1504 0 15
2184 5097 0 173
2185 1182 0 18
2186 2197 0 20
2187 2131 0 15
2188 395 0 7
2189 9303 0 9
2190 1063 0 9
2191 842 0 12
2192 2446 0 12
2193 6551 1 0
2194 7478 0 19
2195 554 0 90
2196 484 0 7
2197 1176 0 172
2198 201 0 9
2199 1459 0 7
2200 2956 0 72
2201 3221 0 13
2202 2358 0 11
2203 1693 0 67
2204 1202 0 7
2205 409 0 10
2206 1155 0 12
2207 7337 0 16
2208 178 0 8
2209 13006 0 38
2210 2669 0 39
2211 2510 0 51
2212 1193 0 104
2213 1127 0 212
2214 7961 0 8
2215 2618 0 30
2216 1867 0 132
2217 1286 0 11
2218 924 0 65
2219 2257 0 8
2220 15978 0 11
2221 3366 0 14
2222 861 0 7
2223 1117 0 8
2224 2568 0 12
2225 4487 0 154
2226 1690 0 18
2227 390 1 24
2228 1752 0 7
2229 1165 0 57
2230 547 0 22
2231 2438 0 14
2232 3172 0 31
2233 1979 1 26
2234 1102 0 10
2235 2813 0 10
2236 324 0 10
2237 2839 0 8
2238 335 0 12
2239 2176 0 28
2240 171 0 311
2241 891 0 41
2242 354 0 22
2243 1064 0 107
2244 204 1 29
2245 1215 0 9
2246 568 0 14
2247 1422 0 9
2248 2906 0 31
2249 4132 0 11
2250 580 0 54
2251 3349 0 10
2252 2075 0 20
2253 10012 0 14
2254 637 0 8
2255 647 0 11
2256 3318 0 10
2257 7385 0 67
2258 1333 0 7
2259 316 0 12
2260 6177 0 10
2261 1326 0 103
2262 508 0 28
2263 1970 0 13
2264 7972 0 11
2265 1870 0 105
2266 184 0 10
2267 3203 0 8
2268 5011 0 8
2269 663 1 0
2270 1427 0 68
2271 638 0 8
2272 532 0 9
2273 1017 0 35
2274 1275 1 17
2275 2306 0 7
2276 1543 0 37
2277 211 0 9
2278 1351 0 6
2279 638 0 24
2280 8914 0 12
2281 5109 0 10
2282 1026 0 106
2283 5108 0 13
2284 1008 0 8
2285 3079 0 14
2286 634 0 74
2287 3270 0 134
2288 564 0 11
2289 555 0 12
2290 5155 0 116
2291 454 0 17
2292 12906 0 29
2293 1171 0 13
2294 405 0 9
2295 2899 0 13
2296 1408 0 10
2297 1115 0 10
2298 1727 0 11
2299 3319 0 27
2300 407 0 18
2301 1215 0 21
2302 15001 0 43
2303 1299 0 37
2304 1352 0 15
2305 1007 0 10
2306 403 0 29
2307 1518 0 44
2308 2872 0 9
2309 456 0 12
2310 1628 0 10
2311 383 0 150
2312 9978 0 29
2313 766 0 10
2314 1500 0 12
2315 628 0 19
2316 912 0 8
2317 1415 0 17
2318 5112 0 14
2319 1538 0 46
2320 789 0 6
2321 1900 0 26
2322 828 0 10
2323 887 0 13
2324 998 0 13
2325 1359 0 21
2326 181 0 23
2327 1232 0 7
2328 566 0 78
2329 1320 1 0
2330 703 0 10
2331 1884 0 67
2332 2470 0 24
2333 953 1 382
2334 5874 0 7
2335 1556 0 13
2336 1958 0 15
2337 466 0 14
2338 1474 0 40
2339 16135 0 12
2340 1651 0 8
2341 514 0 10
2342 544 0 19
2343 2413 0 8
2344 534 0 38
2345 701 0 30
2346 756 0 9
2347 404 0 24
2348 1551 0 13
2349 837 0 47
2350 1085 0 13
2351 549 0 18
2352 568 0 163
2353 1944 0 7
2354 5826 0 29
2355 3363 1 17
2356 1804 0 11
2357 2910 0 7
2358 3367 0 0
2359 405 0 58
2360 7769 0 9
2361 1403 0 11
2362 17723 0 101
2363 1511 0 14
2364 2411 0 267
2365 3265 0 134
2366 5790 1 472
2367 2818 0 9
2368 807 0 14
2369 1621 0 95
2370 907 0 59
2371 1315 0 43
2372 6226 0 110
2373 3378 0 170
2374 1510 0 152
2375 2950 0 9
2376 1331 0 9
2377 1855 0 11
2378 1989 0 412
2379 3331 0 12
2380 1193 0 18
2381 2517 0 22
2382 3217 0 67
2383 2853 0 53
2384 1333 0 11
2385 2906 0 19
2386 3247 0 18
2387 965 0 11
2388 536 0 51
2389 903 0 10
2390 2989 0 11
2391 989 0 12
2392 181 0 9
2393 1378 0 22
2394 1983 0 9
2395 1364 0 10
2396 553 0 10
2397 2804 0 13
2398 962 0 13
2399 7046 0 10
2400 1091 0 38
2401 12424 0 13
2402 1057 0 83
2403 888 0 46
2404 1305 0 110
2405 2601 0 2
2406 772 0 11
2407 901 0 129
2408 5125 0 40
2409 2336 0 108
2410 845 0 28
2411 1068 0 9
2412 989 0 239
2413 1028 0 26
2414 6900 0 121
2415 1806 0 23
2416 3278 0 28
2417 937 0 207
2418 1007 0 17
2419 1984 0 45
2420 196 0 13
2421 1251 0 20
2422 2619 0 209
2423 1871 0 11
2424 676 0 11
2425 3017 0 77
2426 553 0 7
2427 1416 0 10
2428 2288 1 0
2429 1297 0 12
2430 1974 0 18
2431 259 0 12
2432 1035 0 13
2433 6667 0 11
2434 1423 0 82
2435 1948 0 9
2436 1149 0 11
2437 1077 0 8
2438 5126 0 9
2439 5113 0 11
2440 3385 0 5
2441 5129 0 17
2442 2911 0 17
2443 504 0 9
2444 5099 0 115
2445 8189 0 13
2446 1940 0 131
2447 5800 0 15
2448 5825 0 113
2449 2774 0 13
2450 1271 0 10
2451 2359 0 66
2452 2866 0 8
2453 570 0 29
2454 2401 0 31
2455 1038 0 79
2456 701 0 8
2457 1324 0 27
2458 565 0 18
2459 2124 0 12
2460 702 0 8
2461 3546 0 75
2462 1146 0 18
2463 1538 0 194
2464 1278 0 38
2465 2429 0 6
2466 659 0 9
2467 1973 0 128
2468 1211 0 32
2469 2820 0 47
2470 6455 0 15
2471 409 0 30
2472 1268 0 12
2473 1506 1 0
2474 1330 0 14
2475 630 0 9
2476 492 0 54
2477 1741 0 66
2478 702 0 7
2479 2435 0 13
2480 5115 0 82
2481 312 0 18
2482 1173 0 12
2483 1285 0 27
2484 1392 0 9
2485 3278 0 29
2486 225 0 16
2487 1274 0 9
2488 1226 0 19
2489 656 0 12
2490 12459 0 14
2491 1621 0 18
2492 910 0 18
2493 3154 0 12
2494 2575 0 11
2495 3221 0 25
2496 401 0 13
2497 969 0 19
2498 9303 0 6
2499 693 0 11
2500 1195 0 8
2501 2831 0 7
2502 3372 0 17
2503 1038 0 27
2504 503 0 12
2505 2592 0 13
2506 2947 0 144
2507 5126 1 17
2508 804 0 23
2509 1924 0 9
2510 1419 0 6
2511 418 0 13
2512 184 0 39
2513 842 0 280
2514 1190 0 193
2515 1032 0 10
2516 807 0 11
2517 563 0 11
2518 1517 0 19
2519 736 0 63
2520 7286 0 10
2521 1949 0 11
2522 3352 0 16
2523 466 0 18
2524 3378 0 12
2525 1823 0 11
2526 2265 0 11
2527 1295 0 36
2528 1958 0 8
2529 1829 0 16
2530 5122 1 0
2531 1991 0 13
2532 1380 0 98
2533 812 0 11
2534 828 0 9
2535 1975 0 86
2536 1963 0 9
2537 412 0 18
2538 787 0 12
2539 3196 0 18
2540 1344 0 30
2541 441 0 11
2542 3317 0 20
2543 1951 0 12
2544 972 0 140
2545 892 0 12
2546 519 0 9
2547 12802 0 111
2548 1641 0 71
2549 647 0 187
2550 840 0 10
2551 813 0 172
2552 1077 0 14
2553 2010 0 296
2554 1671 0 11
2555 2573 0 88
2556 2338 0 6
2557 1265 0 11
2558 1195 0 58
2559 14809 0 9
2560 3174 0 189
2561 472 0 46
2562 1834 0 80
2563 910 0 12
2564 1127 1 0
2565 4273 1 536
2566 1201 0 8
2567 1975 0 12
2568 1060 0 148
2569 322 0 147
2570 626 0 11
2571 1311 0 40
2572 991 0 12
2573 916 0 7
2574 17254 0 10
2575 935 0 197
2576 1417 1 0
2577 173 0 148
2578 1769 0 32
2579 989 0 10
2580 771 0 20
2581 1770 0 17
2582 408 0 18
2583 1566 0 10
2584 1176 0 7
2585 1121 0 37
2586 1963 0 232
2587 2292 0 14
2588 2948 0 8
2589 2320 0 12
2590 2655 0 53
2591 1170 0 51
2592 2386 0 13
2593 3164 0 11
2594 1184 0 171
2595 231 1 3
2596 3204 0 10
2597 555 0 13
2598 2187 0 9
2599 351 0 26
2600 679 0 9
2601 2392 0 10
2602 1118 0 8
2603 3488 0 8
2604 2940 0 11
2605 507 0 290
2606 768 0 19
2607 620 0 80
2608 1125 1 0
2609 789 0 12
2610 877 0 377
2611 2554 0 8
2612 1362 0 38
2613 757 0 8
2614 1678 0 10
2615 2454 0 13
2616 3289 0 11
2617 6363 0 6
2618 989 0 11
2619 195 0 40
2620 1981 0 9
2621 928 0 11
2622 1908 0 7
2623 215 0 33
2624 720 0 99
2625 7712 0 86
2626 12841 0 29
2627 6361 0 42
2628 1062 0 8
2629 518 0 9
2630 9980 0 185
2631 2618 0 8
2632 1768 0 9
2633 780 0 8
2634 833 0 73
2635 6144 0 27
2636 3491 0 67
2637 7287 0 7
2638 5092 0 11
2639 997 0 26
2640 1402 0 242
2641 3235 0 13
2642 425 0 13
2643 2872 0 43

20 1 2594
22
2644 7564 0 74
2645 2600 1 6
2646 1662 0 9
2647 2950 1 30
2648 5082 0 11
2649 3302 0 29
2650 7293 0 11
2651 874 0 11
2652 340 0 10
2653 353 0 40
2654 738 0 23
2655 1406 0 17
2656 2283 0 97
2657 3303 0 31
2658 298 0 11
2659 1405 0 20
2660 1344 0 57
2661 5153 0 51
2662 332 0 11
2663 3287 0 9
2664 6535 0 12
2665 1770 0 5

21 1 2604
5
2666 1431 0 7
2667 1783 0 14
2668 546 0 20
2669 756 0 52
2670 3461 0 37

22 0 2604
23
2671 1421 0 24
2672 193 0 48
2673 3685 0 24
2674 12800 0 8
2675 505 0 14
2676 568 0 12
2677 1414 0 10
2678 1411 0 9
2679 178 0 14
2680 1090 0 42
2681 918 0 17
2682 1482 0 8
2683 435 0 86
2684 3155 0 24
2685 231 0 31
2686 1942 0 63
2687 697 0 11
2688 5013 0 8
2689 476 0 40
2690 761 0 19
2691 872 0 13
2692 6705 0 17
2693 391 0 25

23 1 2605
52
2694 5086 0 67
2695 1984 0 18
2696 629 0 36
2697 1027 0 8
2698 5055 0 108
2699 2151 0 63
2700 1071 0 10
2701 2552 0 11
2702 8907 0 208
2703 281 0 164
2704 1125 0 8
2705 1133 0 12
2706 16097 0 27
2707 1958 0 14
2708 1374 0 47
2709 2373 0 11
2710 1968 0 5
2711 201 0 62
2712 1186 0 35
2713 975 0 57
2714 2847 0 17
2715 1622 0 112
2716 1725 0 7
2717 2842 1 0
2718 3315 0 7
2719 2404 0 16
2720 1513 0 7
2721 1407 0 22
2722 1511 0 20
2723 613 0 13
2724 614 0 14
2725 1213 0 33
2726 12199 0 25
2727 989 0 17
2728 382 0 13
2729 1839 0 9
2730 14897 0 7
2731 1933 0 29
2732 2884 0 11
2733 1244 0 175
2734 3367 0 143
2735 3377 0 12
2736 1961 0 16
2737 648 0 11
2738 13570 0 8
2739 1074 0 27
2740 469 0 18
2741 3241 0 11
2742 6572 0 8
2743 495 0 33
2744 1908 0 18
2745 3379 0 166

24 1 2605
5
2746 6083 0 7
2747 1504 0 146
2748 533 0 18
2749 294 0 12
2750 978 0 11

25 0 2605
121
2751 478 0 24
2752 1219 0 9
2753 1302 0 9
2754 2570 0 25
2755 822 0 12
2756 737 0 31
2757 911 1 0
2758 562 0 11
2759 1250 0 10
2760 1338 0 69
2761 1968 0 8
2762 1964 0 237
2763 6086 0 13
2764 831 0 151
2765 1290 0 17
2766 1424 0 97
2767 6366 0 14
2768 3375 0 11
2769 7395 0 119
2770 725 0 20
2771 3617 0 7
2772 2273 0 11
2773 587 0 9
2774 648 0 25
2775 17 0 63
2776 725 0 148
2777 6735 0 14
2778 1160 0 9
2779 192 0 9
2780 1034 0 13
2781 1116 0 18
2782 779 0 171
2783 2381 0 24
2784 426 0 8
2785 426 0 18
2786 7310 0 55
2787 582 0 11
2788 1095 0 13
2789 1098 0 21
2790 826 0 10
2791 2545 0 37
2792 1090 0 13
2793 315 0 46
2794 1296 0 27
2795 3043 0 19
2796 659 0 7
2797 3749 0 79
2798 3406 0 176
2799 787 0 12
2800 450 0 8
2801 2840 0 11
2802 2163 0 12
2803 12455 0 55
2804 1256 0 7
2805 462 0 8
2806 1001 0 5
2807 675 0 10
2808 750 0 11
2809 649 0 21
2810 1968 0 22
2811 12393 0 134
2812 1615 0 30
2813 1832 0 30
2814 741 0 10
2815 5087 0 28
2816 1224 0 9
2817 1464 0 117
2818 2041 0 9
2819 14095 0 8
2820 65 0 314
2821 3216 0 17
2822 1178 0 30
2823 588 0 36
2824 6729 0 153
2825 2937 0 11
2826 1057 0 7
2827 2415 0 9
2828 1506 0 32
2829 1523 0 44
2830 7179 0 10
2831 1640 0 47
2832 2071 0 73
2833 2278 0 6
2834 1428 0 31
2835 2362 0 8
2836 1564 0 18
2837 2219 0 15
2838 610 0 13
2839 604 0 12
2840 3248 0 42
2841 6826 0 8
2842 949 0 49
2843 1978 0 11
2844 3304 0 44
2845 1203 0 11
2846 1094 0 38
2847 1152 0 11
2848 3054 0 9
2849 2113 0 29
2850 204 0 5
2851 3734 0 41
2852 182 0 10
2853 347 0 149
2854 7297 0 109
2855 699 0 10
2856 362 0 67
2857 484 0 9
2858 1169 0 12
2859 900 0 28
2860 1355 0 13
2861 984 0 30
2862 494 0 41
2863 648 0 10
2864 428 0 23
2865 6951 0 8
2866 3275 0 20
2867 974 0 18
2868 584 0 11
2869 973 0 17
2870 1421 0 68
2871 1311 1 0

26 1 2617
177
2872 3271 0 8
2873 700 0 18
2874 1060 0 10
2875 1121 0 50
2876 964 0 194
2877 121 0 8
2878 3263 0 40
2879 1527 0 8
2880 474 0 143
2881 716 0 8
2882 8150 0 48
2883 3270 0 127
2884 1289 0 47
2885 1886 0 28
2886 1513 0 7
2887 726 0 9
2888 444 1 0
2889 464 0 27
2890 5123 0 10
2891 1328 0 87
2892 1960 0 18
2893 1132 0 18
2894 690 0 13
2895 1379 0 69
2896 626 0 41
2897 11792 1 51
2898 6562 0 6
2899 2722 0 97
2900 2970 0 13
2901 442 0 72
2902 5109 0 62
2903 1967 0 8
2904 670 0 11
2905 456 0 11
2906 1322 0 11
2907 1946 0 60
2908 3425 0 67
2909 3941 1 0
2910 1841 0 21
2911 1239 0 12
2912 2897 0 7
2913 1585 0 59
2914 553 0 150
2915 5057 0 71
2916 2896 0 74
2917 981 0 53
2918 779 0 17
2919 1270 0 75
2920 1570 0 10
2921 1952 0 18
2922 334 0 7
2923 2328 0 12
2924 702 0 10
2925 7048 1 517
2926 2338 0 39
2927 1989 0 11
2928 2853 0 8
2929 2892 0 36
2930 466 0 9
2931 1358 0 15
2932 1969 0 16
2933 1419 0 8
2934 556 0 11
2935 1215 0 160
2936 723 0 43
2937 848 0 3
2938 1170 0 8
2939 2414 0 10
2940 1004 0 11
2941 2111 0 8
2942 2326 1 396
2943 469 0 15
2944 1427 0 12
2945 1867 0 13
2946 602 0 14
2947 1606 0 9
2948 1185 1 0
2949 2951 0 389
2950 819 0 53
2951 974 0 17
2952 1281 0 10
2953 1045 0 1
2954 2811 0 14
2955 2065 0 70
2956 1407 0 18
2957 17796 0 61
2958 1086 0 9
2959 989 0 8
2960 540 0 8
2961 1028 0 9
2962 1516 0 11
2963 1271 0 24
2964 2891 0 34
2965 16380 0 9
2966 526 0 128
2967 5008 0 131
2968 3797 0 9
2969 1165 0 22
2970 257 0 10
2971 5078 0 11
2972 3085 0 134
2973 7048 0 21
2974 1090 0 51
2975 271 0 12
2976 1410 0 45
2977 796 1 28
2978 3161 0 11
2979 1399 0 8
2980 963 0 46
2981 3377 0 17
2982 2610 0 181
2983 7571 0 38
2984 7410 0 21
2985 3603 0 17
2986 13570 0 19
2987 442 0 17
2988 1943 1 30
2989 1951 0 73
2990 651 0 8
2991 1920 0 166
2992 809 0 11
2993 682 0 12
2994 7051 0 196
2995 7384 0 71
2996 1986 0 46
2997 764 0 29
2998 1055 0 50
2999 644 0 13
3000 3954 0 15
3001 2417 0 40
3002 175 0 109
3003 2907 0 19
3004 775 0 78
3005 1437 0 11
3006 1013 0 11
3007 5112 0 12
3008 2310 0 8
3009 2646 0 10
3010 11795 0 27
3011 1092 0 12
3012 677 0 110
3013 1771 0 54
3014 609 0 32
3015 651 0 9
3016 832 0 9
3017 676 0 12
3018 654 0 11
3019 645 0 104
3020 801 0 39
3021 1237 0 9
3022 1273 0 7
3023 912 0 21
3024 181 0 29
3025 1023 0 11
3026 1950 0 859
3027 7329 0 32
3028 5156 0 32
3029 1752 0 47
3030 1985 0 8
3031 603 0 23
3032 2535 0 24
3033 1408 0 108
3034 981 0 6
3035 1217 0 24
3036 751 0 11
3037 2503 0 9
3038 3305 0 9
3039 2089 0 17
3040 2069 0 15
3041 2499 0 46
3042 503 0 307
3043 2616 0 8
3044 11210 0 11
3045 12875 0 28
3046 3167 0 93
3047 3186 0 22
3048 5232 0 56

27 1 2622
28
3049 1342 0 12
3050 5115 0 12
3051 1238 0 11
3052 1531 0 9
3053 694 0 47
3054 472 0 37
3055 2982 0 18
3056 431 0 42
3057 3249 0 7
3058 13055 0 9
3059 1504 0 203
3060 12808 0 11
3061 1355 1 72
3062 2633 0 73
3063 810 0 41
3064 1298 0 2
3065 681 0 8
3066 1186 0 12
3067 14896 0 7
3068 1964 0 11
3069 758 0 9
3070 539 0 83
3071 1430 0 76
3072 1352 0 12
3073 8697 0 13
3074 7878 0 7
3075 1228 0 10
3076 825 0 12

28 0 2627
27
3077 2861 0 7
3078 8839 0 159
3079 1409 0 11
3080 678 0 67
3081 5152 0 13
3082 948 0 11
3083 633 0 13
3084 1814 0 13
3085 1014 0 27
3086 1010 0 15
3087 1632 0 13
3088 7301 0 9
3089 1274 0 28
3090 8841 0 11
3091 2796 0 69
3092 1003 0 109
3093 1566 0 8
3094 3356 0 13
3095 7321 0 12
3096 832 0 36
3097 660 0 31
3098 534 1 30
3099 3317 0 30
3100 2931 0 8
3101 1990 0 9
3102 2390 0 21
3103 1940 0 81

29 1 2628
127
3104 68 0 20
3105 171 0 68
3106 367 1 104
3107 3299 0 15
3108 1397 0 13
3109 3296 0 33
3110 869 0 35
3111 708 0 11
3112 414 0 13
3113 1258 0 10
3114 1075 0 11
3115 783 0 10
3116 1218 0 188
3117 657 0 24
3118 3605 0 104
3119 1249 0 8
3120 1157 0 616
3121 568 0 9
3122 913 0 57
3123 645 0 10
3124 643 0 8
3125 861 0 21
3126 643 0 10
3127 1625 0 12
3128 1173 0 10
3129 665 0 11
3130 2943 0 29
3131 5106 0 172
3132 1138 0 19
3133 350 1 0
3134 208 0 10
3135 2102 0 20
3136 1700 0 11
3137 795 0 24
3138 784 0 10
3139 1320 0 9
3140 974 0 16
3141 3225 0 8
3142 3379 1 39
3143 2450 0 78
3144 1192 0 7
3145 3252 0 11
3146 719 0 8
3147 1073 0 107
3148 1058 0 12
3149 1040 0 12
3150 1989 0 43
3151 2973 0 19
3152 277 0 13
3153 1596 0 18
3154 1316 0 6
3155 2846 0 24
3156 509 0 11
3157 1410 0 130
3158 670 0 13
3159 1410 0 10
3160 3493 0 13
3161 1526 0 11
3162 1191 0 172
3163 12936 0 8
3164 10092 0 11
3165 522 0 11
3166 1357 0 15
3167 6800 0 7
3168 1278 0 20
3169 2105 0 56
3170 1279 0 11
3171 1390 0 54
3172 2639 0 8
3173 1359 0 11
3174 1947 0 7
3175 1981 0 63
3176 408 0 128
3177 1966 0 12
3178 633 0 9
3179 171 0 133
3180 6782 0 71
3181 845 0 9
3182 923 0 42
3183 700 0 73
3184 5046 0 17
3185 548 0 19
3186 684 0 9
3187 625 0 40
3188 2604 0 33
3189 1517 0 17
3190 835 0 123
3191 17486 0 27
3192 3175 0 24
3193 2053 0 134
3194 1936 0 9
3195 3283 0 28
3196 1663 0 7
3197 6186 0 129
3198 5095 0 66
3199 1219 0 8
3200 1974 0 22
3201 950 0 22
3202 2790 0 13
3203 5966 0 7
3204 216 0 10
3205 637 0 30
3206 1211 0 11
3207 2159 0 29
3208 1297 0 11
3209 1692 0 121
3210 7955 0 16
3211 12584 0 32
3212 482 0 8
3213 797 0 16
3214 12157 0 7
3215 569 0 37
3216 1529 0 7
3217 2916 0 8
3218 2226 0 30
3219 1561 0 12
3220 526 0 7
3221 3188 0 13
3222 1409 0 115
3223 996 0 9
3224 2449 0 92
3225 1615 0 173
3226 2573 0 9
3227 407 0 11
3228 3047 0 12
3229 2082 0 9
3230 1304 0 147

30 1 2628
53
3231 434 0 43
3232 551 0 11
3233 1503 0 15
3234 484 0 11
3235 1363 0 32
3236 1637 0 17
3237 207 0 9
3238 10007 0 9
3239 3766 0 22
3240 1967 0 13
3241 1597 0 7
3242 1129 0 11
3243 997 0 22
3244 577 0 66
3245 1123 0 26
3246 206 0 11
3247 1112 0 11
3248 5062 0 5
3249 982 0 50
3250 1037 0 5
3251 1154 0 25
3252 185 0 8
3253 2213 0 11
3254 728 0 9
3255 1207 0 11
3256 525 0 24
3257 1516 0 31
3258 531 0 11
3259 451 0 11
3260 1233 0 12
3261 9310 0 11
3262 1516 0 8
3263 576 0 10
3264 2386 0 17
3265 2518 0 12
3266 1451 0 40
3267 2959 0 10
3268 468 0 67
3269 504 0 12
3270 894 0 22
3271 7044 0 9
3272 1958 0 10
3273 1167 0 9
3274 8447 0 8
3275 2283 0 7
3276 1115 0 25
3277 2957 0 46
3278 3109 0 11
3279 1395 0 11
3280 6452 0 27
3281 641 0 8
3282 2225 0 34
3283 717 0 12

31 1 2631
6
3284 1076 0 46
3285 1946 0 17
3286 650 0 82
3287 744 0 15
3288 510 0 10
3289 3547 0 22

32 1 2638
16
3290 657 0 9
3291 464 0 36
3292 2881 0 28
3293 1032 0 12
3294 1828 0 11
3295 726 0 25
3296 1430 0 12
3297 3334 0 42
3298 1303 0 43
3299 1295 0 9
3300 326 0 131
3301 970 0 50
3302 1218 0 10
3303 204 0 12
3304 6181 0 76
3305 8841 0 12

33 0 2768
1
3306 2793 0 8

34 1 2779
105
3307 4333 0 31
3308 831 1 0
3309 4150 0 12
3310 2423 0 10
3311 1093 0 8
3312 1889 0 54
3313 3258 0 5
3314 1961 0 56
3315 1411 0 9
3316 6629 0 109
3317 1140 0 144
3318 545 0 10
3319 3119 0 28
3320 958 0 77
3321 2423 0 42
3322 1806 0 11
3323 833 0 17
3324 1484 0 67
3325 1120 0 18
3326 1272 0 8
3327 2881 0 43
3328 1173 0 10
3329 14389 1 0
3330 963 0 77
3331 7695 0 7
3332 1055 1 0
3333 3142 0 169
3334 3197 1 0
3335 1687 0 8
3336 5090 0 12
3337 196 0 11
3338 5153 0 18
3339 1373 0 9
3340 626 0 7
3341 3287 0 128
3342 852 0 128
3343 484 0 16
3344 3782 0 15
3345 17 1 0
3346 7632 0 38
3347 549 1 8
3348 3975 0 12
3349 980 0 8
3350 3290 0 28
3351 3376 0 56
3352 16048 0 9
3353 2329 0 11
3354 2855 0 18
3355 1059 0 38
3356 2919 0 9
3357 3575 0 13
3358 1000 0 31
3359 2848 0 12
3360 1087 0 617
3361 1819 0 10
3362 975 0 11
3363 2045 0 33
3364 854 1 0
3365 1211 0 17
3366 235 0 12
3367 12645 0 11
3368 1212 0 39
3369 14918 0 158
3370 1070 0 9
3371 1226 0 9
3372 2804 0 34
3373 930 0 29
3374 1374 0 90
3375 1174 0 10
3376 1621 0 12
3377 6171 0 11
3378 1126 0 8
3379 6468 0 164
3380 1488 0 6
3381 2392 0 185
3382 2873 0 26
3383 2863 0 27
3384 941 0 74
3385 1941 0 10
3386 1517 1 107
3387 1966 0 37
3388 7468 0 40
3389 1944 0 15
3390 4998 0 78
3391 660 0 9
3392 535 0 9
3393 423 0 163
3394 5070 0 12
3395 1140 0 10
3396 934 0 11
3397 488 0 18
3398 3282 0 318
3399 765 0 6
3400 1526 0 7
3401 16432 0 32
3402 2987 0 10
3403 678 0 19
3404 893 0 9
3405 2374 0 9
3406 5154 0 7
3407 915 0 13
3408 1987 0 8
3409 1027 0 9
3410 16277 1 105
3411 2455 0 10

35 0 2784
26
3412 7474 0 21
3413 1581 0 11
3414 1089 0 58
3415 1511 0 136
3416 2311 0 66
3417 648 0 245
3418 1949 0 12
3419 832 0 40
3420 2376 0 8
3421 1808 0 10
3422 8030 1 16
3423 690 0 7
3424 1189 0 20
3425 972 0 10
3426 1156 0 7
3427 171 0 34
3428 3353 0 9
3429 770 0 7
3430 1423 0 9
3431 1426 0 11
3432 7828 0 23
3433 7933 0 23
3434 22 0 17
3435 1219 0 67
3436 666 0 70
3437 1216 0 131

36 1 2788
29
3438 702 0 17
3439 485 0 7
3440 1235 0 9
3441 2263 0 8
3442 204 0 9
3443 969 1 65
3444 3259 1 20
3445 733 0 54
3446 697 0 10
3447 1981 0 10
3448 3166 0 28
3449 494 0 11
3450 756 0 6
3451 214 0 10
3452 1516 0 0
3453 2696 0 77
3454 657 0 313
3455 182 0 32
3456 771 0 12
3457 1166 0 149
3458 3303 0 8
3459 2644 0 100
3460 3199 0 13
3461 1447 0 10
3462 472 0 8
3463 182 0 70
3464 3175 0 79
3465 884 0 54
3466 3194 0 9

37 1 2790
26
3467 237 0 57
3468 1819 0 62
3469 434 0 17
3470 2892 0 9
3471 474 0 27
3472 7469 0 7
3473 507 0 39
3474 1691 0 133
3475 2024 0 204
3476 1064 0 28
3477 717 0 92
3478 822 1 6
3479 3374 0 42
3480 1169 0 248
3481 5876 0 67
3482 1677 0 41
3483 1178 0 10
3484 1240 0 9
3485 2815 0 11
3486 682 0 11
3487 545 0 9
3488 1408 0 42
3489 1035 0 34
3490 849 0 60
3491 1022 0 11
3492 2157 0 179

38 1 2808
167
3493 2932 0 18
3494 912 0 12
3495 3193 0 11
3496 799 0 16
3497 682 0 11
3498 1076 0 9
3499 1073 0 9
3500 1958 1 0
3501 2802 0 12
3502 1138 0 8
3503 2120 0 56
3504 757 0 8
3505 1702 0 12
3506 1725 0 6
3507 289 0 11
3508 762 0 21
3509 449 0 13
3510 2126 0 8
3511 1342 0 105
3512 2927 0 80
3513 867 0 17
3514 1516 0 40
3515 721 0 11
3516 524 0 23
3517 330 0 19
3518 886 0 10
3519 791 0 8
3520 2828 0 10
3521 5076 0 44
3522 603 0 11
3523 1013 0 17
3524 1044 0 7
3525 6536 0 6
3526 359 0 13
3527 3620 0 33
3528 284 0 39
3529 3114 0 10
3530 7287 0 9
3531 1299 0 40
3532 1354 0 73
3533 2244 1 88
3534 1313 0 9
3535 1518 0 11
3536 2121 0 13
3537 585 0 22
3538 207 0 8
3539 1995 0 15
3540 2414 0 13
3541 1934 0 12
3542 1654 0 34
3543 1245 0 146
3544 3702 0 14
3545 1284 0 40
3546 853 0 32
3547 3262 0 185
3548 4937 0 11
3549 747 0 7
3550 2722 0 8
3551 1950 0 12
3552 988 0 24
3553 1038 0 9
3554 2265 0 74
3555 1610 0 30
3556 2944 0 54
3557 225 0 10
3558 1168 0 91
3559 1108 0 11
3560 507 0 14
3561 564 0 189
3562 1271 0 9
3563 1513 0 12
3564 1034 0 189
3565 975 0 35
3566 2871 0 24
3567 1071 0 42
3568 447 0 36
3569 1407 0 12
3570 2824 0 22
3571 1992 0 10
3572 916 0 137
3573 2840 0 81
3574 2176 0 24
3575 1191 0 8
3576 3294 0 10
3577 1174 0 13
3578 1963 0 13
3579 2483 0 10
3580 482 0 10
3581 1067 0 1
3582 1290 0 13
3583 1121 1 100
3584 1934 0 8
3585 447 0 31
3586 923 1 0
3587 792 0 10
3588 7317 0 68
3589 456 0 11
3590 1101 0 33
3591 980 0 14
3592 868 0 27
3593 3674 0 23
3594 2829 0 91
3595 7407 0 82
3596 1422 0 13
3597 442 0 79
3598 1150 0 13
3599 1163 0 67
3600 3360 0 20
3601 672 0 20
3602 634 0 13
3603 872 0 24
3604 233 0 7
3605 2441 0 11
3606 1423 0 12
3607 1381 0 13
3608 1013 0 8
3609 859 0 12
3610 11930 0 181
3611 1343 0 19
3612 624 0 12
3613 1969 0 92
3614 793 1 315
3615 1325 0 47
3616 500 0 10
3617 3272 0 11
3618 2137 0 12
3619 1229 0 14
3620 2787 0 10
3621 491 0 29
3622 651 0 10
3623 989 0 7
3624 3174 0 11
3625 1526 0 28
3626 509 0 65
3627 2359 0 40
3628 2319 0 9
3629 2186 0 281
3630 1293 0 60
3631 661 0 6
3632 1529 0 13
3633 309 0 14
3634 2763 0 6
3635 901 1 0
3636 1016 0 14
3637 519 0 12
3638 1232 0 12
3639 725 0 31
3640 433 0 76
3641 8209 0 20
3642 646 0 12
3643 1167 0 351
3644 7971 0 9
3645 1675 0 9
3646 605 0 12
3647 1984 0 21
3648 1840 0 10
3649 3689 0 87
3650 3422 0 14
3651 1094 0 156
3652 2932 1 37
3653 1341 0 11
3654 685 0 8
3655 1019 0 235
3656 1846 0 13
3657 2050 0 369
3658 899 0 13
3659 620 0 90

39 1 2933
1224
3660 1104 0 17
3661 914 0 129
3662 2352 0 53
3663 891 1 11
3664 1900 0 13
3665 1206 0 9
3666 389 0 12
3667 2955 0 71
3668 542 0 19
3669 827 0 11
3670 442 0 9
3671 1259 0 126
3672 1591 0 11
3673 1230 0 16
3674 2360 0 10
3675 3010 0 12
3676 893 0 12
3677 556 0 82
3678 1325 1 0
3679 5072 0 7
3680 1351 0 11
3681 497 0 46
3682 603 0 10
3683 589 0 64
3684 330 0 24
3685 8839 0 11
3686 2095 0 36
3687 1839 0 24
3688 2414 0 13
3689 442 0 13
3690 1263 0 11
3691 6791 0 11
3692 1352 0 37
3693 2197 0 7
3694 975 0 184
3695 1950 0 39
3696 912 0 11
3697 10018 0 41
3698 328 0 8
3699 750 0 11
3700 871 0 54
3701 9364 0 8
3702 695 0 7
3703 2070 0 12
3704 981 0 29
3705 3268 0 10
3706 7050 0 24
3707 438 0 42
3708 170 0 21
3709 1537 0 47
3710 422 0 7
3711 2676 0 59
3712 821 0 8
3713 2931 0 13
3714 3346 0 19
3715 698 0 42
3716 2848 0 69
3717 1274 0 10
3718 2746 0 18
3719 2506 1 19
3720 1519 1 597
3721 697 0 28
3722 340 0 153
3723 2086 0 8
3724 1982 0 29
3725 1884 1 596
3726 1030 0 8
3727 608 0 9
3728 2266 0 12
3729 1790 0 11
3730 2569 0 6
3731 1006 0 10
3732 521 0 41
3733 5014 0 16
3734 2824 0 110
3735 484 0 23
3736 3354 0 8
3737 1370 0 10
3738 2085 0 7
3739 1404 0 9
3740 3348 0 14
3741 1424 0 29
3742 283 0 9
3743 6186 0 93
3744 325 0 42
3745 355 0 23
3746 995 0 16
3747 1956 0 10
3748 678 0 91
3749 2237 0 9
3750 1062 0 11
3751 347 0 310
3752 1884 0 17
3753 1337 0 22
3754 586 0 11
3755 1844 0 77
3756 2919 0 9
3757 3285 0 34
3758 1314 0 70
3759 1607 0 19
3760 1044 0 10
3761 900 0 33
3762 447 0 12
3763 1176 0 65
3764 6916 0 41
3765 12887 0 39
3766 1058 0 46
3767 810 0 7
3768 1257 0 28
3769 3786 0 41
3770 3369 0 12
3771 961 0 31
3772 3237 0 11
3773 2710 0 18
3774 8670 0 18
3775 275 0 18
3776 1745 0 41
3777 2739 0 100
3778 7819 0 9
3779 1960 0 19
3780 2825 0 75
3781 3177 0 9
3782 231 0 13
3783 634 0 10
3784 3318 0 117
3785 1165 0 11
3786 6132 0 152
3787 1096 1 202
3788 1518 0 8
3789 432 0 141
3790 869 0 11
3791 2744 0 7
3792 16466 0 42
3793 1412 0 34
3794 3423 0 7
3795 1420 0 18
3796 864 0 11
3797 1039 0 96
3798 433 0 135
3799 255 0 155
3800 1228 0 9
3801 3361 0 44
3802 178 0 15
3803 1136 1 8
3804 3573 0 299
3805 3355 0 136
3806 1544 0 10
3807 960 0 11
3808 3078 0 13
3809 1178 0 8
3810 1218 0 9
3811 755 0 71
3812 1504 0 99
3813 1528 0 7
3814 3310 0 8
3815 2862 0 63
3816 2774 0 7
3817 1388 0 92
3818 1117 0 18
3819 2800 0 56
3820 12583 0 66
3821 1039 0 42
3822 693 0 29
3823 778 1 0
3824 1377 0 2
3825 1854 0 7
3826 2645 1 17
3827 5138 0 41
3828 248 0 27
3829 1168 1 18
3830 553 0 10
3831 992 0 14
3832 1518 0 37
3833 526 0 7
3834 1342 0 73
3835 897 0 10
3836 6853 0 15
3837 429 0 95
3838 803 0 123
3839 17472 0 12
3840 1192 0 12
3841 179 0 11
3842 2356 0 9
3843 1949 0 261
3844 1303 0 11
3845 1419 0 13
3846 3369 0 13
3847 919 0 7
3848 561 0 7
3849 3991 0 7
3850 1558 0 28
3851 1921 0 10
3852 1206 0 15
3853 1443 0 15
3854 1322 0 8
3855 1669 0 87
3856 922 0 21
3857 3272 0 25
3858 1606 0 81
3859 459 0 10
3860 1476 0 26
3861 1530 0 13
3862 487 0 8
3863 280 0 135
3864 930 0 15
3865 5024 0 13
3866 877 0 78
3867 2941 0 34
3868 1538 0 87
3869 846 0 8
3870 1246 0 18
3871 474 0 13
3872 1005 0 16
3873 1394 0 10
3874 1359 0 25
3875 1262 0 107
3876 13598 0 7
3877 3024 0 10
3878 3785 0 153
3879 202 0 8
3880 2955 0 9
3881 2022 0 23
3882 1989 0 9
3883 529 0 12
3884 400 0 6
3885 1057 0 5
3886 238 0 107
3887 1580 0 30
3888 532 0 13
3889 1009 0 8
3890 668 0 10
3891 5137 1 0
3892 2254 0 13
3893 1233 0 13
3894 17480 0 46
3895 7469 0 229
3896 1422 0 82
3897 874 0 52
3898 2432 0 25
3899 1647 0 18
3900 1161 0 13
3901 7257 1 120
3902 1966 0 127
3903 2379 0 32
3904 864 0 73
3905 496 0 277
3906 5118 0 7
3907 171 0 10
3908 1968 0 12
3909 2890 0 40
3910 414 0 13
3911 389 0 9
3912 3039 0 7
3913 1060 0 30
3914 1418 0 7
3915 1096 0 12
3916 2563 0 12
3917 1741 0 11
3918 1165 0 24
3919 2176 0 24
3920 1710 0 48
3921 1470 0 8
3922 934 0 9
3923 1282 0 18
3924 171 0 18
3925 1308 0 9
3926 1009 0 26
3927 7280 0 11
3928 1143 0 7
3929 3338 0 28
3930 1873 0 16
3931 6453 0 60
3932 1234 0 26
3933 515 1 6
3934 1966 0 13
3935 182 0 11
3936 244 1 16
3937 111 0 66
3938 1243 0 17
3939 1107 1 101
3940 2935 1 7
3941 1253 0 14
3942 1938 0 13
3943 954 0 62
3944 970 0 11
3945 1134 0 14
3946 1252 0 95
3947 826 0 9
3948 702 0 12
3949 602 0 111
3950 1070 0 186
3951 1318 0 11
3952 550 0 12
3953 1316 0 8
3954 2291 0 36
3955 671 0 9
3956 1845 0 9
3957 520 0 73
3958 803 0 131
3959 3216 0 57
3960 7048 0 70
3961 1281 0 8
3962 674 0 183
3963 1707 0 21
3964 716 0 9
3965 206 0 8
3966 1201 0 35
3967 2860 0 9
3968 1232 0 9
3969 1114 0 30
3970 1448 0 10
3971 3374 0 155
3972 418 0 107
3973 1518 0 8
3974 1441 0 210
3975 1672 0 34
3976 1840 0 41
3977 1528 0 71
3978 1219 0 92
3979 10002 0 18
3980 1098 0 44
3981 631 0 18
3982 1778 0 9
3983 680 0 70
3984 1686 0 8
3985 1272 0 11
3986 1477 0 114
3987 6091 0 39
3988 355 0 22
3989 1214 0 7
3990 1264 0 10
3991 2413 0 18
3992 915 0 20
3993 586 0 156
3994 2737 0 29
3995 1404 0 93
3996 2446 0 8
3997 12302 0 9
3998 2827 1 27
3999 1278 0 44
4000 1991 0 80
4001 1302 0 38
4002 5041 0 151
4003 360 0 34
4004 1490 0 10
4005 1697 0 30
4006 3381 0 10
4007 2833 0 21
4008 1990 0 5
4009 1237 0 12
4010 5054 0 14
4011 1160 0 147
4012 3292 0 8
4013 731 0 8
4014 570 0 8
4015 8377 0 9
4016 522 0 47
4017 622 0 12
4018 1506 0 12
4019 1160 0 37
4020 417 0 10
4021 3331 0 118
4022 1811 0 14
4023 525 0 13
4024 1219 0 76
4025 3339 0 17
4026 1057 0 9
4027 1060 0 102
4028 1511 0 8
4029 2339 0 154
4030 1549 0 7
4031 3214 0 13
4032 3239 0 9
4033 7835 0 52
4034 1043 0 13
4035 678 0 23
4036 327 0 146
4037 1347 1 0
4038 1505 0 16
4039 603 0 11
4040 2886 0 20
4041 960 0 12
4042 456 0 7
4043 293 0 24
4044 989 0 24
4045 1957 0 71
4046 869 0 3
4047 884 0 100
4048 992 0 39
4049 5035 0 30
4050 316 0 48
4051 1910 0 63
4052 1691 0 40
4053 17301 0 49
4054 1224 0 7
4055 164 0 29
4056 1285 1 0
4057 778 0 12
4058 2943 0 12
4059 1431 0 367
4060 2346 0 12
4061 1516 0 16
4062 1429 0 9
4063 2348 1 302
4064 2873 0 9
4065 7576 0 8
4066 3209 0 30
4067 610 0 25
4068 1309 0 30
4069 510 0 13
4070 719 0 8
4071 828 0 59
4072 1429 0 12
4073 948 0 37
4074 1092 0 12
4075 17138 0 38
4076 7173 0 31
4077 1938 0 19
4078 614 0 9
4079 5148 0 30
4080 3267 0 12
4081 508 0 37
4082 1537 0 13
4083 974 0 59
4084 1857 0 36
4085 831 0 7
4086 7756 0 27
4087 183 0 15
4088 1504 0 67
4089 3300 0 27
4090 3338 0 15
4091 747 0 10
4092 171 0 32
4093 433 0 32
4094 2014 0 41
4095 6242 0 10
4096 1631 0 13
4097 2515 0 11
4098 1432 0 11
4099 2411 0 13
4100 5051 0 178
4101 426 0 16
4102 208 0 8
4103 8085 0 61
4104 7693 0 24
4105 557 0 11
4106 7557 0 8
4107 306 0 15
4108 2439 0 36
4109 547 0 11
4110 1933 0 12
4111 183 0 18
4112 875 0 8
4113 3225 0 7
4114 1530 0 9
4115 8891 0 37
4116 175 0 8
4117 7051 0 7
4118 5047 0 81
4119 1783 0 13
4120 1400 0 93
4121 1296 0 35
4122 1323 0 37
4123 2319 0 7
4124 1273 0 10
4125 411 0 12
4126 3228 0 3
4127 268 0 10
4128 458 0 11
4129 3166 0 7
4130 3079 0 13
4131 1096 0 16
4132 2089 0 18
4133 1644 0 18
4134 2490 0 11
4135 407 0 24
4136 1421 0 14
4137 2311 0 11
4138 442 1 313
4139 677 0 31
4140 252 0 8
4141 1551 0 10
4142 747 0 7
4143 2102 0 19
4144 668 0 10
4145 1020 0 76
4146 664 0 6
4147 299 0 69
4148 1469 0 140
4149 934 0 10
4150 2443 0 23
4151 789 0 14
4152 2953 1 0
4153 1152 0 233
4154 493 0 12
4155 2789 0 21
4156 2610 0 17
4157 1383 0 8
4158 5056 0 6
4159 894 0 73
4160 199 0 12
4161 1081 0 8
4162 1570 0 11
4163 3020 0 70
4164 1593 0 10
4165 14783 0 7
4166 1810 0 8
4167 369 0 67
4168 2294 0 7
4169 11606 0 18
4170 676 1 0
4171 10114 0 35
4172 575 0 9
4173 217 0 13
4174 901 0 8
4175 1455 0 30
4176 164 0 5
4177 1429 0 11
4178 1443 0 144
4179 1984 0 135
4180 5006 0 9
4181 1346 0 10
4182 1089 0 73
4183 1532 0 131
4184 1407 0 10
4185 1282 0 28
4186 484 0 23
4187 6730 0 11
4188 599 0 10
4189 7116 0 29
4190 1285 0 186
4191 1167 0 26
4192 171 0 14
4193 624 0 9
4194 1522 0 57
4195 419 0 21
4196 16557 0 70
4197 1970 0 10
4198 5120 0 125
4199 3226 1 6
4200 2583 0 69
4201 1305 0 15
4202 823 0 7
4203 3345 1 30
4204 2086 0 19
4205 7256 0 10
4206 9303 0 69
4207 614 0 9
4208 273 0 10
4209 1609 0 125
4210 1528 0 17
4211 1012 0 13
4212 1012 0 18
4213 969 0 137
4214 3912 0 8
4215 694 0 11
4216 738 0 12
4217 1965 0 26
4218 751 0 8
4219 1535 0 11
4220 963 0 16
4221 797 0 10
4222 1513 0 36
4223 2287 0 17
4224 2293 0 14
4225 2174 1 0
4226 7013 0 114
4227 1408 0 63
4228 1064 0 10
4229 1338 0 12
4230 1240 0 12
4231 1112 0 37
4232 3412 0 10
4233 848 0 73
4234 2471 0 20
4235 5115 0 13
4236 1711 0 40
4237 1411 0 24
4238 1203 0 11
4239 774 0 113
4240 3218 0 17
4241 1298 0 12
4242 3020 0 33
4243 1689 0 11
4244 563 1 16
4245 2406 0 11
4246 3233 1 0
4247 1534 0 50
4248 901 0 11
4249 2873 0 16
4250 3335 0 10
4251 283 0 30
4252 1650 0 8
4253 1094 1 20
4254 1399 0 13
4255 1941 0 8
4256 7907 0 7
4257 2619 0 9
4258 1653 0 52
4259 1377 0 27
4260 1125 0 13
4261 532 0 13
4262 3238 1 400
4263 6257 0 12
4264 6260 0 12
4265 3231 0 7
4266 3112 0 8
4267 7051 0 11
4268 1429 0 13
4269 5139 0 16
4270 435 0 11
4271 6715 0 11
4272 637 0 8
4273 5075 0 10
4274 3140 0 281
4275 1310 0 54
4276 558 0 43
4277 954 0 73
4278 1972 0 8
4279 1530 0 20
4280 390 0 8
4281 2518 0 46
4282 1710 0 72
4283 5016 0 25
4284 2085 0 13
4285 896 0 112
4286 180 0 9
4287 6697 0 9
4288 2166 0 31
4289 507 0 21
4290 1118 1 0
4291 5066 0 82
4292 315 0 7
4293 1513 0 32
4294 6000 0 13
4295 1100 0 17
4296 1171 0 8
4297 1014 0 52
4298 1504 0 11
4299 7742 0 7
4300 1510 0 17
4301 1655 0 183
4302 1032 0 21
4303 3374 0 13
4304 1119 0 129
4305 264 0 39
4306 1041 0 99
4307 566 0 20
4308 8191 0 38
4309 615 0 13
4310 813 0 19
4311 5130 0 19
4312 6206 0 23
4313 8893 0 150
4314 3760 0 40
4315 1093 0 64
4316 646 0 17
4317 851 0 8
4318 317 1 0
4319 724 0 94
4320 325 0 40
4321 2593 0 38
4322 1429 0 221
4323 1958 0 7
4324 7051 0 10
4325 577 0 7
4326 731 0 12
4327 4997 0 618
4328 71 1 7
4329 2928 0 10
4330 970 0 16
4331 735 0 12
4332 186 0 6
4333 1513 0 10
4334 1359 1 0
4335 1407 0 12
4336 191 0 48
4337 381 0 367
4338 1943 0 8
4339 7304 0 49
4340 2369 0 40
4341 1173 1 21
4342 1251 0 19
4343 579 0 10
4344 3267 0 49
4345 327 0 53
4346 1960 0 12
4347 3323 0 11
4348 611 0 13
4349 1951 1 21
4350 1264 0 17
4351 3375 0 12
4352 2446 0 11
4353 1741 1 717
4354 1679 0 10
4355 640 0 128
4356 7404 1 0
4357 989 0 23
4358 2509 0 41
4359 1438 0 39
4360 1915 0 52
4361 534 0 44
4362 1528 0 11
4363 7649 0 101
4364 189 0 16
4365 1063 0 11
4366 719 0 19
4367 962 0 52
4368 881 0 14
4369 1180 0 73
4370 699 0 222
4371 11810 0 22
4372 1934 0 18
4373 1803 0 15
4374 12145 0 8
4375 2532 0 12
4376 1569 0 63
4377 989 0 10
4378 1215 0 29
4379 719 0 7
4380 1924 0 11
4381 1079 0 19
4382 890 0 68
4383 1513 0 42
4384 2781 0 8
4385 1953 0 19
4386 998 0 9
4387 1082 0 12
4388 2548 0 12
4389 3909 0 10
4390 7457 0 11
4391 1965 0 77
4392 1518 0 9
4393 1810 0 15
4394 1304 0 17
4395 7747 0 12
4396 7050 0 13
4397 686 0 18
4398 890 0 29
4399 850 0 10
4400 2384 0 11
4401 1057 0 141
4402 1959 0 50
4403 2862 0 13
4404 1775 0 25
4405 816 0 12
4406 2302 1 0
4407 1525 0 12
4408 946 0 10
4409 2380 0 53
4410 3280 0 415
4411 1268 0 12
4412 456 0 6
4413 444 0 16
4414 2065 0 65
4415 1399 0 12
4416 3372 0 38
4417 204 0 17
4418 16701 0 11
4419 1947 0 7
4420 3711 0 10
4421 2898 0 71
4422 2066 0 38
4423 3256 0 12
4424 1972 0 37
4425 1034 0 10
4426 1183 0 12
4427 437 0 28
4428 242 0 7
4429 974 0 212
4430 771 0 34
4431 1516 0 81
4432 2484 0 14
4433 1193 1 41
4434 1780 0 9
4435 2779 0 11
4436 1109 0 58
4437 2799 0 15
4438 960 0 11
4439 1247 0 25
4440 673 0 12
4441 628 0 7
4442 12582 0 8
4443 836 1 20
4444 2790 0 13
4445 1264 0 9
4446 1398 0 33
4447 2845 1 130
4448 200 0 40
4449 601 0 8
4450 1790 0 47
4451 1016 0 7
4452 277 0 8
4453 564 0 12
4454 986 0 24
4455 516 0 18
4456 1050 0 11
4457 1643 0 8
4458 1056 0 19
4459 1936 0 11
4460 532 0 30
4461 6745 0 99
4462 2264 0 11
4463 3306 0 14
4464 937 0 7
4465 712 0 12
4466 2757 0 8
4467 1338 0 51
4468 690 0 24
4469 842 0 10
4470 1047 0 11
4471 1793 0 13
4472 980 0 19
4473 1423 1 6
4474 3311 0 38
4475 364 0 103
4476 916 0 13
4477 850 0 11
4478 1416 0 8
4479 18085 1 0
4480 1398 0 343
4481 1358 0 18
4482 916 0 32
4483 2526 0 31
4484 2849 1 85
4485 842 0 13
4486 1529 0 31
4487 1144 0 7
4488 2083 0 10
4489 5007 0 109
4490 2093 0 17
4491 706 0 12
4492 1475 0 7
4493 565 0 26
4494 3732 0 32
4495 12749 0 13
4496 1238 1 16
4497 1983 0 17
4498 841 0 11
4499 7104 0 41
4500 5289 0 141
4501 213 0 22
4502 919 0 11
4503 1168 0 11
4504 772 0 11
4505 1271 0 10
4506 531 0 132
4507 463 0 37
4508 2393 0 90
4509 1367 0 281
4510 3086 0 90
4511 619 0 12
4512 1068 0 106
4513 1174 0 18
4514 886 0 39
4515 1728 0 11
4516 1286 0 10
4517 522 0 10
4518 244 0 14
4519 1382 0 11
4520 227 1 597
4521 931 1 16
4522 3705 0 28
4523 2408 0 10
4524 1988 0 11
4525 1146 1 596
4526 1333 0 79
4527 614 0 18
4528 507 0 12
4529 1933 0 18
4530 6779 0 10
4531 925 0 64
4532 1732 0 41
4533 1500 0 9
4534 329 0 57
4535 278 0 12
4536 3574 1 0
4537 484 0 11
4538 730 0 9
4539 1401 0 163
4540 771 0 40
4541 577 0 11
4542 3343 0 10
4543 1968 0 45
4544 1973 0 130
4545 291 0 35
4546 2815 0 7
4547 12857 0 12
4548 963 0 35
4549 1162 0 88
4550 2171 0 35
4551 840 0 19
4552 815 0 176
4553 7031 0 173
4554 12750 0 207
4555 5023 1 0
4556 363 0 12
4557 446 0 10
4558 6566 0 9
4559 1286 0 26
4560 1240 0 419
4561 1987 0 9
4562 631 0 10
4563 3562 0 25
4564 1944 0 11
4565 2558 0 119
4566 1123 0 10
4567 3164 0 18
4568 949 0 18
4569 2903 0 10
4570 1341 0 67
4571 3103 1 0
4572 1149 0 31
4573 2894 0 13
4574 1156 0 3
4575 847 0 148
4576 3228 0 11
4577 1256 0 11
4578 1977 0 28
4579 630 0 8
4580 2878 0 9
4581 1109 0 13
4582 1516 0 73
4583 966 0 8
4584 2838 0 8
4585 588 0 12
4586 592 0 11
4587 696 0 16
4588 3205 0 10
4589 3601 0 9
4590 846 0 11
4591 851 0 16
4592 497 0 13
4593 1965 0 40
4594 710 0 6
4595 171 0 39
4596 2832 0 80
4597 846 0 9
4598 1965 0 34
4599 5059 0 13
4600 3350 0 25
4601 760 0 68
4602 1632 0 18
4603 574 0 9
4604 807 0 11
4605 12447 0 30
4606 12051 0 13
4607 1538 0 11
4608 2852 0 10
4609 1795 1 6
4610 587 0 31
4611 1902 0 27
4612 400 0 13
4613 25 0 18
4614 2922 0 9
4615 6731 0 74
4616 538 0 30
4617 1157 0 17
4618 1242 0 56
4619 1337 0 8
4620 3242 0 22
4621 1184 1 118
4622 855 0 12
4623 17650 0 11
4624 899 0 12
4625 16106 0 107
4626 1967 0 13
4627 2213 0 12
4628 2597 0 18
4629 2031 0 11
4630 5051 0 63
4631 20 0 6
4632 418 0 6
4633 436 0 8
4634 3353 0 82
4635 1916 0 10
4636 1892 1 0
4637 984 0 7
4638 1398 0 13
4639 1092 0 208
4640 3347 0 22
4641 5084 0 10
4642 541 0 13
4643 577 0 20
4644 1172 1 58
4645 1956 0 130
4646 1367 0 145
4647 2768 0 111
4648 5122 0 42
4649 890 0 9
4650 924 0 73
4651 451 0 14
4652 12730 0 18
4653 405 0 8
4654 1517 0 16
4655 821 0 116
4656 954 1 817
4657 638 0 25
4658 12834 0 30
4659 1512 0 110
4660 2867 1 515
4661 1104 0 216
4662 7468 0 12
4663 452 0 34
4664 1410 0 11
4665 7042 0 10
4666 639 0 18
4667 964 0 10
4668 7600 0 40
4669 1183 0 14
4670 764 0 11
4671 1159 0 168
4672 1389 0 11
4673 1387 0 12
4674 1958 0 13
4675 650 0 37
4676 591 0 8
4677 2077 0 10
4678 3254 0 106
4679 7340 0 30
4680 312 0 62
4681 2767 0 11
4682 6730 0 10
4683 7389 0 399
4684 1363 0 106
4685 6717 0 13
4686 2255 0 38
4687 55 0 30
4688 2783 0 10
4689 940 0 18
4690 5000 0 12
4691 3377 1 0
4692 1306 0 10
4693 7770 0 176
4694 1508 0 225
4695 670 0 11
4696 1328 0 11
4697 656 0 11
4698 5040 1 619
4699 3508 0 41
4700 7329 0 128
4701 447 0 11
4702 839 1 0
4703 164 0 13
4704 2151 0 163
4705 1161 0 6
4706 742 0 47
4707 1488 0 9
4708 1030 0 7
4709 7299 0 11
4710 2185 0 9
4711 1984 0 11
4712 420 0 15
4713 190 0 9
4714 506 0 9
4715 177 0 10
4716 1775 0 13
4717 1200 0 27
4718 3178 0 17
4719 1990 0 19
4720 1311 0 11
4721 2761 0 13
4722 203 0 9
4723 2729 0 13
4724 5046 0 142
4725 1945 0 9
4726 987 0 103
4727 864 0 10
4728 698 0 43
4729 181 0 29
4730 1955 0 19
4731 17052 0 38
4732 1079 0 37
4733 6107 0 312
4734 3164 0 9
4735 999 0 12
4736 247 0 83
4737 363 0 7
4738 330 0 10
4739 413 0 55
4740 229 0 43
4741 1516 0 14
4742 1509 0 78
4743 1038 0 32
4744 598 0 11
4745 2073 0 51
4746 1169 0 10
4747 5127 0 11
4748 1017 0 18
4749 792 0 11
4750 1970 0 8
4751 182 0 13
4752 706 0 33
4753 1708 0 9
4754 3367 0 12
4755 2080 0 10
4756 834 0 22
4757 3437 0 13
4758 244 0 95
4759 1099 0 11
4760 2178 0 75
4761 1275 0 7
4762 289 0 17
4763 1847 0 26
4764 5051 0 12
4765 3141 0 13
4766 1257 0 80
4767 2146 0 13
4768 732 0 43
4769 344 0 18
4770 1597 0 9
4771 1177 1 0
4772 14782 0 12
4773 508 0 12
4774 5114 0 7
4775 3227 0 7
4776 1063 0 11
4777 1516 0 7
4778 1950 0 7
4779 989 0 31
4780 684 0 18
4781 1424 0 11
4782 841 0 18
4783 3937 0 20
4784 2253 0 11
4785 165 0 9
4786 5114 0 32
4787 1306 0 10
4788 3887 0 5
4789 478 0 11
4790 1288 0 13
4791 1655 0 26
4792 767 0 11
4793 5064 0 7
4794 2259 0 12
4795 2457 0 12
4796 2934 0 103
4797 1066 0 11
4798 2504 0 8
4799 1370 0 30
4800 1394 1 145
4801 1319 1 0
4802 1820 0 9
4803 7410 0 11
4804 7543 0 11
4805 1538 0 10
4806 1557 1 0
4807 1056 0 7
4808 356 0 9
4809 745 0 29
4810 6575 0 19
4811 1091 0 27
4812 12567 0 38
4813 1137 0 68
4814 3795 0 13
4815 989 0 37
4816 1188 0 83
4817 5066 0 12
4818 1528 0 33
4819 2087 0 24
4820 6164 0 22
4821 441 1 19
4822 5090 1 0
4823 454 0 242
4824 1526 0 16
4825 1291 0 73
4826 1413 0 12
4827 459 0 144
4828 1748 0 75
4829 1979 0 221
4830 1302 0 28
4831 250 0 81
4832 1467 0 126
4833 472 0 19
4834 1333 0 12
4835 1059 0 10
4836 1039 0 13
4837 929 0 11
4838 859 0 10
4839 1089 0 185
4840 2416 0 29
4841 2022 0 8
4842 6201 0 10
4843 2242 0 42
4844 858 0 29
4845 3931 1 0
4846 944 0 10
4847 1225 0 13
4848 2543 0 56
4849 1232 0 11
4850 659 0 23
4851 3022 0 36
4852 855 0 12
4853 408 0 10
4854 3251 0 16
4855 1168 0 162
4856 442 0 128
4857 916 0 57
4858 10061 0 13
4859 641 0 11
4860 575 0 21
4861 9566 0 11
4862 1664 0 8
4863 724 0 142
4864 1369 0 9
4865 6193 0 12
4866 1961 0 8
4867 3303 0 11
4868 199 0 13
4869 1366 0 35
4870 1410 0 14
4871 989 0 29
4872 1302 0 8
4873 3295 0 36
4874 1155 0 12
4875 3161 0 35
4876 1336 0 15
4877 889 0 68
4878 837 0 10
4879 1436 0 110
4880 5841 0 12
4881 1202 0 12
4882 3516 0 9
4883 7300 0 59

