40

0 1 291
125
0 1947 0 36
1 1965 0 10
2 173 0 363
3 2439 0 37
4 3372 0 14
5 1582 0 23
6 5151 0 26
7 758 0 8
8 1123 0 14
9 252 0 16
10 1047 0 92
11 1987 0 2
12 878 0 51
13 3278 0 47
14 678 0 46
15 487 1 122
16 1764 0 10
17 464 0 13
18 1411 0 71
19 13381 0 8
20 775 0 187
21 1005 0 11
22 2250 0 6
23 497 1 9
24 2824 0 10
25 5038 0 12
26 1978 0 11
27 5095 0 6
28 395 0 10
29 2033 0 15
30 15986 0 32
31 1214 0 29
32 432 1 82
33 1504 0 13
34 1066 0 2
35 1513 0 69
36 1288 0 25
37 1780 0 7
38 306 0 18
39 1967 0 20
40 6483 0 7
41 715 0 15
42 2379 0 40
43 12697 0 30
44 513 0 42
45 848 0 24
46 851 0 71
47 1167 0 12
48 715 0 11
49 8744 0 150
50 1126 0 53
51 1229 0 36
52 1129 0 10
53 1000 0 18
54 2508 0 22
55 1310 0 11
56 5122 0 42
57 3139 0 13
58 882 0 19
59 964 0 258
60 533 0 13
61 939 0 8
62 1436 0 41
63 168 0 16
64 1013 0 9
65 972 0 11
66 854 0 11
67 1393 0 78
68 5844 0 15
69 1335 0 24
70 1800 0 19
71 5020 0 10
72 3260 0 136
73 898 0 10
74 9368 0 13
75 561 0 30
76 12476 0 72
77 1785 0 129
78 1293 1 0
79 2101 0 6
80 739 0 42
81 692 0 19
82 1523 0 30
83 493 0 11
84 641 0 17
85 1404 0 32
86 1063 0 48
87 785 0 9
88 365 0 7
89 5054 0 11
90 622 0 24
91 11792 0 67
92 6729 0 188
93 2482 0 29
94 1116 0 0
95 646 0 10
96 1504 0 9
97 6738 0 13
98 1003 0 13
99 1267 0 11
100 603 0 25
101 636 0 15
102 3743 0 833
103 419 0 6
104 534 0 82
105 7335 1 0
106 989 0 9
107 1183 0 17
108 1538 0 10
109 1365 0 39
110 8886 0 8
111 6085 0 11
112 199 0 12
113 619 0 7
114 903 0 10
115 6087 0 6
116 3322 0 11
117 838 0 11
118 1042 0 14
119 2872 0 151
120 2965 0 104
121 1969 0 30
122 1327 0 44
123 829 0 11
124 6455 0 13

1 0 501
127
125 867 0 10
126 489 0 12
127 1223 0 16
128 927 0 284
129 1081 0 13
130 989 0 34
131 11946 0 39
132 12935 0 13
133 1229 0 13
134 3780 0 7
135 2338 0 11
136 1390 0 8
137 199 0 10
138 379 0 15
139 922 0 13
140 181 0 8
141 1073 0 69
142 1174 0 7
143 821 0 31
144 589 0 13
145 3166 0 32
146 914 0 13
147 1191 0 12
148 633 0 8
149 1537 0 19
150 12738 0 37
151 2562 0 216
152 673 0 11
153 5040 0 12
154 229 0 20
155 3139 1 0
156 871 0 8
157 1983 0 8
158 928 0 24
159 1035 0 30
160 6779 0 10
161 1972 0 2
162 1812 0 10
163 1598 0 8
164 895 0 10
165 5097 0 11
166 6523 1 24
167 333 1 0
168 1300 0 13
169 488 1 315
170 1333 0 9
171 1982 0 11
172 1512 0 41
173 2191 0 9
174 7051 0 25
175 1391 0 11
176 369 0 131
177 3164 0 97
178 2166 0 27
179 1309 0 193
180 1248 0 29
181 791 0 10
182 601 0 24
183 1843 0 72
184 1941 0 6
185 7666 0 7
186 1419 0 18
187 603 0 10
188 1529 0 11
189 624 0 29
190 3212 0 13
191 722 0 51
192 7662 0 42
193 1008 0 30
194 989 0 10
195 7468 0 54
196 1976 0 24
197 812 0 7
198 1650 0 100
199 951 0 7
200 1184 0 11
201 1944 0 22
202 1406 0 23
203 122 0 12
204 1143 0 7
205 2846 0 89
206 1009 0 42
207 420 0 110
208 1513 0 39
209 682 0 11
210 7924 0 96
211 721 0 8
212 1362 0 42
213 363 0 21
214 1983 0 7
215 1710 0 23
216 760 0 9
217 5104 0 42
218 1699 0 10
219 859 0 38
220 6755 0 52
221 865 1 0
222 1943 0 75
223 3159 0 10
224 5146 0 10
225 3279 0 22
226 3379 0 11
227 2586 0 12
228 3314 0 19
229 1241 0 39
230 1116 0 11
231 7960 0 9
232 676 0 9
233 923 0 10
234 1431 0 140
235 915 0 27
236 1848 0 49
237 2840 0 42
238 433 0 227
239 206 0 12
240 1071 0 19
241 2838 0 10
242 4392 0 11
243 373 0 346
244 7 0 36
245 748 0 8
246 5760 0 185
247 2382 0 39
248 683 0 24
249 2447 0 10
250 2441 0 8
251 964 0 13

2 1 530
33
252 424 0 10
253 2265 0 16
254 1263 0 10
255 1041 0 50
256 7858 0 34
257 436 0 7
258 2289 1 26
259 1431 0 9
260 164 0 50
261 3317 0 10
262 1399 0 8
263 357 0 38
264 1017 0 10
265 875 0 7
266 717 0 9
267 2544 0 11
268 185 0 23
269 1775 0 8
270 989 0 8
271 1331 0 17
272 5104 0 7
273 5000 0 24
274 752 0 18
275 1273 0 13
276 3179 0 13
277 1551 0 12
278 1431 0 27
279 954 0 107
280 1463 0 29
281 657 0 10
282 451 0 22
283 1090 0 74
284 912 0 9

3 0 532
1272
285 1208 0 19
286 691 0 79
287 204 0 13
288 1006 0 98
289 989 0 11
290 3278 0 108
291 299 0 8
292 944 0 18
293 9368 0 134
294 768 0 10
295 11793 0 241
296 503 0 6
297 8209 0 19
298 1987 0 8
299 420 0 83
300 1944 0 54
301 3264 0 17
302 458 0 24
303 472 0 9
304 6915 0 6
305 1573 0 13
306 1144 0 87
307 7323 0 9
308 1421 0 74
309 9 0 6
310 1770 0 7
311 588 0 8
312 1189 0 44
313 1591 0 12
314 2509 0 40
315 1820 0 11
316 1537 0 23
317 5048 0 9
318 975 0 164
319 1181 0 11
320 835 0 11
321 3282 0 8
322 968 0 48
323 602 0 50
324 590 0 18
325 11603 0 11
326 964 0 10
327 571 0 169
328 657 0 10
329 989 0 50
330 1149 0 151
331 776 0 89
332 989 0 5
333 2652 0 70
334 58 0 24
335 852 0 122
336 495 0 46
337 2218 0 40
338 12748 0 31
339 1267 0 10
340 493 0 23
341 159 0 20
342 1847 0 76
343 1377 0 41
344 1208 0 125
345 1605 0 8
346 6364 0 10
347 3040 0 47
348 981 0 75
349 1711 0 84
350 306 0 11
351 1985 0 52
352 754 0 11
353 11192 0 28
354 1396 0 9
355 1674 0 10
356 1942 0 29
357 1148 0 11
358 1128 0 8
359 1702 0 142
360 3243 0 13
361 977 0 268
362 781 0 11
363 618 0 11
364 7048 0 41
365 414 0 29
366 691 0 32
367 1393 0 41
368 3564 0 9
369 1411 0 76
370 989 0 9
371 1378 0 7
372 1375 0 13
373 5118 0 11
374 841 0 11
375 5011 0 19
376 7329 0 41
377 2722 0 78
378 28 0 352
379 406 0 77
380 882 0 19
381 1645 0 23
382 174 0 10
383 765 0 95
384 1425 0 10
385 1325 0 10
386 558 0 12
387 1215 0 41
388 1226 0 142
389 537 1 0
390 14919 0 36
391 3594 0 46
392 2196 0 10
393 2611 0 9
394 1052 0 18
395 1072 0 10
396 1941 0 103
397 368 0 13
398 2585 0 20
399 1518 0 10
400 184 0 13
401 1917 0 9
402 332 0 10
403 3158 1 0
404 1225 0 20
405 2844 0 28
406 688 0 10
407 1269 0 99
408 973 0 11
409 1231 0 11
410 1971 0 12
411 1643 0 55
412 1070 0 120
413 568 0 27
414 997 1 92
415 3296 0 8
416 5 0 8
417 566 0 29
418 1355 0 11
419 1180 0 16
420 590 0 0
421 3376 0 17
422 3557 0 14
423 585 0 83
424 2598 0 7
425 424 0 8
426 446 0 61
427 1407 0 10
428 1320 0 25
429 1416 0 17
430 705 0 84
431 977 0 11
432 565 0 41
433 1683 0 9
434 324 0 12
435 2856 0 19
436 426 0 8
437 1289 0 70
438 1097 0 19
439 584 0 11
440 1110 0 7
441 3317 0 29
442 327 0 5
443 981 0 217
444 2224 0 7
445 628 0 9
446 6923 0 10
447 6770 0 9
448 3272 0 92
449 1621 0 10
450 1941 0 21
451 1681 0 6
452 1415 0 50
453 1502 0 67
454 7311 0 18
455 10212 0 11
456 929 0 18
457 2388 0 222
458 3316 1 9
459 950 0 32
460 693 1 0
461 936 0 10
462 1052 0 8
463 8490 0 10
464 288 0 53
465 2362 0 18
466 747 0 10
467 672 0 23
468 309 0 72
469 1672 0 86
470 3407 0 19
471 694 0 20
472 453 0 9
473 2949 0 11
474 3266 0 23
475 12679 0 616
476 2342 0 8
477 7473 0 13
478 5075 0 11
479 1216 1 244
480 999 0 7
481 957 0 11
482 1339 0 39
483 1529 0 13
484 1698 0 8
485 2931 0 13
486 482 0 17
487 3178 0 12
488 3292 0 110
489 1744 0 7
490 2254 0 138
491 832 0 51
492 2062 0 44
493 1075 0 9
494 272 0 67
495 1163 0 11
496 703 1 0
497 1537 0 12
498 287 0 10
499 477 0 100
500 12758 0 34
501 2009 0 152
502 2853 0 29
503 1264 0 10
504 1239 0 110
505 2178 0 8
506 66 0 14
507 3172 0 9
508 1051 0 12
509 1967 1 3
510 1978 0 22
511 5047 0 10
512 1309 0 15
513 455 0 38
514 560 0 42
515 938 0 71
516 14897 0 23
517 8940 0 11
518 534 0 41
519 1983 0 7
520 1304 0 18
521 275 0 11
522 956 0 6
523 890 0 57
524 2558 0 13
525 805 0 35
526 840 0 20
527 931 0 43
528 2609 0 11
529 2633 0 20
530 1025 0 17
531 1307 1 0
532 757 0 11
533 1511 0 71
534 201 0 6
535 3182 0 10
536 1858 0 10
537 3333 0 9
538 313 1 0
539 1170 0 11
540 167 0 12
541 1163 0 11
542 1692 0 56
543 640 0 15
544 1024 0 12
545 294 0 43
546 310 0 17
547 989 0 34
548 5141 0 13
549 1411 0 10
550 1314 0 11
551 1365 0 40
552 1042 0 7
553 2310 0 10
554 13918 0 12
555 1135 0 9
556 1432 0 12
557 2800 0 27
558 11819 0 7
559 6734 0 10
560 185 1 0
561 854 1 0
562 1942 1 517
563 1178 0 13
564 1955 0 10
565 1855 0 143
566 1429 0 13
567 12788 0 11
568 1311 0 13
569 3292 0 247
570 1906 0 11
571 323 0 68
572 5051 0 8
573 1962 0 10
574 199 0 24
575 989 0 8
576 1080 0 10
577 1529 0 6
578 884 0 90
579 722 0 11
580 5761 0 18
581 2888 0 18
582 372 0 35
583 664 0 8
584 2308 0 11
585 3258 0 10
586 2223 0 11
587 1393 0 24
588 858 0 12
589 1300 0 9
590 729 0 14
591 1426 0 11
592 1478 0 16
593 3155 0 7
594 3227 0 13
595 3219 0 95
596 1357 0 98
597 1794 0 21
598 3378 0 14
599 1255 0 10
600 2093 0 10
601 1325 0 77
602 418 0 9
603 2800 0 15
604 2260 0 11
605 769 0 11
606 1923 0 111
607 271 0 8
608 1697 0 57
609 6357 0 7
610 1268 0 12
611 6478 0 6
612 1033 0 19
613 1317 1 18
614 2790 0 35
615 3796 0 81
616 7654 0 31
617 3168 0 8
618 989 0 13
619 650 0 98
620 723 0 18
621 1215 0 12
622 3191 0 9
623 2389 0 100
624 6204 0 29
625 3334 0 130
626 1182 0 19
627 417 0 60
628 3193 0 9
629 356 0 73
630 842 0 8
631 622 0 13
632 1040 0 15
633 1639 0 10
634 1004 0 12
635 1471 0 136
636 521 0 11
637 694 0 9
638 1283 0 6
639 357 0 13
640 1953 0 10
641 2886 0 14
642 184 0 52
643 1458 0 11
644 1518 0 33
645 1371 0 6
646 972 1 17
647 792 0 10
648 6112 0 154
649 560 0 28
650 858 0 46
651 179 1 472
652 1343 0 34
653 2817 0 13
654 1450 0 8
655 1811 0 8
656 905 0 40
657 1281 0 7
658 1309 0 30
659 2444 0 76
660 565 0 11
661 2798 0 18
662 385 1 0
663 3148 0 12
664 1547 0 7
665 3173 0 9
666 1809 0 34
667 1387 0 23
668 1045 0 37
669 835 0 11
670 1113 0 8
671 5122 0 13
672 2170 0 9
673 1282 0 72
674 2612 0 11
675 1943 1 429
676 371 1 0
677 513 0 19
678 7545 0 49
679 1412 0 85
680 7282 0 20
681 11506 0 339
682 989 0 8
683 2112 0 36
684 1030 0 46
685 620 0 12
686 1325 0 37
687 823 0 13
688 341 0 9
689 2466 0 8
690 978 0 29
691 1990 0 11
692 199 0 10
693 1528 0 11
694 2830 0 11
695 3251 0 9
696 578 0 8
697 669 0 6
698 1958 0 8
699 535 0 10
700 509 0 15
701 1421 0 247
702 1531 0 13
703 1378 0 25
704 182 0 18
705 423 1 30
706 819 0 12
707 1596 0 22
708 624 0 12
709 855 0 12
710 3152 0 11
711 2826 0 12
712 585 0 11
713 3315 0 38
714 3140 0 10
715 1082 0 72
716 12766 0 20
717 1534 0 12
718 1958 0 14
719 1440 0 60
720 1189 0 14
721 431 0 16
722 1629 0 54
723 2040 0 7
724 1978 0 9
725 1067 0 19
726 2961 0 11
727 730 0 13
728 1456 0 16
729 722 0 13
730 2322 0 7
731 5107 0 8
732 307 0 18
733 2954 0 23
734 3213 1 317
735 2931 0 13
736 7051 0 8
737 1273 0 12
738 6735 0 13
739 426 0 56
740 5157 0 82
741 912 0 11
742 756 0 7
743 523 0 58
744 2293 0 19
745 2784 0 12
746 713 0 47
747 3098 0 19
748 7655 0 13
749 1592 0 12
750 197 0 19
751 13055 0 98
752 204 0 12
753 5124 0 13
754 2479 0 54
755 6457 0 27
756 2910 0 19
757 12513 0 14
758 5937 0 7
759 2942 0 10
760 5144 0 72
761 2354 0 20
762 14376 0 9
763 1020 0 13
764 828 0 22
765 3301 0 274
766 454 0 8
767 952 0 19
768 6025 0 8
769 6495 0 11
770 589 0 9
771 3302 0 44
772 1983 0 98
773 16097 0 8
774 1118 0 48
775 2200 0 12
776 2986 0 6
777 2587 0 21
778 749 0 16
779 273 0 291
780 1045 1 0
781 943 0 10
782 2835 0 7
783 994 0 89
784 1066 0 29
785 480 0 20
786 3247 0 13
787 1531 0 14
788 1676 1 0
789 1508 0 169
790 1170 0 8
791 935 0 22
792 3318 0 9
793 797 0 147
794 1886 0 13
795 2203 0 18
796 2868 0 20
797 1795 1 62
798 2950 0 9
799 739 0 12
800 1716 0 12
801 2937 0 19
802 1526 0 159
803 896 0 18
804 3233 0 99
805 725 0 34
806 631 0 27
807 2936 1 25
808 1956 0 39
809 1215 0 11
810 1256 0 158
811 8829 0 121
812 581 1 28
813 2895 0 21
814 3696 0 100
815 1332 0 9
816 5140 0 170
817 2776 0 9
818 7186 0 20
819 6369 0 12
820 910 1 515
821 2272 0 12
822 1309 0 368
823 6730 0 10
824 607 0 12
825 8209 0 27
826 12496 0 11
827 916 0 28
828 818 0 10
829 2760 0 10
830 2083 0 28
831 1039 0 207
832 42 0 11
833 487 0 186
834 943 1 121
835 1221 0 22
836 3279 1 0
837 5002 0 13
838 2562 0 8
839 1963 0 78
840 1670 0 13
841 821 0 31
842 10018 0 112
843 736 1 16
844 721 0 12
845 1077 0 24
846 3268 0 8
847 5120 1 596
848 611 0 12
849 1962 1 0
850 1966 0 9
851 2148 0 19
852 989 0 12
853 2781 0 13
854 1959 0 17
855 694 0 11
856 730 0 19
857 5019 0 36
858 340 0 7
859 544 0 9
860 2436 0 10
861 1312 0 69
862 3589 0 10
863 12612 0 135
864 1513 0 9
865 1161 0 12
866 351 0 63
867 989 0 24
868 1249 0 16
869 898 0 22
870 1054 0 80
871 707 0 52
872 1425 0 131
873 14388 0 8
874 1271 0 18
875 1413 0 69
876 983 0 8
877 1890 0 187
878 5107 0 9
879 1633 0 144
880 1985 0 11
881 2772 0 30
882 2387 0 129
883 228 0 13
884 912 0 9
885 878 0 19
886 487 0 29
887 926 0 18
888 6197 0 26
889 2712 0 294
890 232 0 7
891 1511 0 23
892 7305 0 14
893 5076 0 8
894 2495 0 9
895 405 0 7
896 1278 0 10
897 670 0 7
898 652 0 8
899 2565 0 67
900 600 0 17
901 293 0 78
902 950 0 9
903 5059 0 10
904 702 0 16
905 967 0 176
906 957 0 10
907 173 0 12
908 2539 0 21
909 989 0 17
910 729 0 7
911 1125 0 37
912 8907 0 9
913 6831 0 79
914 902 0 112
915 344 0 41
916 3373 0 0
917 784 0 12
918 2619 0 69
919 734 0 11
920 944 0 7
921 1211 0 13
922 804 0 21
923 6089 0 93
924 319 0 100
925 448 0 11
926 1229 0 12
927 694 0 7
928 1831 0 10
929 6142 0 9
930 3230 0 28
931 887 0 9
932 942 0 13
933 1891 0 71
934 6718 0 19
935 417 0 10
936 1516 1 71
937 577 0 10
938 2191 0 13
939 926 0 11
940 2522 0 9
941 1985 0 9
942 681 0 27
943 1027 0 48
944 5962 0 49
945 7257 0 50
946 832 0 13
947 1315 0 21
948 783 0 28
949 519 0 2
950 1149 0 11
951 1386 0 8
952 442 0 25
953 2385 0 10
954 1943 0 8
955 488 0 79
956 290 0 22
957 481 0 8
958 2292 0 30
959 2454 0 13
960 713 0 255
961 7359 0 10
962 300 0 7
963 2229 0 12
964 1284 1 0
965 1351 1 0
966 532 0 31
967 1342 0 7
968 2893 0 15
969 857 0 8
970 1044 0 65
971 1961 0 54
972 12008 0 102
973 1034 0 10
974 3315 0 7
975 1607 1 218
976 443 0 15
977 1288 0 55
978 2822 0 19
979 1662 0 8
980 1430 0 144
981 1589 0 168
982 644 0 32
983 760 0 16
984 1969 0 11
985 675 0 13
986 1989 0 10
987 3341 0 26
988 7988 0 25
989 562 0 10
990 780 0 10
991 1316 0 30
992 1981 0 9
993 2288 0 44
994 2298 0 9
995 2000 1 0
996 973 0 6
997 5001 0 189
998 593 1 31
999 853 0 12
1000 999 0 32
1001 320 0 54
1002 1658 0 9
1003 584 0 9
1004 401 0 11
1005 1965 0 20
1006 1231 0 94
1007 7051 0 8
1008 1321 0 39
1009 171 0 30
1010 650 0 35
1011 1529 0 70
1012 1278 0 83
1013 3179 0 10
1014 3201 0 9
1015 1042 0 9
1016 660 0 9
1017 1210 1 98
1018 1529 0 33
1019 638 1 0
1020 799 0 13
1021 528 0 12
1022 1067 0 11
1023 468 0 10
1024 2693 0 14
1025 470 0 84
1026 746 0 27
1027 1161 0 32
1028 989 0 85
1029 2246 0 53
1030 1513 0 7
1031 1245 0 95
1032 1108 0 9
1033 1057 0 11
1034 1318 0 114
1035 3191 0 7
1036 733 1 0
1037 243 0 9
1038 556 0 10
1039 5891 0 9
1040 3366 0 8
1041 673 0 8
1042 1238 0 12
1043 1359 0 40
1044 789 0 81
1045 1016 0 23
1046 1175 0 7
1047 204 0 7
1048 2802 0 28
1049 13018 1 28
1050 741 0 12
1051 2992 0 147
1052 880 0 25
1053 1289 0 9
1054 1781 0 9
1055 3233 0 9
1056 1273 0 13
1057 895 0 22
1058 2233 0 23
1059 1218 0 10
1060 1152 0 84
1061 3349 0 86
1062 2419 0 148
1063 1017 0 15
1064 1537 0 11
1065 664 0 11
1066 2293 0 9
1067 733 0 33
1068 604 1 6
1069 1959 0 7
1070 1578 0 11
1071 590 0 158
1072 2816 0 35
1073 1175 0 12
1074 575 0 64
1075 1185 0 84
1076 1487 0 11
1077 2575 0 10
1078 1748 0 7
1079 770 0 32
1080 1390 0 23
1081 636 0 67
1082 7352 0 7
1083 16203 0 7
1084 7979 0 77
1085 1424 0 22
1086 2972 0 13
1087 648 0 159
1088 1702 0 24
1089 5119 0 8
1090 3282 0 20
1091 731 0 32
1092 6254 0 8
1093 1138 0 28
1094 1020 0 18
1095 2690 0 9
1096 272 0 10
1097 1624 0 7
1098 475 1 0
1099 5038 0 10
1100 840 0 43
1101 171 0 8
1102 822 0 16
1103 1560 0 13
1104 566 0 70
1105 3388 0 19
1106 1342 0 39
1107 2954 0 11
1108 1005 0 147
1109 179 0 36
1110 1004 0 216
1111 3302 0 232
1112 1486 0 112
1113 997 0 97
1114 2953 0 223
1115 1231 0 14
1116 2476 0 14
1117 6176 0 8
1118 989 0 11
1119 1589 0 15
1120 16819 0 72
1121 1142 0 10
1122 6008 0 67
1123 1507 0 86
1124 2813 1 81
1125 5041 0 11
1126 1722 0 23
1127 1320 0 184
1128 761 0 10
1129 3046 0 35
1130 531 0 79
1131 869 0 28
1132 5147 0 33
1133 648 0 7
1134 2241 0 29
1135 590 1 0
1136 1211 0 9
1137 686 1 400
1138 1516 0 36
1139 717 0 159
1140 934 0 40
1141 12574 0 11
1142 2900 0 9
1143 975 0 24
1144 2561 0 18
1145 423 0 10
1146 1420 0 144
1147 3121 0 10
1148 7501 0 18
1149 329 1 16
1150 288 0 8
1151 1093 1 6
1152 1248 1 0
1153 1906 1 596
1154 1530 0 10
1155 1180 0 17
1156 1183 0 10
1157 665 0 11
1158 821 0 7
1159 593 0 46
1160 1513 0 13
1161 1099 0 7
1162 2460 0 10
1163 538 0 82
1164 1138 0 14
1165 668 0 14
1166 853 0 8
1167 3282 0 32
1168 174 0 20
1169 1240 0 13
1170 1172 0 9
1171 666 0 22
1172 323 0 13
1173 2514 0 11
1174 1972 0 152
1175 201 0 17
1176 744 0 17
1177 1949 0 9
1178 2435 0 9
1179 6513 0 10
1180 1246 0 41
1181 1203 0 13
1182 692 0 15
1183 1586 0 11
1184 2641 0 63
1185 1972 0 18
1186 1416 0 12
1187 1423 0 8
1188 1954 0 30
1189 2368 0 7
1190 1464 0 10
1191 3319 0 13
1192 3353 0 34
1193 1304 0 13
1194 1518 0 12
1195 1020 0 52
1196 1430 0 39
1197 531 0 43
1198 498 0 3
1199 357 0 12
1200 562 0 10
1201 7037 0 17
1202 910 0 11
1203 537 0 51
1204 3215 0 9
1205 2803 0 395
1206 7051 0 10
1207 4101 0 13
1208 1152 0 9
1209 1694 0 13
1210 854 0 17
1211 335 0 38
1212 3158 0 11
1213 854 0 7
1214 2932 0 221
1215 899 0 10
1216 840 0 68
1217 1409 0 152
1218 2905 0 13
1219 783 0 41
1220 1958 0 11
1221 3148 0 132
1222 332 0 35
1223 1944 0 70
1224 1420 0 8
1225 1225 0 20
1226 1537 0 11
1227 1957 0 9
1228 9979 0 107
1229 1514 0 71
1230 1215 0 7
1231 1200 0 10
1232 1962 0 12
1233 20 0 33
1234 6454 0 76
1235 2059 0 14
1236 5760 0 30
1237 3465 0 253
1238 687 0 11
1239 1427 0 30
1240 10204 0 10
1241 8887 0 131
1242 480 0 35
1243 2608 0 149
1244 2736 0 41
1245 12855 0 7
1246 191 0 617
1247 6732 0 28
1248 2577 0 9
1249 1146 0 29
1250 440 0 237
1251 1422 0 11
1252 169 0 14
1253 466 0 31
1254 1548 0 97
1255 3054 0 71
1256 947 0 10
1257 6451 0 19
1258 1407 0 11
1259 2450 0 169
1260 514 0 10
1261 6371 0 18
1262 645 0 13
1263 911 0 48
1264 964 0 14
1265 1073 0 99
1266 1612 0 9
1267 2894 0 2
1268 953 0 13
1269 1418 0 11
1270 1228 0 17
1271 1074 0 40
1272 989 0 17
1273 1975 0 9
1274 128 0 8
1275 1043 0 13
1276 756 0 31
1277 7570 0 10
1278 3154 0 11
1279 3350 1 0
1280 866 0 34
1281 5022 1 14
1282 5026 1 314
1283 1082 0 18
1284 14376 1 273
1285 704 0 11
1286 356 0 10
1287 3611 0 133
1288 1701 0 9
1289 723 0 384
1290 776 0 16
1291 675 0 143
1292 2553 0 9
1293 3166 0 8
1294 2265 0 17
1295 634 0 24
1296 1167 0 90
1297 1092 0 42
1298 1516 0 10
1299 3185 0 12
1300 2464 1 30
1301 472 0 110
1302 354 0 164
1303 1390 0 9
1304 1277 0 39
1305 6743 0 67
1306 3201 0 15
1307 2019 0 28
1308 1799 0 21
1309 932 1 0
1310 392 0 7
1311 11788 0 102
1312 1935 0 6
1313 251 0 8
1314 2153 0 9
1315 16915 0 12
1316 1530 0 88
1317 3219 0 16
1318 2587 0 92
1319 169 0 10
1320 2095 0 13
1321 2226 0 37
1322 2488 0 8
1323 343 0 7
1324 3468 0 11
1325 784 0 10
1326 603 0 14
1327 1358 0 11
1328 941 0 163
1329 1901 0 88
1330 6955 0 108
1331 833 0 12
1332 2031 0 48
1333 642 0 44
1334 1368 0 10
1335 1153 0 54
1336 496 0 618
1337 1031 0 16
1338 725 0 9
1339 11634 0 135
1340 2851 0 11
1341 2592 0 8
1342 2520 0 34
1343 419 0 11
1344 706 0 26
1345 2911 0 12
1346 884 0 11
1347 3006 1 487
1348 825 0 69
1349 853 0 13
1350 869 0 29
1351 469 0 115
1352 1841 0 46
1353 7659 0 92
1354 627 1 6
1355 1977 0 14
1356 1001 0 11
1357 2953 0 29
1358 623 0 9
1359 1325 0 8
1360 3019 0 42
1361 1416 0 15
1362 6926 0 8
1363 959 0 43
1364 6135 0 10
1365 1172 0 10
1366 11571 0 11
1367 3257 0 8
1368 5306 0 8
1369 3344 0 10
1370 1328 0 63
1371 916 0 73
1372 944 0 45
1373 12805 0 61
1374 531 0 8
1375 344 0 19
1376 1232 0 45
1377 1554 0 8
1378 3444 0 7
1379 1400 0 12
1380 370 0 30
1381 1288 0 30
1382 615 0 23
1383 1518 0 16
1384 7391 0 9
1385 1531 0 232
1386 6365 0 39
1387 2812 0 12
1388 6890 0 41
1389 1062 0 93
1390 2184 0 93
1391 2613 0 74
1392 805 0 39
1393 7046 0 28
1394 5105 0 2
1395 2355 0 8
1396 703 0 43
1397 1250 0 11
1398 6916 0 13
1399 1569 0 8
1400 1073 0 9
1401 1033 0 79
1402 260 0 11
1403 2556 0 11
1404 1346 0 8
1405 787 0 12
1406 205 1 64
1407 799 0 9
1408 2913 0 73
1409 200 0 38
1410 7666 0 133
1411 334 0 95
1412 1759 0 124
1413 1236 0 119
1414 3376 0 19
1415 1363 0 14
1416 451 0 29
1417 6740 0 20
1418 8130 0 35
1419 2858 0 13
1420 2497 0 11
1421 1054 0 98
1422 620 0 16
1423 1428 0 11
1424 3362 0 8
1425 2241 0 7
1426 606 0 45
1427 2194 0 15
1428 916 0 14
1429 2543 0 11
1430 6361 0 54
1431 539 0 8
1432 1874 0 34
1433 6777 0 141
1434 3906 1 51
1435 1290 0 18
1436 269 0 23
1437 3356 0 10
1438 1504 0 10
1439 12205 1 0
1440 1425 0 11
1441 11791 0 10
1442 1419 0 169
1443 1961 0 90
1444 972 0 14
1445 814 0 10
1446 2590 0 2
1447 1504 0 134
1448 1372 0 16
1449 1940 0 39
1450 462 0 10
1451 994 1 63
1452 14372 0 25
1453 1359 0 76
1454 1296 0 63
1455 5876 0 33
1456 2552 0 16
1457 789 0 13
1458 155 0 21
1459 5022 0 36
1460 8830 0 859
1461 741 0 17
1462 1254 0 12
1463 2890 0 11
1464 2018 0 63
1465 201 0 295
1466 1418 0 46
1467 1529 0 142
1468 1070 0 6
1469 1516 0 16
1470 1308 0 11
1471 5027 0 34
1472 630 0 11
1473 3551 0 29
1474 6916 0 11
1475 701 0 14
1476 11603 0 7
1477 910 0 153
1478 5147 0 39
1479 1011 0 7
1480 254 0 11
1481 742 0 28
1482 1691 0 13
1483 6233 0 33
1484 3176 0 17
1485 948 0 6
1486 1429 0 65
1487 464 1 0
1488 1987 0 12
1489 17335 0 7
1490 3166 0 46
1491 1012 0 161
1492 1116 0 61
1493 954 0 23
1494 1071 0 89
1495 429 0 16
1496 672 0 73
1497 760 0 9
1498 266 0 28
1499 1170 0 11
1500 7799 0 90
1501 3687 0 11
1502 2507 0 40
1503 2416 0 19
1504 2089 0 11
1505 873 0 22
1506 1883 0 8
1507 2589 0 12
1508 1958 0 10
1509 2941 0 8
1510 1393 0 10
1511 456 0 14
1512 1163 0 11
1513 3021 0 9
1514 532 0 30
1515 1024 0 11
1516 2862 0 10
1517 480 0 67
1518 1506 1 315
1519 2506 0 11
1520 801 0 16
1521 737 0 35
1522 6581 0 35
1523 3501 0 12
1524 737 0 10
1525 976 0 25
1526 1031 0 68
1527 1237 0 14
1528 2415 0 36
1529 2277 0 30
1530 2200 0 9
1531 3319 0 24
1532 13554 0 51
1533 526 0 83
1534 1583 0 18
1535 3625 0 11
1536 3298 1 164
1537 1283 0 76
1538 393 0 9
1539 2933 0 10
1540 2877 0 10
1541 4044 0 42
1542 15986 0 11
1543 324 0 71
1544 1150 0 11
1545 1429 0 30
1546 6133 0 41
1547 393 0 75
1548 3354 0 27
1549 801 0 13
1550 707 0 132
1551 6362 0 10
1552 6116 0 18
1553 756 0 64
1554 246 0 67
1555 512 0 168
1556 1538 0 18

4 1 1015
1
1557 557 0 13

5 1 1440
124
1558 1963 0 11
1559 977 0 7
1560 1031 0 143
1561 655 0 11
1562 1331 0 11
1563 956 0 14
1564 613 0 42
1565 1888 0 16
1566 252 0 155
1567 837 0 47
1568 774 0 10
1569 978 0 43
1570 7938 0 11
1571 2560 0 9
1572 676 0 9
1573 923 0 8
1574 207 0 12
1575 5093 0 13
1576 917 0 8
1577 12891 0 13
1578 1527 0 12
1579 1320 0 9
1580 174 0 47
1581 943 0 62
1582 2842 0 13
1583 6578 1 29
1584 1965 0 68
1585 3561 0 36
1586 280 0 54
1587 16775 0 10
1588 2947 0 35
1589 2891 0 15
1590 6208 1 474
1591 914 0 40
1592 1058 0 52
1593 975 0 11
1594 1717 0 104
1595 1355 0 69
1596 433 0 57
1597 1280 0 27
1598 1316 0 19
1599 3166 0 8
1600 1944 0 24
1601 5047 0 9
1602 13918 0 43
1603 536 0 9
1604 867 0 8
1605 633 0 60
1606 1018 0 8
1607 712 0 11
1608 860 0 9
1609 1958 1 0
1610 1313 1 0
1611 1973 0 31
1612 1885 0 20
1613 171 0 41
1614 825 0 10
1615 4657 0 72
1616 16108 0 10
1617 633 0 13
1618 1175 0 8
1619 1162 0 39
1620 1221 0 100
1621 599 0 17
1622 774 0 12
1623 9641 0 120
1624 1236 0 25
1625 813 0 19
1626 1115 0 8
1627 1408 0 51
1628 402 0 8
1629 2397 0 13
1630 2948 0 7
1631 2889 0 10
1632 1339 0 17
1633 615 0 36
1634 12019 0 13
1635 1407 0 29
1636 1132 0 134
1637 6140 0 27
1638 179 0 187
1639 3709 0 110
1640 1921 0 30
1641 10018 0 78
1642 1989 0 94
1643 977 0 8
1644 1977 0 19
1645 2951 0 38
1646 541 0 228
1647 925 1 89
1648 17619 0 6
1649 1216 1 19
1650 5017 0 114
1651 1764 0 28
1652 1060 0 8
1653 7818 0 178
1654 1143 0 68
1655 2374 0 12
1656 7334 0 56
1657 673 0 18
1658 577 0 39
1659 1285 0 143
1660 787 0 31
1661 12929 0 11
1662 1271 0 125
1663 1864 0 68
1664 3084 0 6
1665 1916 0 9
1666 2799 0 44
1667 2535 0 67
1668 1223 0 19
1669 1028 0 11
1670 228 1 0
1671 773 0 25
1672 12673 0 8
1673 6572 0 12
1674 3266 0 14
1675 699 0 3
1676 8067 0 63
1677 4042 0 6
1678 741 0 16
1679 742 0 42
1680 743 0 32
1681 778 0 23

6 1 1459
115
1682 3742 0 12
1683 2537 0 6
1684 14896 0 32
1685 6219 0 10
1686 1983 0 11
1687 7336 0 11
1688 938 0 9
1689 3379 0 122
1690 1016 0 32
1691 961 0 12
1692 1524 0 131
1693 1550 0 9
1694 625 1 295
1695 790 0 13
1696 441 0 29
1697 5085 0 14
1698 1250 0 44
1699 256 0 25
1700 5062 0 9
1701 1401 0 15
1702 550 0 17
1703 5032 0 27
1704 1819 0 11
1705 4999 0 14
1706 496 0 37
1707 773 0 72
1708 5014 0 9
1709 1129 0 12
1710 201 0 7
1711 1025 0 13
1712 569 0 27
1713 507 0 35
1714 9980 0 23
1715 3310 0 8
1716 2480 0 87
1717 2896 0 6
1718 3312 0 81
1719 2896 0 63
1720 1091 0 88
1721 389 0 42
1722 925 0 139
1723 1147 0 24
1724 1020 0 10
1725 287 0 14
1726 2461 0 16
1727 1820 0 17
1728 1705 0 10
1729 668 0 71
1730 660 0 13
1731 2899 0 9
1732 1801 0 25
1733 3224 0 12
1734 1066 0 3
1735 568 0 9
1736 1875 0 9
1737 7474 0 9
1738 796 1 16
1739 2994 0 8
1740 441 0 78
1741 1517 0 24
1742 2434 0 12
1743 1407 0 12
1744 1966 0 7
1745 10854 0 9
1746 1407 0 12
1747 7832 0 16
1748 6773 0 8
1749 1961 0 146
1750 990 0 9
1751 174 0 11
1752 908 0 13
1753 3498 0 164
1754 2431 0 23
1755 5130 0 35
1756 2574 0 26
1757 2393 0 63
1758 2360 0 19
1759 897 0 13
1760 2847 0 13
1761 1058 0 7
1762 805 0 11
1763 1379 0 17
1764 1972 0 26
1765 1430 0 73
1766 430 0 149
1767 635 0 15
1768 832 0 33
1769 967 0 7
1770 2741 0 38
1771 1080 1 0
1772 1971 0 8
1773 6142 0 144
1774 933 0 10
1775 4769 0 225
1776 2530 0 14
1777 1513 0 8
1778 17 0 40
1779 7577 0 71
1780 5959 0 99
1781 536 0 179
1782 1992 0 20
1783 1047 0 13
1784 3201 0 11
1785 1746 0 72
1786 834 0 122
1787 3337 0 151
1788 569 0 38
1789 1258 0 386
1790 673 0 28
1791 2571 0 9
1792 2231 0 36
1793 2918 0 42
1794 739 0 182
1795 1757 0 11
1796 1267 0 30

7 1 1463
117
1797 1954 0 10
1798 734 0 109
1799 7308 0 147
1800 1817 0 13
1801 1392 0 24
1802 1625 1 124
1803 373 0 8
1804 336 0 8
1805 989 0 18
1806 2308 0 13
1807 760 0 35
1808 1096 0 13
1809 255 0 11
1810 1513 0 38
1811 6366 0 75
1812 3167 0 14
1813 3918 0 93
1814 1378 0 25
1815 442 0 12
1816 753 0 84
1817 775 0 15
1818 489 0 6
1819 1910 0 11
1820 1960 1 0
1821 614 0 12
1822 545 0 158
1823 838 0 10
1824 1428 0 128
1825 1373 0 10
1826 1852 0 15
1827 648 0 136
1828 1949 0 70
1829 495 0 9
1830 569 0 7
1831 480 0 13
1832 11603 0 9
1833 7308 0 39
1834 3152 0 10
1835 1178 1 141
1836 3205 0 7
1837 1414 0 18
1838 774 0 30
1839 877 0 68
1840 17927 0 19
1841 1280 1 113
1842 646 0 8
1843 1090 0 42
1844 682 1 7
1845 1514 0 11
1846 1215 0 12
1847 3240 0 22
1848 1594 0 67
1849 7920 0 12
1850 1518 0 42
1851 2652 0 7
1852 9355 0 212
1853 973 0 45
1854 1941 0 12
1855 667 0 33
1856 505 0 47
1857 1017 0 11
1858 3157 0 11
1859 207 0 8
1860 6745 0 17
1861 681 0 20
1862 1175 0 69
1863 3347 0 16
1864 762 0 6
1865 2010 0 15
1866 2907 1 21
1867 2792 0 11
1868 5758 0 8
1869 1516 0 13
1870 5115 1 9
1871 1420 0 40
1872 1240 0 108
1873 1283 0 27
1874 3012 0 14
1875 912 0 68
1876 513 0 152
1877 2248 0 70
1878 1051 0 11
1879 590 0 99
1880 969 0 39
1881 800 0 43
1882 156 0 14
1883 1438 0 21
1884 593 0 10
1885 1538 0 20
1886 2182 0 6
1887 923 0 29
1888 3146 0 12
1889 1295 0 14
1890 11796 0 110
1891 3166 0 13
1892 780 1 0
1893 1516 0 40
1894 1793 0 68
1895 716 0 18
1896 5120 0 33
1897 208 0 307
1898 2845 0 24
1899 1161 0 19
1900 1429 0 11
1901 2826 0 7
1902 1420 0 21
1903 1018 0 43
1904 1009 0 13
1905 685 0 12
1906 1204 0 18
1907 533 0 54
1908 938 0 70
1909 1591 0 20
1910 1032 0 11
1911 1407 0 9
1912 5143 0 11
1913 700 0 350

8 1 1471
6
1914 354 1 0
1915 2783 0 12
1916 566 0 7
1917 1117 0 1
1918 933 0 6
1919 558 0 39

9 1 1489
6
1920 815 1 0
1921 381 0 13
1922 1110 0 14
1923 832 0 8
1924 6200 0 11
1925 3509 0 11

10 1 1493
2
1926 1398 0 28
1927 1230 0 219

11 0 1807
6
1928 480 0 11
1929 1975 0 47
1930 805 0 374
1931 194 0 27
1932 7680 0 18
1933 2921 0 28

12 1 1821
39
1934 2261 0 8
1935 3661 0 9
1936 1529 0 29
1937 1528 0 10
1938 3290 0 168
1939 1982 0 76
1940 2031 1 19
1941 1557 0 7
1942 1391 0 12
1943 1382 0 13
1944 3704 0 30
1945 2289 0 9
1946 1678 0 43
1947 1288 0 13
1948 1513 0 12
1949 5049 0 11
1950 7349 0 74
1951 2137 0 22
1952 5082 0 9
1953 554 0 9
1954 2891 0 96
1955 1528 0 8
1956 2061 1 30
1957 2794 0 32
1958 17496 0 49
1959 3936 0 13
1960 892 0 76
1961 866 0 37
1962 433 0 67
1963 2561 0 8
1964 1083 0 49
1965 1492 0 49
1966 1664 0 7
1967 293 0 39
1968 3139 0 13
1969 3508 0 22
1970 2869 0 12
1971 7725 1 376
1972 1779 0 12

13 0 1823
54
1973 1830 0 13
1974 772 0 11
1975 1526 0 7
1976 6125 0 11
1977 1187 0 12
1978 3547 0 219
1979 3295 0 10
1980 2505 0 13
1981 1199 0 9
1982 1525 0 8
1983 2893 0 7
1984 2823 0 35
1985 1269 0 57
1986 1076 0 10
1987 2848 0 113
1988 1139 0 12
1989 210 0 75
1990 2844 0 158
1991 451 0 7
1992 1322 0 17
1993 948 0 38
1994 1785 0 18
1995 2857 0 80
1996 2870 0 11
1997 1104 0 29
1998 1978 0 9
1999 882 0 74
2000 428 0 51
2001 181 0 99
2002 1220 0 140
2003 1167 0 135
2004 340 0 28
2005 375 0 8
2006 680 0 7
2007 5964 0 12
2008 546 0 14
2009 998 0 13
2010 683 0 19
2011 1098 0 35
2012 260 0 10
2013 2803 0 121
2014 1333 0 70
2015 166 0 8
2016 1215 0 37
2017 441 0 36
2018 787 0 125
2019 1596 0 9
2020 4993 1 13
2021 965 0 13
2022 2541 0 34
2023 1028 0 158
2024 760 0 11
2025 917 0 46
2026 1170 0 9

14 1 1824
53
2027 3321 0 52
2028 790 0 29
2029 5028 0 10
2030 989 0 133
2031 11636 0 39
2032 3225 0 24
2033 2803 0 12
2034 6155 0 22
2035 484 1 0
2036 1196 0 99
2037 2051 0 27
2038 578 0 41
2039 6951 0 13
2040 993 0 147
2041 3279 0 74
2042 3360 0 10
2043 1190 0 9
2044 918 0 98
2045 2562 0 8
2046 222 0 75
2047 477 0 205
2048 2889 0 107
2049 1940 1 0
2050 7409 0 10
2051 12523 0 9
2052 722 0 11
2053 3344 0 47
2054 1516 0 12
2055 1095 0 11
2056 2319 0 7
2057 1320 0 31
2058 689 0 8
2059 1489 0 11
2060 7318 0 617
2061 959 0 27
2062 2786 0 10
2063 1370 0 9
2064 1353 0 11
2065 1108 0 12
2066 733 0 28
2067 1973 0 50
2068 23 0 10
2069 949 0 11
2070 2266 0 40
2071 695 0 49
2072 2818 0 10
2073 3390 0 7
2074 2304 0 28
2075 1558 0 8
2076 628 0 57
2077 1325 0 8
2078 1987 0 14
2079 2906 0 27

15 1 1834
6
2080 1301 0 10
2081 1933 0 11
2082 2877 0 12
2083 1407 0 39
2084 3261 0 12
2085 1034 0 11

16 0 1840
11
2086 1176 0 11
2087 2829 0 11
2088 1973 0 169
2089 1090 1 11
2090 131 0 9
2091 1178 0 12
2092 1371 0 13
2093 952 0 6
2094 14447 0 11
2095 11790 0 10
2096 1132 0 6

17 1 1844
24
2097 11611 0 7
2098 892 0 36
2099 678 0 30
2100 5155 0 9
2101 1647 0 97
2102 5065 0 29
2103 1401 0 31
2104 1381 0 38
2105 533 0 17
2106 1513 0 22
2107 1346 1 17
2108 465 0 43
2109 1231 0 7
2110 1725 0 7
2111 3038 0 19
2112 625 0 10
2113 835 0 39
2114 13383 0 8
2115 1160 0 9
2116 1375 0 24
2117 917 0 21
2118 1530 0 9
2119 737 0 11
2120 1041 0 32

18 1 1882
2
2121 3229 0 25
2122 5084 0 45

19 0 1891
4
2123 205 0 6
2124 1099 0 10
2125 13005 0 12
2126 3551 0 39

20 1 1895
180
2127 65 0 11
2128 1630 0 11
2129 1986 1 0
2130 1986 0 8
2131 664 0 140
2132 6215 0 14
2133 1086 0 54
2134 195 0 14
2135 871 0 10
2136 591 0 8
2137 2209 0 91
2138 1358 0 11
2139 7044 0 67
2140 1011 0 34
2141 423 0 74
2142 3326 0 11
2143 989 0 11
2144 11606 0 12
2145 659 0 9
2146 16276 0 76
2147 924 0 11
2148 1321 0 92
2149 2887 0 19
2150 728 0 30
2151 548 0 82
2152 1388 0 39
2153 979 0 27
2154 410 1 400
2155 3278 0 11
2156 3163 0 13
2157 1210 0 14
2158 1980 0 118
2159 1024 0 12
2160 375 0 44
2161 1012 0 7
2162 1380 0 12
2163 2746 0 16
2164 1289 0 11
2165 879 1 400
2166 1163 0 12
2167 627 0 148
2168 2605 0 36
2169 988 0 6
2170 1242 1 0
2171 1007 0 100
2172 6372 0 241
2173 989 0 10
2174 3374 0 77
2175 1060 0 38
2176 2880 0 47
2177 648 0 10
2178 6505 0 10
2179 1845 0 68
2180 684 0 422
2181 3643 0 124
2182 956 0 10
2183 777 0 24
2184 11046 0 41
2185 1513 0 28
2186 464 0 23
2187 1338 0 6
2188 482 0 14
2189 1513 0 6
2190 2608 0 10
2191 866 0 12
2192 856 0 17
2193 5001 0 9
2194 5906 0 153
2195 1280 0 13
2196 2480 0 63
2197 1003 0 61
2198 577 0 11
2199 24 0 17
2200 345 0 10
2201 2023 0 69
2202 228 0 17
2203 299 0 40
2204 418 0 17
2205 1962 0 10
2206 1274 0 36
2207 1502 0 11
2208 13007 0 9
2209 1989 0 12
2210 5025 0 15
2211 718 0 10
2212 732 0 42
2213 2707 0 8
2214 1618 0 10
2215 3255 0 7
2216 3166 0 35
2217 764 0 16
2218 3192 1 0
2219 855 0 39
2220 1221 0 14
2221 401 0 169
2222 595 0 11
2223 3299 0 14
2224 708 0 40
2225 1040 0 182
2226 1577 0 11
2227 416 0 180
2228 826 0 59
2229 13064 0 37
2230 1172 0 104
2231 1092 0 0
2232 857 0 12
2233 3824 0 7
2234 686 0 9
2235 480 0 14
2236 1354 1 0
2237 3695 0 9
2238 1069 0 13
2239 1117 1 28
2240 186 0 27
2241 208 0 40
2242 1524 1 96
2243 442 0 10
2244 1940 0 29
2245 442 0 8
2246 319 0 12
2247 910 0 32
2248 16830 0 11
2249 1233 0 16
2250 1407 0 153
2251 534 0 101
2252 1296 0 11
2253 2874 0 13
2254 263 0 9
2255 7904 0 11
2256 2877 0 16
2257 887 0 11
2258 1770 0 74
2259 444 0 10
2260 2298 0 13
2261 849 0 19
2262 280 0 248
2263 284 0 10
2264 543 0 137
2265 494 0 10
2266 2154 0 99
2267 2834 0 31
2268 1537 0 15
2269 289 0 83
2270 2883 1 26
2271 526 0 12
2272 3912 0 11
2273 13008 0 122
2274 1919 0 12
2275 836 0 8
2276 389 0 45
2277 3420 0 35
2278 3351 0 23
2279 969 0 11
2280 518 0 39
2281 6080 0 49
2282 3159 0 142
2283 1205 0 33
2284 1304 0 12
2285 6701 0 168
2286 1777 0 17
2287 723 0 13
2288 2305 0 15
2289 1715 0 11
2290 5036 0 11
2291 1700 0 11
2292 2134 0 79
2293 846 0 9
2294 177 0 7
2295 1986 0 213
2296 835 0 101
2297 1831 0 14
2298 1956 0 12
2299 603 0 18
2300 2807 0 13
2301 2484 0 8
2302 218 0 17
2303 3151 0 13
2304 205 0 28
2305 185 0 30
2306 941 0 73

21 1 1937
25
2307 1194 0 13
2308 1337 0 36
2309 177 0 153
2310 683 0 71
2311 12728 0 12
2312 2813 0 14
2313 709 0 16
2314 12486 0 165
2315 1991 0 8
2316 1381 0 11
2317 3592 0 8
2318 2122 0 11
2319 2922 0 10
2320 535 0 9
2321 1256 0 11
2322 999 0 16
2323 7938 0 15
2324 8829 0 12
2325 3419 0 22
2326 403 0 215
2327 591 0 7
2328 1968 0 130
2329 1077 0 10
2330 1955 1 0
2331 1241 0 9

22 1 1980
1128
2332 2825 0 48
2333 1419 0 5
2334 488 0 18
2335 705 0 10
2336 7407 0 89
2337 1344 0 7
2338 171 0 11
2339 699 0 86
2340 690 0 12
2341 2266 0 11
2342 3241 0 9
2343 679 0 8
2344 3365 0 234
2345 1986 0 11
2346 671 0 17
2347 1121 0 8
2348 1512 0 107
2349 183 0 95
2350 1045 0 11
2351 1974 0 13
2352 685 0 20
2353 1199 0 17
2354 767 0 60
2355 934 0 10
2356 1096 0 11
2357 1751 0 12
2358 702 0 11
2359 1229 0 67
2360 856 0 13
2361 989 0 29
2362 569 0 10
2363 2639 0 8
2364 492 0 15
2365 1190 0 7
2366 3149 0 58
2367 1180 0 98
2368 515 0 207
2369 1429 0 97
2370 1326 0 17
2371 1427 0 45
2372 2605 0 34
2373 9633 0 13
2374 1516 0 11
2375 3551 0 9
2376 521 0 14
2377 736 0 30
2378 6730 0 9
2379 5550 0 8
2380 2814 1 28
2381 550 0 41
2382 982 0 10
2383 3217 0 9
2384 5028 0 12
2385 3217 0 11
2386 921 0 10
2387 1585 0 11
2388 1397 0 39
2389 988 0 289
2390 1073 0 13
2391 246 0 15
2392 6827 0 13
2393 1066 0 67
2394 3344 0 14
2395 1463 0 46
2396 705 0 40
2397 304 0 13
2398 395 1 477
2399 971 0 7
2400 1158 0 97
2401 568 0 64
2402 450 0 9
2403 5828 0 11
2404 225 0 298
2405 1193 0 29
2406 2294 0 60
2407 720 0 23
2408 1941 0 12
2409 1526 0 10
2410 1344 0 130
2411 1450 0 9
2412 1264 0 43
2413 633 0 146
2414 4155 1 108
2415 1130 0 25
2416 1069 0 19
2417 566 0 15
2418 471 0 7
2419 1526 0 12
2420 833 0 9
2421 728 0 320
2422 668 0 343
2423 3382 0 22
2424 2463 0 14
2425 1059 0 8
2426 469 0 57
2427 3187 0 9
2428 2495 0 23
2429 5093 0 11
2430 1362 0 34
2431 2509 0 7
2432 3242 0 46
2433 2911 0 15
2434 826 0 11
2435 1122 0 11
2436 501 0 7
2437 3379 0 13
2438 823 0 146
2439 1257 0 73
2440 1661 0 47
2441 390 0 39
2442 1538 1 9
2443 922 0 18
2444 1241 0 73
2445 2030 1 0
2446 1073 0 11
2447 1118 0 38
2448 1866 0 17
2449 3471 0 159
2450 1269 0 14
2451 867 0 48
2452 569 0 8
2453 3181 0 18
2454 2462 1 0
2455 569 0 13
2456 10533 0 268
2457 1347 0 24
2458 2828 0 19
2459 473 0 13
2460 1301 1 0
2461 3318 0 8
2462 2495 0 73
2463 3716 0 11
2464 1498 0 11
2465 863 0 27
2466 914 0 17
2467 1116 0 85
2468 2863 0 24
2469 3282 0 9
2470 8014 0 11
2471 1317 0 59
2472 3364 0 153
2473 194 0 23
2474 2452 0 17
2475 1002 0 25
2476 2333 0 39
2477 1322 0 7
2478 1165 0 19
2479 2881 0 197
2480 3241 0 37
2481 2906 0 25
2482 3323 0 45
2483 3375 0 133
2484 3321 0 70
2485 5972 0 14
2486 1871 0 17
2487 1204 0 31
2488 1411 0 90
2489 7587 0 32
2490 3085 0 8
2491 483 0 13
2492 7171 0 74
2493 1518 0 11
2494 7048 0 15
2495 442 0 35
2496 186 0 8
2497 1057 0 110
2498 755 0 8
2499 580 0 18
2500 531 0 18
2501 431 0 49
2502 1210 0 10
2503 589 0 13
2504 1765 0 9
2505 735 0 15
2506 1127 0 10
2507 2532 0 188
2508 914 0 12
2509 11612 0 113
2510 8785 0 7
2511 1947 0 12
2512 1670 0 13
2513 1425 0 6
2514 760 0 19
2515 1191 0 147
2516 1413 0 10
2517 293 0 43
2518 1891 0 10
2519 989 0 108
2520 1948 0 187
2521 1114 0 87
2522 1168 0 44
2523 1190 1 0
2524 555 0 49
2525 891 0 42
2526 712 0 40
2527 6152 0 17
2528 1045 0 12
2529 1513 0 42
2530 1513 0 12
2531 820 0 9
2532 3362 0 79
2533 947 0 129
2534 736 0 80
2535 2113 0 49
2536 521 0 13
2537 1027 0 274
2538 2130 0 25
2539 3377 0 176
2540 7471 0 99
2541 364 0 134
2542 2878 0 13
2543 2471 0 41
2544 444 0 12
2545 1306 0 8
2546 520 0 9
2547 1899 0 9
2548 1047 0 64
2549 1144 1 400
2550 2745 1 0
2551 1528 0 10
2552 523 0 8
2553 381 0 11
2554 683 0 9
2555 2606 0 83
2556 389 0 160
2557 1000 0 116
2558 518 0 13
2559 736 0 8
2560 1152 0 15
2561 1018 0 335
2562 654 0 11
2563 1008 0 12
2564 1998 0 13
2565 1246 0 9
2566 5071 0 2
2567 2363 0 142
2568 1315 0 14
2569 2902 0 29
2570 3055 0 10
2571 1402 0 38
2572 2416 0 7
2573 881 0 42
2574 1095 0 40
2575 1347 0 32
2576 1946 0 20
2577 1066 0 26
2578 2063 0 111
2579 12872 0 113
2580 1422 0 17
2581 12489 0 11
2582 908 0 11
2583 3189 0 10
2584 5393 0 136
2585 805 0 31
2586 196 0 92
2587 904 0 30
2588 732 0 11
2589 1953 0 14
2590 831 0 12
2591 828 0 27
2592 7865 0 10
2593 409 0 11
2594 492 0 21
2595 3273 0 33
2596 9980 0 10
2597 1855 0 39
2598 4074 0 8
2599 646 0 24
2600 2877 0 208
2601 564 0 62
2602 550 0 43
2603 584 0 11
2604 2607 0 16
2605 558 0 14
2606 468 0 11
2607 2883 0 125
2608 1049 0 44
2609 2558 0 12
2610 1416 0 13
2611 1827 0 21
2612 2271 0 41
2613 1364 0 121
2614 320 0 37
2615 875 0 27
2616 417 0 58
2617 1340 0 12
2618 412 0 20
2619 2000 0 6
2620 975 0 12
2621 5026 0 72
2622 1420 0 11
2623 639 0 109
2624 1349 0 43
2625 6810 1 0
2626 3119 0 12
2627 12496 0 146
2628 998 0 62
2629 816 0 88
2630 867 0 8
2631 994 0 155
2632 477 0 12
2633 3233 0 20
2634 196 0 11
2635 739 0 26
2636 105 0 13
2637 6215 0 19
2638 1949 0 110
2639 3325 0 10
2640 6133 0 76
2641 1044 0 145
2642 2170 1 0
2643 912 0 130
2644 559 0 6
2645 287 0 39
2646 869 0 10
2647 723 0 107
2648 676 0 125
2649 1956 0 39
2650 466 0 7
2651 275 0 172
2652 1066 0 7
2653 1401 0 11
2654 12682 0 9
2655 930 0 70
2656 1513 0 98
2657 1926 0 11
2658 174 0 63
2659 190 0 51
2660 2734 0 8
2661 6921 0 29
2662 3210 0 34
2663 2746 0 11
2664 1049 0 56
2665 468 0 44
2666 1192 0 11
2667 575 0 11
2668 1322 0 14
2669 1418 0 20
2670 2815 0 18
2671 1363 0 12
2672 1961 0 30
2673 1460 0 11
2674 1185 0 6
2675 172 0 11
2676 3255 0 12
2677 801 0 74
2678 1799 0 10
2679 1404 0 27
2680 2054 0 213
2681 208 0 77
2682 626 0 42
2683 11790 0 16
2684 6512 1 33
2685 1376 0 157
2686 956 0 12
2687 1285 0 111
2688 616 0 10
2689 944 0 10
2690 1218 0 10
2691 731 0 9
2692 1080 0 9
2693 1141 0 13
2694 969 0 7
2695 6193 0 73
2696 1034 0 11
2697 666 0 18
2698 1907 0 36
2699 3550 0 7
2700 456 0 106
2701 1428 0 68
2702 2488 0 9
2703 1287 0 128
2704 714 0 18
2705 336 0 9
2706 738 0 20
2707 1940 0 8
2708 969 0 10
2709 3321 0 17
2710 923 0 11
2711 2353 0 132
2712 2908 0 18
2713 702 0 19
2714 340 0 110
2715 1989 0 19
2716 750 0 12
2717 1632 0 8
2718 1037 0 16
2719 2111 0 13
2720 880 0 9
2721 882 0 13
2722 1195 0 6
2723 1361 0 10
2724 495 0 50
2725 1528 0 19
2726 1034 0 27
2727 2611 0 100
2728 2600 0 7
2729 989 0 28
2730 2130 0 9
2731 2936 0 40
2732 715 0 133
2733 1970 0 20
2734 2592 0 12
2735 1861 0 35
2736 1344 0 19
2737 6137 0 9
2738 2560 0 129
2739 243 0 10
2740 670 0 7
2741 12448 0 13
2742 1267 0 12
2743 12902 0 12
2744 885 0 149
2745 3490 0 201
2746 1170 0 11
2747 29 0 131
2748 6767 0 7
2749 2854 0 9
2750 1171 0 214
2751 3653 1 0
2752 5972 0 12
2753 5019 0 11
2754 736 0 28
2755 2831 0 75
2756 989 0 32
2757 1983 0 12
2758 6147 0 7
2759 1402 0 9
2760 2009 0 37
2761 1888 0 11
2762 1853 0 7
2763 536 0 281
2764 515 0 9
2765 999 0 68
2766 1394 1 0
2767 1088 0 26
2768 7928 0 9
2769 1727 0 154
2770 5081 0 10
2771 5427 0 17
2772 5102 0 12
2773 5152 0 17
2774 171 0 12
2775 1725 0 40
2776 575 0 103
2777 1969 0 12
2778 7590 0 165
2779 1963 0 10
2780 2879 0 9
2781 705 0 103
2782 884 0 54
2783 4997 0 26
2784 830 0 7
2785 1085 0 8
2786 2412 1 400
2787 13918 0 29
2788 1388 0 10
2789 16519 0 16
2790 1979 0 28
2791 1277 0 29
2792 1381 0 26
2793 968 0 9
2794 1035 0 11
2795 2055 0 24
2796 17663 0 31
2797 1001 0 10
2798 942 0 10
2799 441 0 9
2800 1020 0 10
2801 612 0 15
2802 425 0 7
2803 1421 0 71
2804 882 0 68
2805 1385 0 7
2806 2963 0 37
2807 997 0 17
2808 1650 0 10
2809 455 0 11
2810 762 0 7
2811 2032 0 13
2812 1048 0 71
2813 1983 0 11
2814 1415 0 69
2815 689 0 7
2816 3372 0 3
2817 8907 0 33
2818 459 0 6
2819 1610 0 9
2820 2889 0 19
2821 1158 1 6
2822 1356 0 53
2823 1309 0 18
2824 3332 0 6
2825 2886 0 166
2826 444 0 21
2827 4 0 10
2828 2565 0 10
2829 1702 0 146
2830 1417 0 377
2831 1431 0 13
2832 712 0 12
2833 1373 0 7
2834 12243 0 7
2835 6496 0 11
2836 1501 0 12
2837 2164 0 82
2838 1240 0 9
2839 1620 1 0
2840 7783 0 13
2841 1123 0 114
2842 967 0 11
2843 2892 0 11
2844 2321 0 19
2845 552 0 54
2846 1275 0 22
2847 766 0 14
2848 657 0 8
2849 696 0 26
2850 192 0 19
2851 881 0 26
2852 2788 0 98
2853 12012 0 12
2854 1984 0 146
2855 1435 0 13
2856 1513 0 9
2857 3766 0 15
2858 11606 0 11
2859 1169 0 47
2860 13568 0 12
2861 597 0 14
2862 701 0 10
2863 1145 0 42
2864 1014 0 11
2865 1262 0 37
2866 2692 0 46
2867 2547 0 77
2868 1580 0 110
2869 1975 0 10
2870 3225 0 43
2871 680 1 104
2872 4109 0 63
2873 613 0 8
2874 722 0 9
2875 902 1 46
2876 1413 0 11
2877 1315 0 13
2878 813 0 71
2879 463 0 12
2880 520 0 9
2881 1513 0 19
2882 3346 0 13
2883 608 1 18
2884 1231 0 45
2885 17 0 19
2886 385 0 44
2887 1558 0 8
2888 6574 0 29
2889 1992 0 21
2890 3144 0 38
2891 1386 0 44
2892 17619 0 76
2893 1585 0 10
2894 3373 0 12
2895 2955 0 9
2896 1070 0 27
2897 1529 0 74
2898 322 0 18
2899 2605 0 9
2900 2929 0 8
2901 1513 1 41
2902 3169 0 7
2903 551 0 29
2904 1526 0 175
2905 2548 0 23
2906 1944 0 12
2907 1586 0 8
2908 3146 0 13
2909 2131 0 10
2910 767 0 10
2911 683 0 52
2912 1989 0 7
2913 1677 0 22
2914 12940 0 19
2915 1408 0 19
2916 3189 0 39
2917 387 0 28
2918 7996 0 112
2919 8121 0 152
2920 2492 0 56
2921 3226 0 144
2922 1801 0 11
2923 5071 0 9
2924 497 0 232
2925 1016 0 62
2926 6543 0 73
2927 1239 0 118
2928 1979 0 102
2929 1298 0 77
2930 2317 0 12
2931 3335 0 55
2932 691 0 146
2933 356 0 101
2934 1225 0 12
2935 1052 1 12
2936 1158 0 20
2937 196 0 11
2938 378 0 32
2939 6756 0 11
2940 2782 0 10
2941 5849 0 54
2942 1272 0 25
2943 1860 0 11
2944 1135 0 143
2945 2813 0 53
2946 422 0 16
2947 775 0 28
2948 826 0 27
2949 7051 0 18
2950 12784 0 50
2951 1423 0 6
2952 3271 0 13
2953 1074 0 108
2954 989 1 517
2955 1372 0 156
2956 1432 0 7
2957 1038 0 16
2958 2937 0 13
2959 2566 0 10
2960 1879 0 36
2961 843 0 49
2962 3222 0 37
2963 1953 0 8
2964 7370 0 94
2965 2689 1 164
2966 7886 0 9
2967 2950 0 11
2968 5098 0 31
2969 894 0 37
2970 562 0 33
2971 641 0 11
2972 1973 0 24
2973 371 0 11
2974 1057 0 13
2975 1951 0 8
2976 3145 0 9
2977 1513 0 308
2978 3296 0 68
2979 1711 0 34
2980 495 0 25
2981 2531 1 100
2982 856 0 10
2983 1537 0 19
2984 2256 0 25
2985 3167 0 40
2986 306 0 14
2987 2557 0 10
2988 1011 0 11
2989 1291 0 10
2990 1506 0 124
2991 674 0 53
2992 553 0 11
2993 1075 0 14
2994 640 0 13
2995 2802 0 13
2996 1952 0 22
2997 823 0 11
2998 3206 0 55
2999 629 0 28
3000 8573 0 36
3001 4107 0 12
3002 772 0 11
3003 8171 0 37
3004 3918 0 73
3005 549 0 129
3006 808 0 22
3007 7048 0 8
3008 1007 0 8
3009 1006 0 42
3010 1390 0 11
3011 1506 0 145
3012 1108 0 8
3013 1845 0 89
3014 1245 0 26
3015 115 0 5
3016 7378 0 12
3017 1507 0 13
3018 1529 0 11
3019 12066 0 73
3020 1940 0 19
3021 1979 0 7
3022 1130 0 19
3023 1091 0 10
3024 17099 0 11
3025 3251 0 23
3026 877 0 9
3027 602 0 13
3028 1529 0 24
3029 2870 0 26
3030 1809 0 13
3031 822 0 8
3032 1006 0 8
3033 5084 0 46
3034 1057 0 8
3035 1165 0 52
3036 1429 0 81
3037 1247 0 109
3038 696 0 63
3039 1735 0 63
3040 282 0 19
3041 1156 0 17
3042 635 0 8
3043 11433 0 43
3044 224 0 12
3045 191 0 10
3046 3165 0 16
3047 995 0 58
3048 15960 0 51
3049 1116 1 0
3050 2604 0 41
3051 505 0 35
3052 1298 0 34
3053 6738 0 14
3054 1114 0 184
3055 5157 0 7
3056 1016 0 14
3057 1464 0 33
3058 1509 0 11
3059 887 0 69
3060 2271 0 18
3061 1528 0 11
3062 3298 1 20
3063 835 0 13
3064 1451 0 11
3065 573 0 118
3066 1250 0 18
3067 631 0 68
3068 721 0 12
3069 2229 0 17
3070 485 0 12
3071 1036 0 24
3072 1962 0 18
3073 2227 0 11
3074 924 0 235
3075 3209 0 13
3076 2335 1 60
3077 1518 0 10
3078 27 0 181
3079 2410 0 75
3080 1084 0 111
3081 894 0 135
3082 7387 0 135
3083 912 0 9
3084 1920 0 13
3085 5021 0 11
3086 625 0 27
3087 12198 0 9
3088 2223 0 7
3089 816 0 29
3090 3646 1 0
3091 1981 0 42
3092 3232 0 12
3093 850 0 30
3094 1893 0 11
3095 8204 1 0
3096 1517 0 62
3097 1278 0 61
3098 1059 0 16
3099 7759 0 9
3100 974 0 8
3101 1695 0 12
3102 716 0 12
3103 860 1 0
3104 1419 0 22
3105 614 0 9
3106 1582 0 13
3107 1513 0 8
3108 7759 0 15
3109 200 0 30
3110 2696 0 92
3111 1303 0 11
3112 3188 0 616
3113 13071 1 3
3114 1882 0 17
3115 1268 0 81
3116 758 0 76
3117 14111 0 8
3118 3373 0 75
3119 2186 0 39
3120 13380 0 28
3121 1515 0 8
3122 273 0 35
3123 1709 0 7
3124 5644 0 9
3125 415 0 25
3126 576 0 9
3127 654 0 9
3128 1452 0 11
3129 1060 0 11
3130 2203 0 10
3131 1240 0 11
3132 2022 0 57
3133 3418 0 5
3134 1880 0 74
3135 1116 0 45
3136 6743 0 26
3137 294 0 177
3138 1392 0 98
3139 7874 0 15
3140 435 0 26
3141 164 0 42
3142 628 0 107
3143 774 0 708
3144 1387 0 10
3145 440 0 76
3146 1487 0 209
3147 1167 0 8
3148 1018 0 9
3149 3204 0 24
3150 192 0 9
3151 991 0 77
3152 589 0 22
3153 1400 0 71
3154 1141 0 10
3155 2915 0 7
3156 947 0 7
3157 3180 0 129
3158 3313 0 253
3159 1071 0 7
3160 1917 0 5
3161 1969 0 11
3162 1416 1 0
3163 16134 0 9
3164 989 0 7
3165 2537 0 69
3166 3196 0 23
3167 733 0 80
3168 1966 0 37
3169 2386 1 17
3170 1359 0 11
3171 1041 0 16
3172 1403 0 7
3173 2800 0 38
3174 639 0 37
3175 3606 1 106
3176 274 0 69
3177 2828 0 14
3178 752 0 18
3179 657 0 14
3180 920 0 430
3181 5078 0 10
3182 1002 0 30
3183 2281 0 13
3184 464 0 6
3185 3271 0 90
3186 5133 0 9
3187 348 0 9
3188 3293 0 34
3189 1530 0 44
3190 437 0 12
3191 1986 1 91
3192 2538 0 151
3193 344 0 12
3194 17485 0 28
3195 1093 0 208
3196 6008 0 8
3197 7912 0 11
3198 597 0 19
3199 2361 0 40
3200 3805 0 38
3201 171 0 413
3202 6136 0 15
3203 2327 0 15
3204 976 0 21
3205 1151 0 17
3206 514 0 37
3207 473 0 9
3208 3318 0 13
3209 3376 0 283
3210 849 0 44
3211 8624 0 142
3212 1977 0 12
3213 1092 0 26
3214 468 0 82
3215 167 0 11
3216 8950 0 9
3217 1830 0 8
3218 1421 0 99
3219 971 0 14
3220 1737 0 85
3221 615 0 8
3222 1206 0 14
3223 1020 0 39
3224 253 0 63
3225 1979 0 8
3226 1030 0 3
3227 1365 0 11
3228 195 0 15
3229 1095 0 10
3230 1070 0 29
3231 823 0 6
3232 3367 0 39
3233 1423 0 73
3234 613 0 98
3235 1349 0 15
3236 548 0 23
3237 146 0 49
3238 1507 0 38
3239 579 0 16
3240 989 0 11
3241 2634 0 29
3242 835 0 7
3243 447 0 41
3244 5125 0 10
3245 2107 0 30
3246 5015 0 19
3247 1558 0 13
3248 6546 0 11
3249 8607 0 36
3250 1977 0 7
3251 577 0 7
3252 1597 0 33
3253 601 0 7
3254 3206 0 10
3255 509 0 119
3256 12704 0 6
3257 1414 0 9
3258 462 0 26
3259 638 0 7
3260 2937 0 24
3261 6904 0 21
3262 882 0 11
3263 1811 0 51
3264 799 0 115
3265 1523 0 23
3266 1431 0 7
3267 1364 1 0
3268 1960 0 445
3269 16726 0 49
3270 569 0 140
3271 1310 0 16
3272 1416 0 48
3273 2988 0 11
3274 1378 0 81
3275 373 0 10
3276 236 0 51
3277 3079 0 12
3278 557 0 38
3279 1212 0 137
3280 702 0 10
3281 1311 0 55
3282 857 0 10
3283 966 0 20
3284 1292 0 338
3285 1108 0 17
3286 534 0 9
3287 581 0 15
3288 2161 1 0
3289 3430 0 8
3290 1408 0 182
3291 1587 0 25
3292 2078 0 70
3293 168 0 20
3294 1022 0 9
3295 1055 0 90
3296 1429 0 35
3297 1268 0 16
3298 4209 0 8
3299 1203 0 70
3300 2215 0 13
3301 1526 0 9
3302 1341 0 10
3303 1007 0 10
3304 1812 0 15
3305 3351 0 10
3306 5140 0 8
3307 566 0 88
3308 1346 0 11
3309 730 1 16
3310 1742 0 9
3311 1330 1 7
3312 1070 0 10
3313 1117 0 9
3314 1482 0 13
3315 1529 0 13
3316 14 0 26
3317 2229 0 10
3318 1361 0 14
3319 27 0 27
3320 1624 0 63
3321 1670 0 18
3322 1334 0 10
3323 2405 0 22
3324 13007 0 9
3325 870 0 16
3326 513 0 7
3327 3348 0 37
3328 1947 0 13
3329 778 0 7
3330 1008 0 6
3331 277 0 53
3332 1941 0 72
3333 1426 0 38
3334 1418 0 17
3335 1328 0 91
3336 334 0 7
3337 488 0 11
3338 494 0 618
3339 1274 0 16
3340 275 0 7
3341 2855 0 7
3342 442 0 8
3343 866 0 79
3344 934 0 37
3345 515 0 137
3346 3144 0 10
3347 1340 0 13
3348 611 1 0
3349 3319 0 8
3350 1160 0 39
3351 3316 0 8
3352 15986 1 15
3353 2885 0 63
3354 733 0 8
3355 239 0 9
3356 965 0 13
3357 2571 0 15
3358 2242 0 18
3359 381 0 90
3360 641 0 9
3361 5315 0 10
3362 2877 0 12
3363 7048 0 16
3364 2382 0 132
3365 11795 0 86
3366 199 0 43
3367 22 0 11
3368 1095 0 29
3369 1275 0 8
3370 2285 0 189
3371 2247 0 40
3372 538 0 11
3373 3187 0 10
3374 1219 0 115
3375 930 0 40
3376 1948 0 71
3377 907 0 155
3378 2928 0 23
3379 5160 0 9
3380 287 0 39
3381 1413 0 12
3382 1120 0 10
3383 2534 0 153
3384 1267 0 75
3385 582 0 48
3386 3220 0 95
3387 1057 0 9
3388 12718 0 9
3389 1039 0 12
3390 445 0 12
3391 2989 0 79
3392 1431 0 8
3393 1118 0 10
3394 1949 0 8
3395 549 0 9
3396 13385 0 8
3397 229 0 112
3398 14919 0 9
3399 3153 0 8
3400 1538 0 10
3401 856 0 77
3402 1145 0 7
3403 803 0 34
3404 661 0 14
3405 2171 0 13
3406 6503 0 11
3407 3506 0 17
3408 2929 0 189
3409 2500 0 8
3410 924 0 69
3411 8209 0 88
3412 1007 0 2
3413 7475 0 10
3414 1535 0 45
3415 579 0 155
3416 578 0 8
3417 1089 0 18
3418 1497 0 10
3419 2352 0 10
3420 1187 0 16
3421 548 0 10
3422 1962 0 13
3423 560 0 12
3424 1651 0 27
3425 3164 1 0
3426 1214 0 9
3427 1534 0 16
3428 2833 0 13
3429 174 0 14
3430 1356 0 13
3431 13007 0 9
3432 520 0 12
3433 863 1 120
3434 1874 0 12
3435 729 0 12
3436 1298 0 29
3437 745 0 175
3438 2818 0 9
3439 7534 0 12
3440 414 0 11
3441 7340 0 13
3442 3377 0 13
3443 489 0 123
3444 1396 0 35
3445 1477 0 16
3446 1109 0 15
3447 7487 0 40
3448 372 0 12
3449 989 0 7
3450 728 0 9
3451 3372 0 19
3452 192 0 20
3453 6732 0 10
3454 376 0 12
3455 551 0 36
3456 3283 0 109
3457 687 0 273
3458 781 0 40
3459 2946 0 12

23 1 2601
25
3460 182 0 6
3461 964 0 9
3462 1694 0 10
3463 900 0 16
3464 2883 0 9
3465 1126 0 27
3466 1533 0 139
3467 12917 0 10
3468 2464 0 9
3469 801 0 14
3470 1286 0 14
3471 1514 0 9
3472 567 1 0
3473 3171 0 9
3474 2408 0 13
3475 1937 0 12
3476 682 0 106
3477 6807 0 11
3478 585 0 15
3479 412 0 145
3480 698 0 19
3481 3476 0 17
3482 645 0 12
3483 1312 0 7
3484 996 0 8

24 0 2609
54
3485 731 0 14
3486 2876 0 23
3487 3196 0 110
3488 431 0 10
3489 420 0 137
3490 776 1 0
3491 3334 0 7
3492 760 0 38
3493 1086 0 128
3494 1008 0 145
3495 2416 0 11
3496 703 0 11
3497 627 0 13
3498 556 0 13
3499 1955 0 12
3500 6735 0 8
3501 2371 0 7
3502 989 0 23
3503 1766 0 11
3504 1954 0 149
3505 3149 0 37
3506 1062 0 10
3507 1220 0 32
3508 726 0 9
3509 793 0 7
3510 989 0 18
3511 9981 0 30
3512 1970 0 18
3513 7291 0 209
3514 1616 0 13
3515 1306 0 9
3516 1324 0 13
3517 417 0 10
3518 1297 0 182
3519 684 1 474
3520 2036 0 8
3521 5947 0 67
3522 718 0 25
3523 1416 0 24
3524 1991 0 15
3525 5020 0 11
3526 754 0 12
3527 759 0 47
3528 979 1 0
3529 1272 0 42
3530 2588 0 14
3531 1327 0 136
3532 3350 0 39
3533 507 0 17
3534 1183 1 25
3535 1241 0 17
3536 1516 0 44
3537 1057 0 8
3538 5085 0 47

25 1 2615
52
3539 1387 0 12
3540 1884 0 15
3541 1329 0 17
3542 1171 0 30
3543 673 0 7
3544 989 0 11
3545 1377 0 11
3546 166 0 17
3547 861 0 342
3548 367 0 35
3549 959 0 8
3550 3264 0 78
3551 2743 0 24
3552 197 0 301
3553 2535 0 45
3554 1028 0 12
3555 2451 0 8
3556 1597 0 13
3557 3662 0 6
3558 2391 0 10
3559 908 0 7
3560 3516 1 3
3561 493 0 44
3562 1258 0 139
3563 1304 0 13
3564 922 0 8
3565 805 0 100
3566 15985 0 23
3567 2024 0 162
3568 7402 0 65
3569 955 0 14
3570 712 0 18
3571 1407 0 9
3572 3478 0 8
3573 541 0 231
3574 2005 0 94
3575 12865 0 74
3576 1888 0 8
3577 8188 0 7
3578 989 0 6
3579 1151 0 19
3580 1590 0 73
3581 947 0 24
3582 489 0 71
3583 3311 0 32
3584 707 0 17
3585 3372 0 12
3586 3218 0 11
3587 335 0 23
3588 989 0 9
3589 1807 0 44
3590 7326 0 12

26 1 2620
31
3591 1130 0 21
3592 1958 0 11
3593 743 0 23
3594 3231 0 30
3595 628 0 38
3596 1210 0 90
3597 5144 0 8
3598 948 0 161
3599 1528 0 144
3600 681 0 19
3601 7539 0 20
3602 557 0 12
3603 1955 0 10
3604 1612 0 10
3605 6225 0 7
3606 1954 0 11
3607 17 0 10
3608 603 0 8
3609 985 0 13
3610 1098 0 13
3611 1058 0 9
3612 6454 0 7
3613 790 0 97
3614 653 0 10
3615 3187 0 163
3616 3448 0 15
3617 2199 0 67
3618 2440 0 38
3619 7036 0 7
3620 690 0 16
3621 749 0 13

27 1 2623
24
3622 6926 0 36
3623 570 0 67
3624 2787 0 7
3625 3250 0 41
3626 1395 0 8
3627 1786 0 7
3628 2804 0 10
3629 314 0 12
3630 187 0 12
3631 1241 0 9
3632 1554 0 12
3633 15299 0 23
3634 201 1 153
3635 1323 0 10
3636 491 0 17
3637 1937 0 34
3638 966 0 38
3639 3191 0 20
3640 3694 0 10
3641 1765 0 9
3642 2447 0 30
3643 3107 0 10
3644 1421 0 6
3645 5006 0 12

28 1 2626
7
3646 1512 0 57
3647 1401 0 24
3648 3196 0 40
3649 1361 0 11
3650 515 0 23
3651 564 0 8
3652 2466 0 17

29 1 2635
54
3653 1409 0 7
3654 363 0 30
3655 1798 0 56
3656 798 0 13
3657 2931 0 75
3658 3487 0 49
3659 956 0 7
3660 2323 0 9
3661 608 0 84
3662 293 0 33
3663 5140 0 13
3664 2546 0 10
3665 302 0 13
3666 1424 0 11
3667 1628 0 8
3668 1373 0 232
3669 5028 1 17
3670 1346 0 14
3671 271 0 11
3672 6801 0 24
3673 780 0 112
3674 607 0 30
3675 215 0 12
3676 2294 0 12
3677 2395 0 71
3678 701 0 13
3679 543 0 63
3680 1319 1 88
3681 644 0 9
3682 2048 0 8
3683 3373 0 28
3684 870 0 73
3685 1504 1 0
3686 1413 0 9
3687 2562 0 10
3688 3202 0 292
3689 1861 0 25
3690 1073 0 12
3691 922 0 72
3692 837 0 7
3693 5056 0 19
3694 1231 0 19
3695 1542 1 0
3696 1211 1 87
3697 1041 1 0
3698 2973 0 21
3699 5082 0 34
3700 2875 0 9
3701 359 0 38
3702 599 0 73
3703 946 0 11
3704 598 0 7
3705 11793 0 20
3706 248 0 6

30 1 2760
25
3707 3330 0 24
3708 2903 0 15
3709 7497 0 13
3710 993 0 19
3711 1329 0 16
3712 1941 0 8
3713 1943 0 11
3714 7050 0 10
3715 801 1 0
3716 1959 0 8
3717 3238 0 31
3718 338 0 76
3719 7400 0 11
3720 457 0 13
3721 711 0 11
3722 1005 0 11
3723 7926 0 11
3724 3350 0 11
3725 3329 0 7
3726 2099 0 7
3727 1073 0 49
3728 637 0 10
3729 1513 0 11
3730 2269 0 308
3731 361 0 17

31 1 2767
52
3732 1520 0 16
3733 3183 0 19
3734 8904 0 25
3735 1517 0 16
3736 803 0 9
3737 812 0 36
3738 13015 0 12
3739 468 0 7
3740 807 0 17
3741 864 0 218
3742 2885 0 12
3743 772 0 9
3744 783 0 64
3745 817 0 275
3746 16960 0 11
3747 3252 0 60
3748 994 0 28
3749 992 0 10
3750 437 0 8
3751 1208 0 617
3752 838 0 0
3753 517 0 82
3754 2791 0 13
3755 777 0 9
3756 3043 0 65
3757 1779 0 8
3758 3100 0 17
3759 1526 0 40
3760 3824 0 8
3761 1939 0 145
3762 1592 0 12
3763 8528 0 14
3764 1982 0 9
3765 929 0 15
3766 2957 1 0
3767 13098 0 13
3768 966 0 16
3769 1155 1 0
3770 955 0 14
3771 812 0 12
3772 706 0 35
3773 1231 0 11
3774 6916 0 78
3775 2606 0 11
3776 771 0 10
3777 1397 0 37
3778 1116 0 123
3779 961 1 400
3780 2951 0 76
3781 3067 0 104
3782 1620 0 69
3783 695 0 77

32 1 2771
25
3784 1295 0 41
3785 14377 0 12
3786 1957 0 10
3787 8209 0 8
3788 171 0 100
3789 983 0 124
3790 862 1 0
3791 977 1 30
3792 7797 0 56
3793 3224 0 9
3794 6254 0 32
3795 1513 0 56
3796 6867 0 6
3797 492 0 14
3798 1742 0 13
3799 3151 0 11
3800 1965 0 7
3801 1253 0 10
3802 1219 0 9
3803 601 0 7
3804 7385 0 61
3805 139 0 129
3806 1511 0 238
3807 940 0 11
3808 2135 0 106

33 0 2775
1256
3809 427 0 8
3810 901 0 12
3811 451 0 13
3812 1926 0 9
3813 989 0 17
3814 1504 0 15
3815 11882 0 618
3816 1511 0 12
3817 7491 0 78
3818 811 0 11
3819 2473 0 132
3820 880 0 36
3821 792 0 64
3822 578 0 41
3823 3481 0 185
3824 3547 0 8
3825 704 0 13
3826 1890 0 19
3827 696 0 66
3828 3210 1 0
3829 1231 0 226
3830 703 0 39
3831 191 0 53
3832 2226 0 150
3833 2278 0 21
3834 3301 0 17
3835 1807 0 13
3836 3227 1 28
3837 1171 0 7
3838 3266 0 93
3839 5094 0 27
3840 7387 0 207
3841 1570 0 12
3842 654 0 11
3843 2582 0 10
3844 946 0 40
3845 1119 0 11
3846 587 0 2
3847 1460 1 14
3848 3360 0 15
3849 5094 0 11
3850 721 1 201
3851 6733 0 45
3852 1292 0 182
3853 1845 0 12
3854 2571 0 110
3855 5004 0 7
3856 994 0 7
3857 964 0 6
3858 3376 0 36
3859 791 0 13
3860 2625 0 8
3861 992 0 7
3862 2645 0 7
3863 1356 0 46
3864 271 0 40
3865 2833 0 11
3866 929 0 11
3867 328 0 10
3868 1983 0 40
3869 1868 0 40
3870 1387 1 63
3871 1326 0 6
3872 1338 0 35
3873 1507 0 11
3874 195 0 107
3875 7589 0 7
3876 555 0 11
3877 2092 0 9
3878 7711 0 9
3879 1538 0 32
3880 1869 0 79
3881 1022 0 161
3882 13070 0 107
3883 1506 1 7
3884 1755 0 263
3885 6961 0 8
3886 958 0 50
3887 1757 0 884
3888 1208 0 45
3889 815 0 7
3890 6453 1 0
3891 3195 0 174
3892 5018 0 10
3893 1227 1 0
3894 1768 0 57
3895 1193 0 8
3896 989 0 10
3897 1169 0 8
3898 2105 1 118
3899 6954 0 15
3900 944 0 28
3901 2891 0 12
3902 2270 0 11
3903 6903 0 7
3904 1953 0 16
3905 6455 0 34
3906 631 0 22
3907 480 0 81
3908 1407 0 31
3909 1946 0 9
3910 1242 0 51
3911 1687 0 9
3912 1312 0 12
3913 1388 0 11
3914 1211 0 32
3915 550 0 8
3916 567 0 23
3917 497 0 13
3918 448 0 143
3919 2007 0 14
3920 2712 0 14
3921 498 1 0
3922 926 0 11
3923 3327 0 74
3924 3171 1 0
3925 3406 0 7
3926 1193 0 134
3927 1353 0 58
3928 224 1 0
3929 2446 0 186
3930 1342 0 7
3931 3242 0 15
3932 1516 0 10
3933 507 0 71
3934 1305 0 71
3935 912 0 7
3936 1129 0 69
3937 7049 1 485
3938 649 0 0
3939 986 0 15
3940 645 0 11
3941 813 0 20
3942 951 0 16
3943 1424 0 128
3944 3358 0 13
3945 1057 0 97
3946 738 0 9
3947 1297 1 3
3948 1956 0 141
3949 1602 0 39
3950 1948 0 37
3951 1317 0 12
3952 1035 0 50
3953 1133 0 274
3954 5080 0 11
3955 2855 0 388
3956 2600 0 225
3957 2925 0 18
3958 1333 0 33
3959 1154 0 15
3960 982 0 12
3961 664 0 12
3962 2070 0 11
3963 3321 0 79
3964 3405 0 12
3965 719 0 20
3966 1284 0 68
3967 1043 0 25
3968 16411 0 18
3969 1998 0 19
3970 2863 0 11
3971 465 1 0
3972 1317 0 16
3973 2942 0 148
3974 1705 0 216
3975 515 0 29
3976 1529 0 167
3977 354 0 40
3978 1406 0 39
3979 736 0 121
3980 2885 0 27
3981 625 0 28
3982 1765 0 109
3983 486 0 40
3984 3304 0 41
3985 6210 0 7
3986 6188 0 8
3987 975 0 19
3988 1340 0 29
3989 989 0 15
3990 753 0 54
3991 703 0 9
3992 590 0 8
3993 643 0 37
3994 703 0 17
3995 23 0 23
3996 1114 0 9
3997 6361 0 86
3998 1232 0 169
3999 6729 0 47
4000 3347 0 10
4001 13570 0 18
4002 1969 0 42
4003 340 0 140
4004 429 0 88
4005 5774 0 28
4006 7278 0 10
4007 1542 0 38
4008 963 0 93
4009 1381 0 13
4010 17050 0 12
4011 1501 1 0
4012 811 0 26
4013 1740 0 30
4014 813 0 10
4015 1668 0 49
4016 1961 0 10
4017 422 0 8
4018 1137 0 15
4019 13010 0 24
4020 3311 1 25
4021 705 0 11
4022 2416 0 16
4023 1960 0 15
4024 752 0 42
4025 873 0 19
4026 1339 0 101
4027 1944 0 8
4028 1658 0 10
4029 627 0 13
4030 2552 0 10
4031 5901 0 12
4032 858 0 9
4033 1822 0 9
4034 1344 0 11
4035 2420 0 14
4036 938 0 8
4037 3220 0 28
4038 1129 1 0
4039 624 0 10
4040 3287 0 9
4041 1220 1 0
4042 3315 1 344
4043 946 0 11
4044 1529 0 8
4045 178 0 20
4046 1242 0 8
4047 1505 0 38
4048 1089 0 16
4049 927 0 93
4050 2233 0 13
4051 577 0 20
4052 337 0 21
4053 377 0 7
4054 2078 0 12
4055 1323 0 32
4056 1705 0 9
4057 5083 0 13
4058 3278 0 23
4059 2863 0 10
4060 824 0 14
4061 198 0 57
4062 1251 0 9
4063 977 0 19
4064 185 0 11
4065 5120 0 80
4066 1249 0 19
4067 683 0 6
4068 496 0 13
4069 1809 0 7
4070 1266 0 9
4071 1063 0 107
4072 733 0 97
4073 2439 0 29
4074 7176 0 71
4075 2511 0 23
4076 1358 0 12
4077 1407 0 27
4078 1421 0 8
4079 891 0 21
4080 824 0 8
4081 381 0 9
4082 724 0 98
4083 1279 0 76
4084 976 0 109
4085 1360 0 33
4086 7476 0 6
4087 184 0 12
4088 874 0 36
4089 1425 0 18
4090 1880 0 27
4091 488 0 11
4092 1564 0 81
4093 329 0 8
4094 533 0 67
4095 1949 0 11
4096 2948 0 9
4097 6919 0 12
4098 1134 1 0
4099 1346 0 14
4100 1821 0 14
4101 420 0 93
4102 1214 0 35
4103 1209 0 6
4104 991 0 8
4105 1118 0 114
4106 1134 1 0
4107 972 0 17
4108 583 0 10
4109 14915 0 65
4110 1883 0 54
4111 2311 0 11
4112 188 0 12
4113 1524 0 11
4114 1136 0 71
4115 1290 0 152
4116 3199 0 18
4117 1340 0 9
4118 448 0 7
4119 963 0 10
4120 1989 0 14
4121 3371 0 30
4122 1004 0 41
4123 1992 1 0
4124 852 0 67
4125 12632 0 20
4126 972 0 12
4127 907 0 11
4128 1214 0 39
4129 1259 0 13
4130 1285 0 10
4131 3294 0 31
4132 1982 0 217
4133 7653 0 13
4134 841 0 31
4135 593 0 11
4136 244 0 30
4137 1660 0 71
4138 1097 0 11
4139 675 0 52
4140 566 0 7
4141 7572 0 27
4142 2021 0 12
4143 1063 1 11
4144 2241 0 71
4145 513 1 26
4146 423 0 7
4147 2550 0 35
4148 643 0 19
4149 12772 0 19
4150 2944 0 10
4151 989 0 28
4152 989 0 13
4153 989 0 35
4154 579 0 9
4155 902 0 26
4156 2116 0 11
4157 2944 0 9
4158 1367 0 10
4159 1773 1 0
4160 432 0 5
4161 5149 0 46
4162 687 0 16
4163 3697 0 14
4164 1563 0 189
4165 3009 0 6
4166 985 0 133
4167 1507 1 60
4168 1836 0 74
4169 515 0 11
4170 884 0 10
4171 1726 0 11
4172 517 0 11
4173 3288 0 298
4174 2011 0 7
4175 207 0 16
4176 5137 0 50
4177 5073 0 9
4178 1886 0 13
4179 2260 0 8
4180 2549 0 9
4181 14897 0 11
4182 1425 0 149
4183 1168 0 11
4184 1511 0 73
4185 583 0 14
4186 171 0 10
4187 1980 0 14
4188 1073 0 14
4189 3316 0 146
4190 1135 0 11
4191 578 0 196
4192 4131 0 12
4193 345 0 48
4194 1043 0 51
4195 1764 0 22
4196 648 0 18
4197 1549 1 135
4198 3353 0 9
4199 355 0 39
4200 1906 0 39
4201 1978 0 8
4202 2888 0 13
4203 366 0 36
4204 1356 0 13
4205 2210 0 266
4206 559 0 21
4207 756 0 72
4208 3264 0 24
4209 1916 0 16
4210 1783 0 13
4211 990 0 11
4212 1128 0 50
4213 2718 0 73
4214 1131 0 11
4215 366 0 24
4216 807 0 11
4217 1159 1 142
4218 163 0 8
4219 2782 0 10
4220 450 0 49
4221 692 0 10
4222 414 0 180
4223 1455 0 43
4224 1076 0 18
4225 1302 0 9
4226 6728 0 43
4227 661 0 11
4228 1040 0 35
4229 12400 0 67
4230 1613 0 43
4231 1244 1 17
4232 375 0 17
4233 1034 0 23
4234 334 0 9
4235 2822 0 39
4236 490 0 37
4237 341 0 64
4238 1193 0 45
4239 3307 1 18
4240 658 0 10
4241 1511 0 77
4242 509 0 31
4243 2722 0 73
4244 1419 0 36
4245 10 0 17
4246 1396 0 54
4247 1165 0 7
4248 433 0 142
4249 1182 0 8
4250 516 0 11
4251 1260 1 0
4252 447 0 184
4253 3799 0 29
4254 3365 0 22
4255 2015 0 9
4256 6960 0 13
4257 832 1 0
4258 293 0 75
4259 5060 0 41
4260 7470 0 110
4261 1123 0 127
4262 12624 1 38
4263 931 0 11
4264 412 0 13
4265 3170 0 9
4266 1965 0 33
4267 607 1 21
4268 2259 0 30
4269 2615 0 21
4270 1411 0 7
4271 3231 0 23
4272 571 0 9
4273 1505 0 11
4274 5116 0 85
4275 5895 0 11
4276 1953 0 72
4277 3920 0 9
4278 408 0 85
4279 1867 0 39
4280 900 0 17
4281 325 0 14
4282 1294 0 8
4283 3269 0 11
4284 167 0 30
4285 786 0 12
4286 1320 0 75
4287 12878 0 10
4288 1002 0 29
4289 1516 0 70
4290 2430 0 8
4291 2248 0 9
4292 830 0 18
4293 1409 0 10
4294 6176 0 46
4295 11792 0 66
4296 2196 1 3
4297 1155 0 87
4298 1499 0 12
4299 2203 1 133
4300 190 0 7
4301 3190 0 11
4302 681 0 66
4303 302 0 20
4304 835 0 10
4305 2894 0 22
4306 2984 0 25
4307 2935 0 10
4308 1426 0 26
4309 1682 0 11
4310 384 0 33
4311 1719 1 109
4312 1276 0 8
4313 434 0 9
4314 1172 0 38
4315 1106 0 13
4316 667 0 13
4317 5140 0 243
4318 972 0 16
4319 3242 0 9
4320 5833 0 82
4321 2850 0 15
4322 329 0 67
4323 974 0 20
4324 1223 0 75
4325 3114 0 77
4326 829 0 80
4327 1880 0 91
4328 480 0 46
4329 747 0 9
4330 1219 0 11
4331 8200 0 11
4332 14389 0 295
4333 1957 0 17
4334 888 0 12
4335 2674 0 107
4336 1262 0 12
4337 470 0 11
4338 1139 0 34
4339 2573 0 8
4340 1882 0 12
4341 1528 0 23
4342 1760 0 8
4343 3197 0 11
4344 1343 0 9
4345 484 0 184
4346 3337 0 7
4347 836 0 20
4348 590 0 11
4349 1211 0 13
4350 207 0 11
4351 507 0 7
4352 1628 0 11
4353 1308 0 49
4354 2893 0 102
4355 2326 0 33
4356 989 0 129
4357 14465 0 15
4358 1081 0 11
4359 176 0 23
4360 290 0 46
4361 945 0 46
4362 564 0 139
4363 362 0 7
4364 1213 1 47
4365 891 0 8
4366 3180 0 39
4367 494 0 10
4368 9978 1 124
4369 1209 0 70
4370 1297 0 8
4371 361 0 15
4372 506 0 32
4373 608 0 157
4374 6718 0 41
4375 3218 0 38
4376 2244 0 110
4377 6700 0 15
4378 376 0 62
4379 2616 0 30
4380 639 0 11
4381 1421 0 11
4382 12538 0 8
4383 7048 0 11
4384 549 0 14
4385 987 1 596
4386 2435 0 9
4387 1072 0 43
4388 1440 0 8
4389 1203 0 11
4390 2891 0 11
4391 2493 0 11
4392 1174 0 19
4393 1343 0 12
4394 7634 0 10
4395 927 0 10
4396 1983 0 9
4397 1555 0 38
4398 5957 0 9
4399 7303 0 9
4400 7263 0 9
4401 1560 0 8
4402 735 0 77
4403 6494 0 11
4404 1224 0 156
4405 1474 0 14
4406 1521 0 20
4407 628 0 49
4408 6729 0 9
4409 9979 0 181
4410 353 0 10
4411 3436 0 8
4412 3228 0 8
4413 2417 0 13
4414 1040 0 15
4415 905 0 65
4416 3292 0 27
4417 808 0 10
4418 3148 0 25
4419 887 0 11
4420 2100 0 92
4421 992 0 11
4422 2537 0 14
4423 989 0 87
4424 180 0 56
4425 12633 0 20
4426 3563 1 0
4427 1262 0 12
4428 1017 0 13
4429 1960 0 17
4430 1636 0 9
4431 415 0 12
4432 3379 0 27
4433 290 0 199
4434 1976 1 30
4435 1941 0 17
4436 24 0 14
4437 1346 0 9
4438 286 0 17
4439 1398 0 8
4440 763 1 400
4441 13030 0 43
4442 1430 0 10
4443 7916 0 54
4444 7896 0 38
4445 1371 0 42
4446 1061 0 49
4447 202 0 73
4448 989 0 11
4449 3313 0 148
4450 1291 0 98
4451 1074 0 11
4452 430 0 10
4453 1233 0 39
4454 1578 0 10
4455 543 0 189
4456 672 0 11
4457 5011 0 135
4458 7262 1 60
4459 319 0 16
4460 898 0 8
4461 2317 0 9
4462 2136 0 103
4463 7048 0 32
4464 1199 1 0
4465 635 0 7
4466 6700 0 72
4467 1338 0 15
4468 696 0 13
4469 1320 0 9
4470 442 0 11
4471 7049 0 8
4472 5091 0 13
4473 6167 0 12
4474 442 0 12
4475 3165 0 38
4476 1864 0 9
4477 1348 0 10
4478 822 0 15
4479 1516 0 18
4480 1074 0 14
4481 525 0 9
4482 300 0 11
4483 942 0 16
4484 7593 0 14
4485 5091 0 10
4486 1976 0 7
4487 2942 0 12
4488 2899 0 8
4489 1795 0 19
4490 1516 0 50
4491 1958 0 5
4492 3409 0 52
4493 932 0 9
4494 956 0 12
4495 661 0 11
4496 1103 0 142
4497 1247 0 23
4498 1096 0 37
4499 1124 0 214
4500 1409 0 8
4501 181 0 15
4502 4997 0 56
4503 820 0 46
4504 438 0 79
4505 7736 0 9
4506 1011 0 41
4507 989 1 41
4508 1967 0 12
4509 762 0 33
4510 6502 0 11
4511 877 0 11
4512 1227 0 35
4513 542 0 11
4514 691 0 8
4515 1951 0 72
4516 1839 0 12
4517 572 0 44
4518 1243 1 0
4519 2864 0 17
4520 2027 0 19
4521 1984 0 12
4522 1659 0 19
4523 989 0 9
4524 636 1 265
4525 1066 0 10
4526 940 0 8
4527 1274 0 39
4528 446 0 5
4529 1069 0 18
4530 1285 0 176
4531 2957 0 12
4532 6447 0 6
4533 459 0 10
4534 3236 0 135
4535 3192 0 7
4536 1969 0 26
4537 511 0 10
4538 648 0 11
4539 430 0 10
4540 3241 0 64
4541 1511 0 110
4542 1181 0 69
4543 765 0 46
4544 888 0 12
4545 14863 0 10
4546 958 0 12
4547 29 0 10
4548 2566 0 11
4549 2191 0 11
4550 738 0 130
4551 1476 0 13
4552 870 0 82
4553 13018 0 7
4554 841 0 65
4555 1346 0 115
4556 528 0 29
4557 1398 0 42
4558 430 1 316
4559 289 0 22
4560 2944 0 7
4561 1453 0 20
4562 1363 0 11
4563 1099 0 46
4564 1236 0 23
4565 2845 1 16
4566 307 0 11
4567 1217 0 17
4568 5406 0 10
4569 12834 0 44
4570 5758 0 10
4571 822 0 178
4572 1519 0 38
4573 2965 0 9
4574 1203 0 12
4575 393 0 8
4576 888 0 15
4577 2816 0 6
4578 1352 1 15
4579 1927 0 13
4580 3134 0 38
4581 3197 0 9
4582 6468 0 108
4583 2762 0 11
4584 3530 0 13
4585 1967 0 7
4586 1515 0 88
4587 1617 0 28
4588 8829 0 39
4589 477 0 40
4590 721 0 8
4591 1211 0 13
4592 1409 0 38
4593 1267 0 9
4594 1326 0 121
4595 1032 1 90
4596 2877 0 13
4597 15959 0 37
4598 6696 0 17
4599 1397 0 8
4600 2925 0 11
4601 1008 0 7
4602 1701 0 21
4603 3525 0 37
4604 1964 0 10
4605 1108 0 40
4606 1262 0 11
4607 2573 0 276
4608 1909 0 16
4609 423 0 67
4610 16336 0 45
4611 929 0 11
4612 1279 0 179
4613 1363 0 12
4614 2467 1 0
4615 924 0 99
4616 6362 0 52
4617 989 0 14
4618 1390 0 91
4619 5050 0 9
4620 3270 0 324
4621 227 0 16
4622 2396 1 0
4623 1422 0 8
4624 507 0 7
4625 1346 0 21
4626 3329 0 23
4627 187 0 11
4628 553 0 7
4629 6765 0 39
4630 1237 0 168
4631 3289 0 10
4632 1040 0 10
4633 2850 0 13
4634 1310 0 5
4635 153 0 67
4636 1964 0 71
4637 1409 0 71
4638 5042 0 9
4639 1975 0 12
4640 1085 0 8
4641 930 0 13
4642 1008 0 37
4643 1103 0 11
4644 313 0 9
4645 753 0 30
4646 1039 0 13
4647 1820 0 13
4648 7024 0 13
4649 1347 0 97
4650 1290 0 38
4651 3225 0 8
4652 1976 0 11
4653 790 0 78
4654 2882 0 19
4655 3193 0 22
4656 5054 0 7
4657 2136 0 99
4658 1512 0 38
4659 240 0 23
4660 990 0 212
4661 961 0 99
4662 137 0 16
4663 1518 0 18
4664 2075 0 10
4665 1989 0 19
4666 1513 0 31
4667 631 0 20
4668 306 0 8
4669 1184 0 10
4670 1059 0 13
4671 1537 0 9
4672 740 0 174
4673 546 0 9
4674 832 0 39
4675 1024 0 7
4676 924 0 9
4677 25 0 11
4678 5026 0 14
4679 1971 0 7
4680 6703 0 44
4681 1407 0 24
4682 1016 0 9
4683 1657 0 6
4684 2575 0 12
4685 272 0 91
4686 447 0 198
4687 208 0 41
4688 2553 0 80
4689 683 0 7
4690 1279 0 26
4691 6959 0 10
4692 720 1 23
4693 1273 0 8
4694 817 0 8
4695 1217 0 13
4696 2913 0 5
4697 1887 0 69
4698 1079 0 31
4699 1976 0 130
4700 1869 0 410
4701 761 0 13
4702 558 0 11
4703 531 0 189
4704 801 0 14
4705 3141 0 56
4706 1296 0 30
4707 526 0 13
4708 1722 0 16
4709 3226 0 97
4710 832 0 76
4711 792 0 33
4712 1261 0 9
4713 2395 0 10
4714 3377 1 101
4715 272 0 9
4716 3089 0 30
4717 284 0 14
4718 1261 0 79
4719 1085 0 9
4720 5014 0 9
4721 1883 0 14
4722 1516 0 12
4723 2895 0 7
4724 3356 0 28
4725 579 0 9
4726 3300 0 9
4727 1379 0 92
4728 2886 0 45
4729 1405 0 13
4730 559 0 12
4731 1966 0 14
4732 625 0 47
4733 837 0 11
4734 1057 0 13
4735 2210 0 9
4736 548 0 34
4737 1159 0 13
4738 738 0 8
4739 1985 0 12
4740 1091 0 74
4741 1447 0 54
4742 7022 0 6
4743 1415 0 10
4744 728 0 11
4745 691 0 34
4746 6360 0 8
4747 1858 0 47
4748 935 0 7
4749 6561 0 2
4750 3241 0 9
4751 1966 0 18
4752 719 0 11
4753 7309 0 7
4754 2531 1 17
4755 3377 0 9
4756 3225 0 51
4757 709 0 19
4758 1246 0 82
4759 1098 0 38
4760 3706 0 28
4761 3406 0 19
4762 1415 0 11
4763 618 0 11
4764 3024 0 96
4765 2061 0 36
4766 2638 0 343
4767 1430 0 9
4768 773 0 12
4769 2487 0 102
4770 325 0 8
4771 1358 0 10
4772 5067 0 102
4773 2231 0 17
4774 5050 0 24
4775 288 0 160
4776 488 0 11
4777 7816 0 11
4778 1381 0 101
4779 177 0 136
4780 3244 0 11
4781 3151 0 193
4782 316 0 114
4783 1165 0 9
4784 2910 0 5
4785 17650 0 12
4786 952 0 27
4787 901 0 49
4788 1847 0 126
4789 3178 0 11
4790 371 0 165
4791 932 0 41
4792 6362 0 10
4793 282 0 40
4794 3206 0 12
4795 2502 0 76
4796 200 0 115
4797 6070 0 64
4798 1740 0 114
4799 2382 0 11
4800 923 0 7
4801 388 0 11
4802 5101 0 0
4803 2430 0 10
4804 10750 1 201
4805 1542 0 11
4806 1134 0 31
4807 639 0 13
4808 736 0 10
4809 5067 0 29
4810 12656 0 38
4811 1143 0 16
4812 746 0 16
4813 6555 0 52
4814 1157 0 77
4815 1118 0 24
4816 2074 0 30
4817 1953 0 6
4818 1674 0 20
4819 1915 0 12
4820 6728 0 15
4821 2788 0 41
4822 208 0 9
4823 3349 0 12
4824 237 1 618
4825 2860 0 8
4826 1157 0 32
4827 7051 0 40
4828 1353 0 20
4829 299 0 14
4830 1719 0 19
4831 12880 0 11
4832 5060 0 71
4833 1526 0 48
4834 469 0 207
4835 5114 0 40
4836 12926 0 13
4837 1294 0 13
4838 1204 0 135
4839 1178 0 7
4840 8272 0 10
4841 1122 0 8
4842 2181 0 34
4843 1039 0 38
4844 1047 0 33
4845 3564 0 13
4846 2834 0 70
4847 1636 0 17
4848 666 0 39
4849 352 0 83
4850 3290 0 14
4851 3199 0 8
4852 1513 0 25
4853 1071 0 82
4854 2612 0 10
4855 14918 0 94
4856 1771 0 38
4857 199 0 81
4858 1958 0 11
4859 544 0 23
4860 805 0 38
4861 2812 0 13
4862 942 0 37
4863 1410 0 11
4864 3149 0 7
4865 315 0 28
4866 650 0 79
4867 1356 0 19
4868 657 0 25
4869 5133 0 54
4870 6738 0 19
4871 1308 1 0
4872 1170 0 11
4873 490 1 516
4874 7473 0 12
4875 1513 0 21
4876 737 0 13
4877 1299 0 7
4878 692 0 8
4879 827 0 13
4880 3377 0 7
4881 2352 0 11
4882 6455 0 12
4883 3182 0 60
4884 806 0 10
4885 1755 0 231
4886 202 0 36
4887 760 0 11
4888 1408 0 8
4889 265 0 9
4890 1009 0 7
4891 3254 0 17
4892 1561 0 9
4893 2549 0 17
4894 1214 0 11
4895 634 0 11
4896 2052 0 11
4897 1399 0 11
4898 1186 0 30
4899 1956 0 8
4900 638 0 14
4901 633 0 7
4902 615 0 13
4903 431 0 54
4904 1065 0 38
4905 311 0 10
4906 3377 0 169
4907 2927 0 13
4908 5005 0 30
4909 950 0 143
4910 2234 0 11
4911 582 0 9
4912 2852 0 143
4913 6135 0 10
4914 2450 0 10
4915 171 0 9
4916 13061 1 32
4917 5052 0 10
4918 2277 0 21
4919 3693 0 36
4920 590 0 14
4921 543 0 85
4922 1518 0 94
4923 5138 0 22
4924 827 0 12
4925 1240 0 20
4926 970 0 18
4927 162 0 9
4928 3608 0 117
4929 8829 0 20
4930 179 0 8
4931 1043 0 10
4932 229 0 110
4933 7050 0 111
4934 3079 0 8
4935 1149 0 11
4936 6733 0 17
4937 1349 0 11
4938 1474 0 8
4939 3215 0 26
4940 1961 0 11
4941 961 0 46
4942 638 0 69
4943 2786 0 15
4944 2128 0 292
4945 2614 0 72
4946 1226 0 43
4947 798 0 12
4948 692 0 9
4949 1851 0 14
4950 16673 0 29
4951 1948 0 28
4952 2614 0 41
4953 949 0 2
4954 1269 0 10
4955 1188 0 42
4956 1264 0 12
4957 1158 0 105
4958 1951 0 44
4959 7303 0 13
4960 3654 0 15
4961 772 0 249
4962 1351 1 0
4963 1069 0 119
4964 989 0 28
4965 837 0 11
4966 2389 0 13
4967 1326 1 0
4968 5084 0 53
4969 1038 0 8
4970 1510 0 11
4971 1135 0 13
4972 12638 0 45
4973 5067 0 16
4974 411 0 67
4975 1526 0 11
4976 2885 0 38
4977 12748 0 12
4978 1057 0 6
4979 3007 0 71
4980 628 1 0
4981 278 0 22
4982 2905 0 10
4983 1287 1 30
4984 2821 0 20
4985 1861 0 11
4986 1055 1 0
4987 465 1 17
4988 687 0 41
4989 1354 0 215
4990 8191 0 14
4991 10882 0 56
4992 1516 0 11
4993 1232 0 18
4994 3214 0 10
4995 997 0 44
4996 1330 0 12
4997 2303 0 148
4998 11791 0 10
4999 12686 0 11
5000 1949 0 9
5001 13372 0 24
5002 2892 1 0
5003 1377 0 9
5004 2880 0 12
5005 737 0 13
5006 171 0 10
5007 2378 0 9
5008 1981 0 99
5009 3170 0 18
5010 2505 0 9
5011 3379 0 13
5012 1205 0 28
5013 17650 0 18
5014 173 0 172
5015 1569 0 57
5016 1352 0 28
5017 989 0 18
5018 1057 0 13
5019 2826 0 8
5020 2599 0 12
5021 889 0 30
5022 8191 0 17
5023 719 0 137
5024 833 0 16
5025 593 0 364
5026 7177 0 17
5027 567 0 107
5028 3376 0 99
5029 2793 0 27
5030 1127 0 11
5031 192 0 80
5032 3720 0 22
5033 1979 0 10
5034 12751 0 35
5035 2396 0 112
5036 618 1 0
5037 3456 1 30
5038 922 0 7
5039 326 0 14
5040 989 0 26
5041 960 0 23
5042 2598 0 9
5043 440 0 8
5044 16619 0 8
5045 1190 1 596
5046 6524 1 0
5047 919 0 12
5048 4234 0 10
5049 3192 0 38
5050 179 0 140
5051 183 1 0
5052 1528 0 12
5053 1075 0 141
5054 1863 0 11
5055 2748 0 39
5056 3168 0 13
5057 3311 0 8
5058 3303 0 30
5059 939 0 10
5060 770 0 15
5061 6098 0 48
5062 2896 0 10
5063 650 0 11
5064 1828 0 15

34 0 2781
56
5065 5971 0 79
5066 2838 0 10
5067 511 0 11
5068 1973 0 218
5069 2152 0 11
5070 1177 0 159
5071 877 1 205
5072 1829 0 15
5073 823 0 7
5074 1769 0 79
5075 1955 0 16
5076 1094 1 32
5077 439 0 11
5078 3329 0 9
5079 1038 0 18
5080 1005 0 0
5081 392 0 9
5082 882 0 8
5083 1941 0 16
5084 989 0 18
5085 249 0 19
5086 634 0 8
5087 903 0 130
5088 610 0 71
5089 1355 0 36
5090 1695 0 120
5091 1910 1 0
5092 6250 0 13
5093 1208 0 80
5094 6728 0 39
5095 1420 0 85
5096 3771 0 11
5097 118 0 11
5098 869 0 11
5099 9359 0 14
5100 1427 0 74
5101 583 1 30
5102 649 0 13
5103 7491 0 13
5104 361 1 244
5105 2259 0 210
5106 1014 0 11
5107 2061 0 51
5108 80 1 473
5109 1217 0 124
5110 1517 0 31
5111 1348 0 8
5112 1265 0 74
5113 3307 0 11
5114 600 0 9
5115 5907 0 10
5116 3622 0 7
5117 3397 0 27
5118 1024 0 11
5119 1325 0 19
5120 1323 0 17

35 1 2782
120
5121 3273 0 8
5122 866 0 6
5123 1566 0 25
5124 1057 0 60
5125 2917 0 96
5126 1289 0 40
5127 588 0 143
5128 17071 0 7
5129 1984 0 11
5130 1382 0 45
5131 2907 0 72
5132 1648 0 8
5133 2835 0 12
5134 6735 0 1
5135 733 0 33
5136 5050 0 14
5137 558 0 10
5138 4264 0 33
5139 1204 0 8
5140 250 0 9
5141 1949 1 0
5142 1829 0 13
5143 3176 0 14
5144 390 0 13
5145 677 0 8
5146 1016 0 21
5147 788 0 20
5148 1111 0 45
5149 1233 0 9
5150 291 0 15
5151 3377 0 9
5152 3377 0 52
5153 2386 0 18
5154 1376 0 17
5155 668 0 107
5156 320 0 14
5157 2533 0 13
5158 723 0 62
5159 872 0 10
5160 1828 0 49
5161 10 0 155
5162 392 0 8
5163 3344 0 51
5164 7322 0 17
5165 550 0 10
5166 852 0 30
5167 1511 0 9
5168 1971 0 103
5169 315 0 8
5170 2118 0 11
5171 1705 0 140
5172 11486 0 185
5173 500 0 10
5174 2899 0 42
5175 217 0 9
5176 972 0 8
5177 204 0 10
5178 969 0 14
5179 914 0 132
5180 2737 0 211
5181 3631 0 10
5182 785 0 129
5183 886 0 17
5184 5089 0 9
5185 989 0 29
5186 3166 0 16
5187 2612 0 8
5188 1393 0 171
5189 447 0 23
5190 1291 0 20
5191 3544 0 6
5192 533 0 38
5193 36 0 8
5194 581 0 15
5195 1972 0 134
5196 2196 0 36
5197 2378 0 15
5198 600 0 8
5199 12087 0 8
5200 1019 0 247
5201 6372 0 30
5202 2431 0 10
5203 777 0 8
5204 1407 0 182
5205 2878 0 47
5206 807 0 67
5207 7950 0 16
5208 1207 0 10
5209 928 0 10
5210 1974 0 37
5211 2422 0 16
5212 2902 1 0
5213 3377 0 11
5214 286 0 72
5215 1688 0 39
5216 449 0 8
5217 2136 0 28
5218 509 0 67
5219 3166 0 56
5220 845 0 36
5221 1294 0 72
5222 1513 0 13
5223 768 0 42
5224 1291 0 13
5225 460 0 38
5226 1981 0 21
5227 370 0 28
5228 1526 0 8
5229 1085 0 11
5230 3255 0 298
5231 401 0 12
5232 1388 0 7
5233 1268 1 24
5234 1009 0 36
5235 1336 0 120
5236 1569 0 16
5237 2723 0 13
5238 442 0 17
5239 16 0 11
5240 1975 0 10

36 1 2786
54
5241 1656 0 30
5242 1529 0 24
5243 637 0 617
5244 507 0 11
5245 2566 0 13
5246 760 0 15
5247 1536 0 8
5248 5097 0 11
5249 553 0 9
5250 1237 0 9
5251 1871 0 8
5252 850 0 11
5253 896 0 68
5254 2813 0 27
5255 906 0 11
5256 905 0 7
5257 245 0 19
5258 869 0 11
5259 224 0 11
5260 8201 0 8
5261 2408 0 26
5262 7272 0 3
5263 1140 0 10
5264 1523 0 7
5265 574 0 110
5266 553 0 9
5267 1373 0 18
5268 1424 0 7
5269 2024 0 71
5270 3331 0 10
5271 1157 0 54
5272 2834 0 67
5273 5069 0 12
5274 986 0 39
5275 2873 0 16
5276 1351 0 28
5277 5760 0 28
5278 1253 0 10
5279 2710 0 23
5280 620 0 9
5281 1392 0 185
5282 289 0 13
5283 1358 0 40
5284 923 0 157
5285 304 0 137
5286 1111 0 31
5287 686 0 8
5288 1500 0 143
5289 812 0 14
5290 1419 0 7
5291 865 0 223
5292 2475 0 49
5293 541 0 8
5294 683 0 13

37 1 2796
5
5295 887 0 12
5296 637 0 11
5297 1015 0 3
5298 1355 0 57
5299 1177 0 19

38 1 2829
120
5300 1981 0 174
5301 1037 0 11
5302 1967 0 10
5303 871 0 14
5304 941 0 44
5305 440 0 8
5306 442 0 18
5307 1157 0 10
5308 716 0 10
5309 1090 0 67
5310 7299 0 15
5311 931 0 71
5312 407 0 9
5313 1187 0 8
5314 2932 0 115
5315 2525 0 25
5316 1910 0 17
5317 622 0 8
5318 1966 0 13
5319 1403 0 30
5320 1530 0 42
5321 3155 0 7
5322 6135 0 45
5323 2462 0 9
5324 1412 0 41
5325 7595 0 11
5326 1146 0 63
5327 1760 0 13
5328 647 0 8
5329 726 0 8
5330 1947 0 9
5331 5047 0 167
5332 3158 0 168
5333 6176 0 23
5334 1983 0 7
5335 1206 0 41
5336 182 0 37
5337 171 0 22
5338 3171 0 8
5339 1315 0 10
5340 3255 0 27
5341 897 0 20
5342 5149 0 21
5343 1632 0 7
5344 1666 0 12
5345 2856 0 240
5346 636 0 13
5347 3321 0 58
5348 1337 0 41
5349 919 0 8
5350 1992 0 23
5351 1600 0 58
5352 1367 0 12
5353 1408 0 8
5354 552 0 42
5355 2930 0 27
5356 2277 0 19
5357 2515 0 105
5358 7039 0 7
5359 1518 0 8
5360 1370 0 8
5361 375 0 53
5362 1158 0 26
5363 686 0 10
5364 1476 0 10
5365 640 0 142
5366 1082 0 11
5367 1417 0 9
5368 1757 0 69
5369 255 0 10
5370 585 0 11
5371 297 0 76
5372 1349 0 18
5373 9318 0 25
5374 1576 0 33
5375 5301 0 11
5376 801 0 9
5377 1958 0 27
5378 1879 0 13
5379 1988 0 28
5380 1100 1 0
5381 2497 0 69
5382 1683 0 16
5383 479 0 9
5384 495 0 75
5385 3341 0 206
5386 298 0 14
5387 2498 0 18
5388 1571 0 8
5389 1798 0 9
5390 3424 0 73
5391 3214 0 39
5392 989 0 13
5393 2275 0 11
5394 1256 0 57
5395 1938 0 41
5396 752 0 12
5397 1080 0 38
5398 49 0 13
5399 962 0 10
5400 2878 0 17
5401 250 0 236
5402 2796 0 8
5403 2815 0 10
5404 3281 0 12
5405 1759 0 11
5406 248 0 13
5407 2429 0 282
5408 7548 0 11
5409 3560 0 265
5410 7350 0 55
5411 1824 0 12
5412 1226 1 28
5413 809 0 9
5414 16158 0 9
5415 792 1 28
5416 1188 0 27
5417 1394 1 0
5418 1244 0 16
5419 1258 0 43

39 1 394442
9
5420 1321 0 77
5421 1466 0 124
5422 1174 0 191
5423 1988 0 18
5424 1415 0 35
5425 1431 0 10
5426 232 0 107
5427 677 0 18
5428 1424 0 24

