80

0 1 247
5
0 1516 0 61
1 429 0 31
2 3397 0 303
3 343 0 13
4 6919 0 12

1 1 1019
187
5 1103 0 12
6 889 0 27
7 846 0 14
8 3199 0 40
9 1239 1 0
10 1980 0 108
11 5000 0 212
12 1708 0 10
13 1583 0 11
14 1176 0 77
15 12391 0 38
16 2317 0 220
17 5105 0 163
18 1252 0 10
19 6768 0 10
20 512 0 13
21 3380 0 30
22 7661 0 11
23 1157 0 36
24 2043 0 6
25 1755 0 196
26 990 0 8
27 592 0 29
28 5128 0 18
29 502 0 20
30 849 0 18
31 1384 0 13
32 1737 0 57
33 919 0 33
34 866 1 47
35 196 0 13
36 3405 0 38
37 5157 1 20
38 1517 0 229
39 407 0 12
40 1230 0 46
41 14459 0 27
42 284 0 7
43 1972 0 10
44 2263 0 13
45 621 0 50
46 1231 1 0
47 3311 0 9
48 1867 0 28
49 979 0 11
50 1127 0 18
51 2930 0 110
52 1295 0 11
53 3208 0 183
54 7861 0 13
55 541 0 37
56 1958 0 8
57 1051 0 9
58 1966 0 10
59 980 0 65
60 1529 0 221
61 3378 0 30
62 16259 0 207
63 7253 0 27
64 1781 0 10
65 3141 0 113
66 13108 0 10
67 528 0 10
68 705 0 44
69 1322 0 9
70 2345 0 10
71 1516 0 10
72 2254 0 63
73 1889 0 191
74 5571 0 8
75 624 0 18
76 5126 0 6
77 11603 0 11
78 1816 0 12
79 907 0 30
80 1980 0 3
81 873 0 39
82 1167 0 7
83 989 0 142
84 417 0 18
85 1537 0 31
86 6114 1 596
87 484 0 9
88 507 0 8
89 7843 0 13
90 2767 0 68
91 1094 0 7
92 2095 0 8
93 2954 0 11
94 1971 0 10
95 6822 0 12
96 835 0 7
97 5832 0 21
98 5857 0 6
99 1310 0 21
100 789 0 12
101 750 0 13
102 2793 0 10
103 1207 1 19
104 1176 0 61
105 2123 0 63
106 1974 0 12
107 2042 0 71
108 2797 0 11
109 905 0 12
110 391 0 13
111 2586 0 27
112 2916 0 12
113 13555 0 22
114 2043 0 11
115 1593 0 13
116 952 0 12
117 7467 0 170
118 5862 0 9
119 1057 0 12
120 1570 0 8
121 752 0 97
122 171 0 10
123 1755 0 13
124 3351 0 10
125 2940 0 7
126 1337 0 10
127 184 1 0
128 1073 0 24
129 922 0 11
130 497 0 8
131 2319 0 9
132 5505 0 23
133 723 0 9
134 475 0 380
135 1504 0 33
136 2143 0 108
137 238 0 146
138 1282 0 92
139 967 0 44
140 1176 1 315
141 1544 0 57
142 3241 0 54
143 203 0 13
144 1408 0 9
145 1666 0 14
146 7320 0 27
147 676 0 8
148 801 0 9
149 989 0 148
150 591 0 50
151 408 0 29
152 2415 0 55
153 2340 0 11
154 1012 0 11
155 3784 0 13
156 1622 0 15
157 487 0 46
158 1091 0 40
159 834 0 12
160 902 0 13
161 6511 0 12
162 2694 0 11
163 1155 0 44
164 3275 0 342
165 1428 0 166
166 6457 0 17
167 6148 0 11
168 1978 0 12
169 3915 1 22
170 200 0 14
171 430 1 0
172 1431 0 13
173 695 0 68
174 861 0 31
175 1074 0 29
176 1362 0 30
177 4670 0 94
178 228 0 84
179 1048 0 18
180 3333 0 11
181 3233 0 37
182 14921 0 12
183 5077 0 12
184 1365 0 153
185 808 0 30
186 1428 0 49
187 545 0 8
188 5006 0 252
189 195 0 7
190 3288 0 22
191 1080 0 21

2 0 1487
1
192 320 0 10

3 1 1490
48
193 1776 0 10
194 2877 0 103
195 1276 0 23
196 7051 0 10
197 5010 0 16
198 1429 0 18
199 1609 0 11
200 5056 0 9
201 3367 0 9
202 1128 0 8
203 814 0 132
204 1022 0 9
205 664 0 39
206 298 0 81
207 3378 1 0
208 1399 0 12
209 1065 0 11
210 1273 0 10
211 2748 0 8
212 6455 0 57
213 374 0 39
214 3237 0 56
215 1502 0 24
216 5051 0 10
217 1134 0 130
218 601 0 12
219 3377 0 48
220 1530 0 33
221 954 1 0
222 468 0 12
223 1638 0 11
224 2799 0 9
225 1984 0 195
226 847 0 24
227 1539 0 8
228 890 0 39
229 524 0 8
230 1782 0 14
231 586 0 15
232 730 0 12
233 477 0 132
234 1610 0 12
235 1413 0 98
236 2867 0 23
237 1335 0 29
238 1767 0 10
239 180 0 23
240 2792 0 13

4 1 1820
6
241 1970 0 7
242 2567 0 8
243 1194 0 78
244 176 0 15
245 2814 0 14
246 455 0 8

5 0 1866
23
247 760 0 8
248 3259 0 15
249 5101 0 11
250 1061 0 99
251 998 0 8
252 1426 0 38
253 1146 0 108
254 965 0 33
255 250 0 59
256 539 0 69
257 5070 0 17
258 1173 0 167
259 3473 0 11
260 858 0 12
261 731 0 7
262 1985 0 9
263 2022 0 44
264 246 0 34
265 6748 0 13
266 237 0 8
267 1149 0 19
268 500 0 42
269 1189 0 8

6 1 1873
117
270 458 0 10
271 542 0 47
272 1511 0 9
273 542 0 72
274 307 0 15
275 4129 0 13
276 927 0 149
277 564 0 33
278 1040 0 136
279 3554 0 11
280 1166 0 8
281 2898 0 22
282 3323 0 93
283 1557 0 7
284 2503 0 12
285 406 0 55
286 3159 1 29
287 7260 0 17
288 12743 0 13
289 516 0 249
290 509 0 8
291 1733 0 10
292 2577 0 22
293 3624 0 8
294 941 0 11
295 697 0 12
296 1538 0 9
297 11790 0 12
298 599 0 39
299 1175 0 109
300 2747 0 5
301 654 0 22
302 1361 0 241
303 1991 0 11
304 1909 0 6
305 1989 0 13
306 1024 0 12
307 561 0 9
308 245 0 13
309 1260 1 515
310 660 1 16
311 1270 0 8
312 3172 0 10
313 1650 0 38
314 417 0 24
315 3314 0 34
316 989 0 164
317 1095 0 135
318 761 0 16
319 1513 0 13
320 1810 0 11
321 5009 0 150
322 1098 1 26
323 3227 0 19
324 597 0 45
325 1538 0 25
326 946 0 13
327 573 0 15
328 1106 0 8
329 7488 0 13
330 2052 0 12
331 200 0 11
332 29 0 20
333 3677 0 30
334 1289 0 8
335 3164 0 104
336 1210 0 20
337 527 0 29
338 179 0 199
339 795 0 10
340 5126 0 16
341 620 1 0
342 13070 0 9
343 1801 0 12
344 5072 0 9
345 1985 0 100
346 1516 0 17
347 971 0 10
348 1726 0 9
349 1513 0 11
350 1946 0 33
351 36 0 163
352 2422 0 11
353 1809 0 52
354 1506 0 38
355 1847 0 147
356 2739 0 66
357 5019 0 17
358 3340 0 11
359 1887 0 54
360 29 0 9
361 4122 0 29
362 1521 0 110
363 365 0 103
364 2100 0 14
365 1346 0 8
366 353 0 7
367 3625 0 10
368 1518 0 8
369 1976 1 0
370 3270 0 208
371 1678 0 10
372 542 0 116
373 776 0 333
374 1351 0 13
375 557 1 0
376 2189 0 8
377 952 0 14
378 1338 0 95
379 581 0 13
380 1890 0 38
381 1059 0 11
382 3328 0 12
383 1958 1 123
384 669 1 0
385 3168 0 21
386 883 0 8

7 1 2017
176
387 299 0 9
388 2142 0 11
389 1099 0 91
390 1297 0 9
391 1413 0 10
392 2356 0 54
393 183 0 27
394 7038 0 7
395 773 0 20
396 2211 0 7
397 382 0 29
398 593 0 39
399 1950 0 11
400 1118 0 9
401 15489 0 10
402 2793 0 8
403 3240 0 73
404 2865 0 64
405 1944 0 8
406 1124 0 7
407 2859 0 9
408 1396 0 50
409 5113 0 28
410 805 0 222
411 2207 0 8
412 2945 0 12
413 656 0 18
414 1149 0 26
415 453 0 71
416 1291 0 8
417 1899 0 13
418 11791 0 12
419 902 0 13
420 5147 1 437
421 1091 0 253
422 1122 0 11
423 1875 0 41
424 346 0 8
425 1197 0 130
426 12201 0 38
427 1987 0 12
428 8839 0 9
429 761 0 97
430 1941 0 22
431 598 1 30
432 6137 0 42
433 2569 0 8
434 3034 0 9
435 230 0 24
436 1194 0 12
437 1820 0 36
438 746 0 15
439 243 0 13
440 2858 0 11
441 627 0 13
442 977 0 13
443 1811 0 27
444 916 0 68
445 978 0 61
446 957 0 7
447 3713 0 2
448 989 0 12
449 6959 0 7
450 556 0 8
451 2399 0 24
452 3262 1 0
453 985 0 6
454 712 0 8
455 9488 0 147
456 757 0 25
457 943 0 8
458 1530 0 41
459 1319 0 13
460 2152 0 11
461 169 0 9
462 1377 0 103
463 187 0 30
464 868 0 100
465 6784 0 11
466 2382 0 105
467 3315 0 43
468 543 0 13
469 2510 0 97
470 1505 0 8
471 1008 0 10
472 9981 0 117
473 1410 0 9
474 832 0 70
475 2007 0 46
476 561 0 12
477 189 0 70
478 1721 0 36
479 1510 0 30
480 898 0 20
481 1213 0 9
482 4109 0 14
483 349 0 15
484 1418 0 34
485 3350 0 13
486 175 0 35
487 886 0 215
488 12365 0 7
489 214 0 19
490 630 0 9
491 3247 0 63
492 5145 0 11
493 1070 0 25
494 2257 0 15
495 1399 0 38
496 2448 0 8
497 9357 0 52
498 443 0 11
499 5094 0 20
500 686 0 9
501 812 0 122
502 1395 0 29
503 1516 0 11
504 3225 0 7
505 512 0 165
506 2570 0 9
507 2671 0 8
508 8 0 11
509 2170 0 12
510 1511 0 40
511 339 0 11
512 2853 1 0
513 7939 0 14
514 2479 0 13
515 7385 0 13
516 1111 0 12
517 282 0 30
518 2157 0 10
519 2164 0 10
520 7051 0 7
521 1067 0 24
522 892 0 53
523 491 0 109
524 1980 0 7
525 2935 0 27
526 4 0 98
527 235 0 9
528 1015 0 8
529 768 0 165
530 1018 0 141
531 1317 0 24
532 1072 0 9
533 843 0 9
534 312 0 177
535 1260 0 8
536 7353 0 258
537 1427 0 10
538 841 0 189
539 1721 0 7
540 6926 0 9
541 509 1 0
542 431 0 86
543 3702 0 14
544 598 0 11
545 1419 0 39
546 1529 0 13
547 721 0 417
548 2503 0 24
549 2746 0 11
550 16096 0 217
551 2791 0 7
552 617 0 8
553 1974 0 25
554 1538 0 37
555 1051 0 8
556 1088 0 44
557 587 0 390
558 12906 0 11
559 686 0 13
560 14375 1 0
561 1036 0 8
562 7833 0 148

8 1 2018
8
563 3190 0 94
564 2416 0 145
565 989 0 18
566 656 0 17
567 1972 0 10
568 1316 0 25
569 2841 0 8
570 1242 0 40

9 1 2280
177
571 1254 0 10
572 2877 0 9
573 1975 0 13
574 12901 0 17
575 1424 0 8
576 515 0 384
577 726 0 25
578 1459 0 12
579 2614 0 119
580 652 0 79
581 1022 0 12
582 6193 0 14
583 1714 0 143
584 3379 0 98
585 610 0 155
586 989 0 9
587 14371 0 10
588 2322 0 11
589 9366 0 39
590 1103 0 15
591 3331 0 307
592 6108 0 85
593 670 0 11
594 1147 0 9
595 530 0 12
596 996 0 12
597 3106 0 10
598 1196 0 50
599 2786 0 35
600 1713 0 9
601 3555 0 47
602 2325 0 15
603 12367 0 12
604 3164 1 27
605 3191 0 10
606 595 0 20
607 1236 0 22
608 1205 0 46
609 1021 0 11
610 3362 0 10
611 21 0 134
612 586 0 12
613 1513 0 11
614 1576 0 11
615 1743 0 21
616 3228 0 9
617 1226 0 14
618 2955 0 13
619 854 0 13
620 676 0 12
621 1944 0 20
622 963 0 29
623 5088 0 8
624 3344 0 19
625 696 0 13
626 1145 0 11
627 5035 0 122
628 501 0 19
629 1926 0 11
630 1423 0 12
631 3322 0 12
632 7387 0 31
633 910 0 111
634 3359 0 7
635 1222 0 55
636 630 0 9
637 404 0 2
638 922 0 8
639 12549 0 38
640 1776 0 10
641 472 0 12
642 11813 0 9
643 8595 0 40
644 1986 0 39
645 325 0 11
646 1312 0 7
647 1441 0 9
648 503 0 13
649 2714 0 8
650 4282 0 6
651 1208 0 16
652 331 0 16
653 456 0 10
654 1047 0 9
655 1969 0 9
656 1149 0 13
657 488 0 100
658 7331 1 0
659 1759 0 8
660 3340 0 52
661 3260 0 40
662 2146 0 146
663 884 0 28
664 1678 0 18
665 846 0 13
666 1549 0 9
667 610 0 8
668 1814 0 156
669 2936 0 13
670 6098 0 11
671 964 0 25
672 126 0 18
673 1394 0 263
674 478 0 69
675 11794 0 8
676 1053 0 13
677 852 0 9
678 7671 0 13
679 2685 1 0
680 1989 0 1
681 1956 0 10
682 1599 0 74
683 273 0 9
684 854 0 9
685 3172 0 72
686 223 0 7
687 2865 0 239
688 1085 0 9
689 583 0 9
690 1098 0 146
691 347 0 74
692 6222 0 12
693 226 0 17
694 291 0 8
695 1368 1 518
696 1256 0 11
697 592 1 20
698 1776 0 13
699 1292 0 10
700 3236 0 12
701 244 0 39
702 6730 0 13
703 718 0 11
704 3304 0 185
705 1770 0 63
706 854 0 12
707 524 0 36
708 2061 0 66
709 1414 0 20
710 257 0 158
711 663 0 34
712 2157 0 13
713 1250 0 52
714 3250 0 22
715 280 0 12
716 723 0 19
717 1089 0 118
718 1086 0 34
719 2392 0 9
720 1097 0 12
721 868 0 11
722 5116 0 10
723 2598 0 20
724 2844 0 13
725 302 0 39
726 1049 0 13
727 1582 0 13
728 5097 0 10
729 1511 0 14
730 2034 0 19
731 1076 0 63
732 3305 0 9
733 5135 0 10
734 3183 0 37
735 8202 0 10
736 1161 0 8
737 234 0 13
738 1187 0 11
739 1349 0 214
740 3209 0 61
741 6218 0 9
742 1504 0 16
743 1986 0 10
744 8950 0 125
745 429 0 10
746 1251 1 0
747 274 0 16

10 1 2287
22
748 1254 1 0
749 6362 0 77
750 3156 0 13
751 2283 0 12
752 344 0 8
753 2477 0 7
754 1558 0 59
755 7049 0 112
756 962 0 72
757 3377 0 25
758 614 0 12
759 2177 0 31
760 2578 0 28
761 726 0 15
762 522 0 11
763 7607 0 19
764 2878 0 51
765 1377 0 113
766 1513 0 8
767 419 0 11
768 1504 1 29
769 173 0 8

11 0 2473
100
770 473 0 9
771 2220 0 9
772 1549 0 5
773 1331 0 3
774 813 0 8
775 12571 0 17
776 447 0 8
777 1420 0 17
778 1046 0 37
779 14462 0 8
780 1028 0 6
781 1055 0 13
782 1140 0 136
783 1380 0 9
784 1757 0 17
785 3214 0 19
786 1509 0 11
787 1247 0 41
788 644 0 353
789 263 0 109
790 7468 0 0
791 846 0 6
792 503 0 9
793 1489 0 13
794 266 0 11
795 2193 0 8
796 2847 0 112
797 4611 0 18
798 264 0 22
799 3141 0 53
800 291 0 12
801 2353 0 270
802 3277 0 111
803 726 0 12
804 172 0 59
805 911 0 19
806 888 0 14
807 3102 0 11
808 1299 0 22
809 267 0 11
810 7048 0 44
811 985 0 68
812 2944 0 54
813 419 0 67
814 14373 0 142
815 156 0 60
816 7378 0 12
817 1246 0 23
818 1827 0 13
819 11352 0 13
820 1981 0 68
821 243 0 23
822 986 0 380
823 3324 0 11
824 1126 0 31
825 5053 0 13
826 769 0 18
827 849 0 47
828 1875 0 55
829 740 0 47
830 416 0 11
831 3087 0 29
832 1075 0 29
833 1972 0 76
834 7371 0 7
835 3696 0 8
836 8160 0 129
837 424 0 11
838 954 0 107
839 684 0 41
840 1356 0 13
841 1769 0 9
842 2817 0 129
843 3031 0 8
844 12904 0 6
845 3354 0 10
846 3252 0 42
847 2600 0 36
848 3141 0 122
849 974 0 15
850 471 0 115
851 180 0 11
852 507 0 256
853 1375 0 8
854 606 0 8
855 2386 0 175
856 989 0 9
857 1411 0 158
858 3058 0 11
859 407 0 20
860 10278 0 23
861 3342 0 13
862 3179 0 71
863 3307 0 12
864 627 0 9
865 1062 0 92
866 567 0 18
867 849 0 10
868 12513 0 62
869 1668 0 10

12 1 2594
1
870 415 0 146

13 1 2600
24
871 566 0 12
872 1577 0 11
873 555 0 37
874 16097 0 13
875 12871 0 108
876 821 0 9
877 2397 0 34
878 1173 0 13
879 7722 1 1110
880 928 0 12
881 5032 0 10
882 720 1 0
883 1295 0 35
884 1019 0 85
885 595 0 85
886 788 0 207
887 1312 0 50
888 1960 0 7
889 5077 0 8
890 2403 0 2
891 1522 1 15
892 2534 0 10
893 173 0 17
894 1327 0 155

14 1 2615
7
895 1993 0 46
896 2811 0 222
897 1394 0 66
898 1844 0 8
899 3145 0 9
900 1384 0 12
901 2309 0 7

15 1 2619
25
902 1662 0 67
903 1221 0 7
904 2835 0 29
905 1720 0 7
906 1960 0 8
907 672 0 23
908 237 0 8
909 1130 0 11
910 8839 0 890
911 2880 0 19
912 745 0 29
913 3217 0 9
914 1059 0 11
915 3353 0 8
916 1273 0 5
917 1988 0 18
918 456 0 8
919 1527 0 75
920 1599 0 18
921 1936 0 17
922 14622 0 9
923 2469 0 7
924 1425 0 38
925 12665 0 9
926 13594 0 29

16 1 2623
25
927 6805 0 11
928 1504 0 11
929 1906 0 39
930 3151 0 15
931 3150 0 167
932 10615 0 153
933 1058 0 10
934 1031 0 23
935 774 0 10
936 981 0 41
937 570 0 222
938 16393 0 164
939 438 0 72
940 2413 0 2
941 5091 0 33
942 2536 0 11
943 989 0 82
944 1340 0 9
945 1264 0 38
946 856 0 146
947 1960 0 11
948 1855 0 29
949 1175 0 25
950 1082 0 10
951 1302 0 20

17 1 2767
721
952 1424 0 41
953 1598 0 135
954 1607 0 20
955 284 0 106
956 1528 0 8
957 3247 0 11
958 1063 0 32
959 259 0 11
960 3233 0 44
961 812 0 7
962 5073 0 34
963 1762 0 9
964 641 0 14
965 1525 0 18
966 1170 0 8
967 1948 0 227
968 2042 0 95
969 13006 0 8
970 16419 0 112
971 644 0 10
972 2409 0 10
973 770 0 7
974 1035 0 139
975 2365 0 10
976 578 1 597
977 989 0 9
978 5072 1 165
979 423 0 9
980 7185 0 237
981 2908 0 78
982 268 0 19
983 1167 0 13
984 1375 0 12
985 944 0 11
986 291 0 24
987 7363 0 11
988 2620 0 8
989 2605 0 14
990 967 0 35
991 529 0 48
992 3175 0 14
993 1450 0 7
994 3595 0 48
995 1959 0 8
996 435 0 43
997 3243 0 51
998 667 0 69
999 1806 1 40
1000 3198 0 8
1001 1156 0 70
1002 412 1 472
1003 449 0 8
1004 1163 0 96
1005 1395 0 76
1006 1121 0 16
1007 610 0 10
1008 542 0 47
1009 797 0 16
1010 2106 0 11
1011 3219 0 17
1012 500 0 72
1013 598 0 70
1014 595 0 204
1015 740 0 7
1016 2618 0 11
1017 1787 0 12
1018 757 0 12
1019 401 0 8
1020 999 0 9
1021 683 0 12
1022 3399 0 8
1023 723 1 474
1024 1389 0 18
1025 571 0 13
1026 922 1 398
1027 883 0 12
1028 5019 0 11
1029 1862 0 248
1030 1021 0 29
1031 862 0 40
1032 1239 0 10
1033 4996 0 25
1034 953 0 10
1035 3198 0 33
1036 7390 0 67
1037 1533 0 98
1038 3270 0 9
1039 1964 0 142
1040 1145 0 83
1041 5089 0 10
1042 341 0 28
1043 3391 1 473
1044 715 0 164
1045 2386 0 13
1046 1273 0 12
1047 1410 0 12
1048 3167 0 42
1049 821 0 173
1050 780 0 12
1051 5129 0 31
1052 1189 0 41
1053 684 0 11
1054 1216 0 19
1055 1319 0 43
1056 2540 1 400
1057 2406 0 98
1058 1257 0 298
1059 12027 0 45
1060 6132 0 12
1061 1972 0 16
1062 1032 0 9
1063 3297 0 13
1064 1377 0 2
1065 527 0 7
1066 625 0 7
1067 985 0 12
1068 852 0 74
1069 1297 0 87
1070 902 0 17
1071 940 0 70
1072 6193 1 473
1073 1022 0 86
1074 2919 0 7
1075 2287 0 98
1076 16187 0 10
1077 2246 0 13
1078 715 0 75
1079 5025 0 84
1080 351 0 147
1081 1597 0 133
1082 225 0 9
1083 957 0 14
1084 565 0 14
1085 938 0 11
1086 1047 0 50
1087 2563 0 11
1088 1388 0 23
1089 6364 0 66
1090 1008 0 22
1091 866 0 112
1092 1054 0 14
1093 1527 0 2
1094 12805 0 86
1095 557 0 8
1096 17473 0 77
1097 1301 0 8
1098 760 0 68
1099 658 0 18
1100 1007 0 15
1101 1959 0 73
1102 759 0 182
1103 879 0 13
1104 1916 0 38
1105 16928 0 12
1106 3305 0 67
1107 2499 0 18
1108 2618 1 253
1109 749 0 84
1110 177 0 13
1111 645 0 11
1112 1437 0 18
1113 1324 0 80
1114 3191 0 8
1115 490 1 41
1116 813 0 27
1117 250 0 13
1118 3366 0 43
1119 2883 0 79
1120 923 0 74
1121 3139 0 7
1122 1087 0 29
1123 2228 0 18
1124 1119 0 81
1125 625 1 26
1126 2430 0 16
1127 622 0 9
1128 1424 0 139
1129 525 0 53
1130 11819 0 45
1131 1410 0 11
1132 1303 0 23
1133 513 0 13
1134 441 0 12
1135 444 0 58
1136 3319 0 11
1137 5101 0 21
1138 1271 0 11
1139 194 0 281
1140 1282 0 9
1141 8105 0 13
1142 2853 0 18
1143 724 0 12
1144 2706 0 129
1145 1386 0 54
1146 358 0 18
1147 2120 0 8
1148 12681 0 21
1149 13569 0 6
1150 898 0 34
1151 783 0 12
1152 1180 0 11
1153 1977 0 12
1154 580 0 90
1155 1046 0 146
1156 6951 0 10
1157 560 0 7
1158 475 0 227
1159 5010 0 42
1160 1577 0 7
1161 1070 0 18
1162 3375 0 25
1163 1210 0 44
1164 1549 0 23
1165 1192 0 127
1166 6924 0 11
1167 1126 0 13
1168 2458 0 9
1169 718 0 10
1170 1454 0 37
1171 1807 1 0
1172 1290 0 9
1173 1979 0 42
1174 934 0 13
1175 762 0 7
1176 3163 1 0
1177 11789 0 48
1178 1166 0 8
1179 526 0 9
1180 316 0 13
1181 1860 0 14
1182 448 0 352
1183 969 0 126
1184 830 0 178
1185 2791 0 11
1186 3739 0 266
1187 3330 0 9
1188 623 0 10
1189 3271 0 20
1190 23 0 11
1191 7322 0 38
1192 3256 1 18
1193 1427 0 14
1194 172 0 19
1195 1242 0 62
1196 745 0 10
1197 1660 0 10
1198 1909 1 20
1199 2832 0 27
1200 6364 0 10
1201 453 1 16
1202 7409 0 95
1203 1673 0 8
1204 2851 0 7
1205 2533 0 9
1206 918 0 19
1207 3509 0 6
1208 792 0 20
1209 1310 0 11
1210 5925 0 197
1211 2043 0 72
1212 793 0 10
1213 298 0 8
1214 194 0 8
1215 1349 0 108
1216 2925 0 7
1217 2095 0 118
1218 902 0 8
1219 485 0 30
1220 2951 0 8
1221 810 0 43
1222 1012 0 8
1223 2855 0 15
1224 1776 0 10
1225 1090 0 13
1226 1393 0 9
1227 1754 0 29
1228 1954 0 11
1229 808 0 7
1230 2830 0 8
1231 472 0 7
1232 1127 0 9
1233 1975 0 8
1234 1646 0 12
1235 1106 1 61
1236 2762 1 0
1237 1358 1 0
1238 2668 0 65
1239 307 0 11
1240 266 0 79
1241 505 0 30
1242 787 0 10
1243 1147 0 52
1244 3376 0 177
1245 728 0 11
1246 5155 1 0
1247 1230 0 12
1248 1052 0 75
1249 1221 0 100
1250 1574 0 8
1251 669 0 76
1252 553 0 26
1253 1411 0 11
1254 2312 0 73
1255 1181 0 11
1256 3291 0 289
1257 1513 0 11
1258 2723 0 9
1259 3446 1 20
1260 1537 0 221
1261 1672 0 110
1262 1164 0 14
1263 8829 0 36
1264 342 0 32
1265 9488 0 24
1266 1826 0 17
1267 3159 0 27
1268 3666 0 6
1269 2308 0 7
1270 2592 0 57
1271 2421 0 7
1272 993 0 90
1273 415 0 10
1274 3176 0 11
1275 1440 0 10
1276 584 0 18
1277 3131 0 13
1278 3164 0 18
1279 3424 0 42
1280 684 0 43
1281 393 0 28
1282 702 0 12
1283 639 0 10
1284 2854 0 9
1285 1184 0 37
1286 12692 0 83
1287 1022 0 10
1288 1962 0 34
1289 2897 0 17
1290 3331 0 9
1291 296 0 8
1292 648 0 145
1293 971 0 71
1294 931 0 59
1295 1223 0 28
1296 6732 0 11
1297 4102 0 10
1298 751 0 13
1299 520 0 13
1300 3373 0 13
1301 865 0 69
1302 1190 0 13
1303 488 0 46
1304 1974 0 7
1305 1516 0 9
1306 1047 0 22
1307 824 0 12
1308 884 0 21
1309 480 0 8
1310 2830 0 8
1311 1528 0 6
1312 3598 0 172
1313 1222 0 18
1314 1393 0 13
1315 709 0 110
1316 989 1 29
1317 3203 0 11
1318 1505 0 35
1319 3349 0 99
1320 312 0 12
1321 2270 0 71
1322 5130 0 48
1323 2918 0 11
1324 1429 0 6
1325 1199 0 12
1326 609 0 32
1327 484 0 39
1328 1358 0 344
1329 1009 0 237
1330 3370 0 39
1331 481 0 41
1332 5114 0 11
1333 6534 0 10
1334 3249 0 73
1335 1987 0 121
1336 3363 0 19
1337 1402 0 9
1338 1985 0 9
1339 1358 0 193
1340 401 0 18
1341 2858 0 12
1342 427 0 11
1343 1526 0 184
1344 12366 0 22
1345 186 0 45
1346 1419 0 12
1347 1357 0 7
1348 47 0 13
1349 851 0 20
1350 1526 0 12
1351 2292 0 31
1352 1518 0 12
1353 1537 0 14
1354 982 0 13
1355 1937 0 21
1356 2703 0 7
1357 2299 0 11
1358 373 1 0
1359 1005 0 12
1360 1375 0 10
1361 1964 0 11
1362 1208 0 44
1363 529 0 32
1364 8829 0 11
1365 277 0 12
1366 1029 0 28
1367 28 0 79
1368 1422 0 16
1369 1103 1 17
1370 185 0 0
1371 1525 0 7
1372 2077 0 8
1373 1667 0 8
1374 1372 0 11
1375 173 0 14
1376 900 0 11
1377 1179 0 8
1378 1728 0 146
1379 3362 0 7
1380 1647 0 85
1381 1312 0 11
1382 55 0 11
1383 1156 0 10
1384 5121 0 6
1385 1016 0 21
1386 1518 0 10
1387 321 0 6
1388 1354 0 8
1389 1396 0 53
1390 3551 0 30
1391 2380 0 40
1392 1740 0 10
1393 1732 0 11
1394 1108 0 13
1395 562 0 141
1396 1154 0 63
1397 581 0 56
1398 3795 0 144
1399 5123 1 128
1400 3444 0 8
1401 261 0 13
1402 1196 0 10
1403 1332 0 73
1404 4858 0 11
1405 1937 0 9
1406 2027 0 29
1407 775 0 41
1408 984 1 67
1409 2015 0 143
1410 17102 0 150
1411 1024 0 21
1412 1953 0 7
1413 550 0 32
1414 603 1 30
1415 1217 0 8
1416 1856 0 11
1417 11989 0 94
1418 9128 0 436
1419 1589 0 12
1420 1036 0 37
1421 2559 0 25
1422 12675 0 25
1423 1508 0 10
1424 13381 0 20
1425 1142 0 16
1426 560 0 29
1427 544 0 8
1428 2128 0 119
1429 904 0 68
1430 662 0 113
1431 17370 0 21
1432 514 0 10
1433 676 0 41
1434 765 0 10
1435 785 0 13
1436 1963 0 8
1437 1981 0 12
1438 1111 0 28
1439 853 0 13
1440 527 0 10
1441 852 0 65
1442 573 0 11
1443 708 0 112
1444 7970 0 7
1445 1984 1 30
1446 192 0 139
1447 224 0 98
1448 568 0 37
1449 1589 0 12
1450 858 0 54
1451 1269 0 142
1452 863 0 41
1453 635 0 9
1454 3212 0 17
1455 1602 0 26
1456 1165 0 98
1457 2440 0 125
1458 7048 0 86
1459 1939 0 70
1460 761 0 36
1461 635 0 40
1462 6728 0 7
1463 1368 0 8
1464 1161 0 19
1465 1057 0 9
1466 5089 0 11
1467 12901 0 7
1468 470 0 79
1469 1082 0 238
1470 2277 0 172
1471 893 0 71
1472 3258 0 10
1473 1227 1 0
1474 995 0 11
1475 718 0 14
1476 2541 0 10
1477 667 0 11
1478 1028 0 11
1479 2407 0 9
1480 403 1 0
1481 2526 0 30
1482 7655 0 8
1483 1090 0 7
1484 3211 1 567
1485 529 0 108
1486 5151 0 11
1487 2309 0 70
1488 5774 0 74
1489 1612 0 13
1490 405 0 19
1491 8839 0 7
1492 597 0 10
1493 1312 0 30
1494 7471 0 38
1495 3197 0 30
1496 604 0 111
1497 631 0 22
1498 9187 0 69
1499 1354 0 8
1500 1217 0 48
1501 648 0 11
1502 1624 0 17
1503 932 0 101
1504 2872 0 11
1505 1009 0 21
1506 186 0 11
1507 6873 0 36
1508 3332 0 13
1509 965 0 111
1510 506 0 38
1511 1373 0 22
1512 2403 0 7
1513 227 0 62
1514 989 0 8
1515 5277 0 14
1516 2108 0 12
1517 2941 0 13
1518 1678 0 9
1519 5023 0 19
1520 1087 0 8
1521 14916 0 18
1522 433 0 156
1523 1369 0 12
1524 1755 0 10
1525 3250 1 0
1526 5149 0 19
1527 1201 0 12
1528 2406 0 108
1529 2509 0 32
1530 1945 0 7
1531 7396 0 205
1532 647 0 8
1533 2100 0 18
1534 342 0 12
1535 48 0 12
1536 17608 0 22
1537 417 0 16
1538 371 0 11
1539 5013 0 18
1540 164 0 11
1541 1254 0 71
1542 12867 0 352
1543 1053 0 8
1544 895 0 17
1545 468 0 8
1546 1408 0 11
1547 865 0 11
1548 1087 0 13
1549 1534 0 8
1550 5040 0 212
1551 919 0 21
1552 205 0 46
1553 1160 0 72
1554 1153 0 15
1555 12512 0 17
1556 5887 0 17
1557 957 0 16
1558 1454 0 6
1559 2135 0 8
1560 1049 0 64
1561 608 0 11
1562 493 0 9
1563 2416 0 9
1564 463 0 276
1565 1052 0 86
1566 3308 0 75
1567 966 0 37
1568 3740 0 16
1569 1483 0 32
1570 1371 0 12
1571 1518 1 400
1572 868 0 25
1573 1249 0 10
1574 2857 0 196
1575 7933 1 216
1576 1945 0 13
1577 1239 0 12
1578 943 0 13
1579 1943 0 28
1580 829 0 10
1581 739 1 515
1582 832 0 7
1583 6069 0 12
1584 1300 0 151
1585 1454 0 10
1586 927 0 11
1587 1007 0 149
1588 1881 0 100
1589 700 0 8
1590 3253 0 27
1591 599 0 11
1592 1816 1 0
1593 1181 0 70
1594 451 0 98
1595 1139 0 12
1596 1960 0 70
1597 1352 0 7
1598 2196 0 82
1599 1806 0 64
1600 1910 0 54
1601 1051 0 5
1602 393 0 10
1603 2896 0 12
1604 257 0 91
1605 2005 0 174
1606 8191 0 616
1607 1956 0 740
1608 973 0 13
1609 1722 0 48
1610 1377 0 30
1611 3510 0 19
1612 591 0 30
1613 16236 0 53
1614 437 0 34
1615 12485 0 150
1616 490 0 18
1617 1757 0 19
1618 1389 0 9
1619 329 0 7
1620 3347 0 28
1621 3146 0 97
1622 680 0 8
1623 528 0 19
1624 893 0 11
1625 965 0 54
1626 1946 0 11
1627 1151 0 14
1628 862 0 12
1629 358 0 28
1630 244 0 30
1631 6825 0 11
1632 1013 0 75
1633 1991 0 9
1634 904 0 16
1635 665 0 19
1636 6728 0 76
1637 824 0 10
1638 2011 0 39
1639 2809 0 15
1640 1236 0 104
1641 1225 0 8
1642 1510 0 61
1643 1561 0 22
1644 1933 0 12
1645 1973 0 312
1646 328 0 147
1647 2272 0 13
1648 593 0 60
1649 1001 0 9
1650 2569 0 76
1651 2859 0 14
1652 1319 0 12
1653 1170 0 36
1654 581 1 0
1655 1981 0 50
1656 674 0 10
1657 615 0 97
1658 6494 0 15
1659 401 0 15
1660 795 0 72
1661 1519 0 103
1662 1516 0 32
1663 1415 0 7
1664 2234 0 28
1665 631 0 82
1666 751 0 17
1667 1022 0 134
1668 3348 0 19
1669 1504 0 11
1670 1408 0 9
1671 2496 0 22
1672 1193 0 17

18 1 2780
1
1673 3354 0 12

19 1 2797
1
1674 854 0 71

20 1 2809
5
1675 739 0 9
1676 7051 0 10
1677 1723 0 36
1678 195 0 11
1679 3022 0 8

21 1 2848
24
1680 416 0 10
1681 1273 0 21
1682 1444 0 14
1683 1231 0 11
1684 6734 0 13
1685 201 0 22
1686 681 0 10
1687 5101 0 14
1688 7178 0 382
1689 1420 0 36
1690 2523 0 12
1691 657 0 40
1692 1290 0 11
1693 3219 0 12
1694 2856 0 42
1695 1778 0 18
1696 1332 0 112
1697 740 0 11
1698 1279 0 43
1699 1205 0 14
1700 1253 0 8
1701 1787 1 0
1702 2815 0 87
1703 921 0 251

22 1 2937
6
1704 3208 0 10
1705 650 0 9
1706 685 0 11
1707 733 0 18
1708 2963 0 76
1709 1853 0 17

23 0 2958
52
1710 3308 0 13
1711 2957 1 122
1712 584 1 17
1713 2130 0 22
1714 840 0 9
1715 1836 0 13
1716 1113 0 30
1717 2352 0 10
1718 2539 0 14
1719 1046 0 62
1720 208 0 11
1721 659 0 13
1722 1830 0 6
1723 2887 1 0
1724 1215 0 6
1725 1115 0 6
1726 1228 0 41
1727 1951 0 10
1728 3569 0 27
1729 2395 0 13
1730 2512 0 12
1731 7390 0 37
1732 2119 0 12
1733 1198 0 28
1734 7684 0 127
1735 1198 1 30
1736 1821 0 18
1737 908 0 157
1738 4997 1 478
1739 3353 0 39
1740 939 0 21
1741 661 1 41
1742 3482 0 44
1743 740 0 17
1744 1090 0 11
1745 747 0 97
1746 693 0 17
1747 1779 0 20
1748 2486 0 8
1749 1528 0 8
1750 448 0 15
1751 2306 0 65
1752 7509 1 0
1753 7600 0 9
1754 2374 0 38
1755 17133 0 41
1756 131 0 56
1757 686 0 26
1758 1139 0 11
1759 2413 0 8
1760 171 0 42
1761 1240 0 27

24 1 2994
12
1762 701 0 66
1763 2724 0 222
1764 538 0 41
1765 1966 0 11
1766 3277 0 63
1767 3301 0 67
1768 643 0 7
1769 5115 0 31
1770 2556 0 8
1771 295 0 12
1772 550 1 83
1773 3156 1 41

25 1 3017
25
1774 3225 0 13
1775 649 0 132
1776 993 0 12
1777 1945 0 11
1778 5147 0 17
1779 6951 0 30
1780 733 0 8
1781 1359 0 29
1782 3124 0 16
1783 3475 0 14
1784 1595 0 72
1785 2877 0 8
1786 1516 0 9
1787 934 0 6
1788 17591 0 8
1789 246 0 212
1790 1400 0 45
1791 492 0 14
1792 547 1 0
1793 894 0 12
1794 13921 0 9
1795 1561 0 10
1796 201 0 158
1797 823 0 0
1798 9366 1 44

26 0 3030
6
1799 1201 0 69
1800 634 0 9
1801 1290 0 134
1802 1425 0 52
1803 919 1 43
1804 1964 0 19

27 1 3036
25
1805 358 1 0
1806 670 0 7
1807 381 1 0
1808 389 0 93
1809 889 0 8
1810 1060 0 69
1811 1710 0 12
1812 6508 0 0
1813 3025 0 9
1814 3225 0 70
1815 600 0 13
1816 797 0 12
1817 1121 0 7
1818 354 0 10
1819 1310 0 54
1820 807 0 38
1821 3351 0 37
1822 18085 0 16
1823 521 0 13
1824 1173 0 9
1825 3286 0 8
1826 1136 0 10
1827 2064 1 29
1828 648 0 0
1829 966 0 11

28 1 3292
24
1830 445 0 95
1831 3868 0 18
1832 595 0 11
1833 686 0 10
1834 746 0 9
1835 812 0 10
1836 965 0 12
1837 2289 0 102
1838 3198 0 24
1839 500 0 19
1840 2290 0 8
1841 1326 0 54
1842 1350 0 33
1843 11794 0 11
1844 930 0 19
1845 3261 0 18
1846 631 0 16
1847 1126 0 11
1848 1047 0 145
1849 1720 0 53
1850 2268 0 31
1851 736 0 84
1852 796 0 26
1853 484 0 18

29 1 3334
17
1854 5089 0 8
1855 2610 0 9
1856 407 0 18
1857 719 0 31
1858 14920 0 48
1859 1384 0 77
1860 2881 0 17
1861 966 0 12
1862 2325 0 154
1863 2416 0 76
1864 2545 0 12
1865 923 0 7
1866 142 0 14
1867 1192 0 11
1868 135 0 8
1869 3227 0 10
1870 1975 0 8

30 1 3354
24
1871 6721 0 35
1872 676 0 15
1873 1601 0 10
1874 3289 0 17
1875 525 0 13
1876 989 0 107
1877 6215 1 14
1878 1198 0 19
1879 620 0 9
1880 5138 0 11
1881 2510 0 12
1882 2902 0 37
1883 454 0 9
1884 3919 0 79
1885 793 0 9
1886 677 0 12
1887 2714 0 57
1888 1964 0 11
1889 3239 0 81
1890 1247 0 8
1891 3045 0 8
1892 679 0 14
1893 2418 0 8
1894 1093 0 11

31 1 3358
1
1895 314 0 27

32 0 3370
23
1896 752 0 10
1897 1248 0 12
1898 378 0 180
1899 1513 0 45
1900 1307 0 22
1901 2547 0 35
1902 1132 0 133
1903 215 0 173
1904 1091 0 132
1905 1460 0 39
1906 3267 0 9
1907 1971 0 30
1908 1503 0 9
1909 1421 0 13
1910 4997 0 6
1911 658 0 12
1912 5026 0 127
1913 1651 0 9
1914 673 0 12
1915 669 0 10
1916 5094 0 11
1917 2800 0 37
1918 12208 0 17

33 1 3384
53
1919 1580 0 2
1920 2953 1 20
1921 469 0 11
1922 1307 1 400
1923 2614 0 19
1924 1003 0 47
1925 548 0 33
1926 1910 0 77
1927 5036 0 8
1928 686 0 13
1929 207 0 11
1930 1204 0 12
1931 8909 0 21
1932 1276 0 141
1933 1193 0 81
1934 614 0 8
1935 539 0 9
1936 1308 0 10
1937 8829 0 13
1938 581 0 46
1939 1984 0 41
1940 2089 0 105
1941 496 0 27
1942 2667 0 17
1943 1984 0 11
1944 1033 0 13
1945 503 0 78
1946 7858 0 29
1947 1126 0 13
1948 2439 0 39
1949 905 0 109
1950 640 0 14
1951 994 0 175
1952 1777 0 27
1953 6201 0 18
1954 1985 0 29
1955 2173 0 10
1956 690 0 8
1957 1098 0 11
1958 649 0 17
1959 350 0 10
1960 1973 0 37
1961 1965 0 24
1962 772 0 8
1963 2943 0 130
1964 908 0 17
1965 8886 0 8
1966 1420 0 30
1967 451 0 111
1968 436 0 11
1969 542 0 28
1970 998 0 12
1971 734 0 41

34 1 3386
184
1972 1415 0 41
1973 931 0 39
1974 506 0 11
1975 1145 0 111
1976 1217 0 14
1977 883 0 109
1978 932 1 0
1979 2401 0 9
1980 2617 0 78
1981 1208 0 12
1982 1001 0 29
1983 2440 0 27
1984 13007 0 75
1985 471 0 96
1986 658 0 14
1987 2682 0 71
1988 880 0 10
1989 587 0 7
1990 538 0 8
1991 987 0 17
1992 12907 0 11
1993 1723 0 9
1994 1081 0 111
1995 2789 0 93
1996 1014 0 54
1997 1412 0 342
1998 1418 0 9
1999 1388 0 155
2000 6745 0 8
2001 933 0 110
2002 1282 0 76
2003 1252 0 37
2004 1790 0 31
2005 3139 0 7
2006 740 0 87
2007 1964 0 23
2008 172 0 80
2009 1978 0 68
2010 11604 0 130
2011 3447 0 8
2012 12770 0 130
2013 1231 0 212
2014 2804 0 7
2015 932 0 128
2016 995 0 38
2017 13070 0 31
2018 1168 0 26
2019 9303 0 7
2020 2899 0 9
2021 3203 0 18
2022 5758 0 9
2023 961 0 7
2024 1418 0 31
2025 781 0 19
2026 1412 0 104
2027 1431 0 7
2028 1112 0 22
2029 1664 0 75
2030 868 0 35
2031 1660 0 63
2032 132 0 12
2033 3376 0 7
2034 955 0 92
2035 1502 0 10
2036 3298 0 17
2037 2361 0 7
2038 12441 0 71
2039 1259 0 70
2040 181 0 293
2041 376 0 9
2042 24 0 188
2043 3225 0 6
2044 835 0 49
2045 540 0 74
2046 7700 1 0
2047 1599 0 39
2048 6723 0 179
2049 1007 0 10
2050 708 0 32
2051 403 0 15
2052 1371 0 10
2053 1276 0 12
2054 957 0 8
2055 1523 0 45
2056 1799 0 8
2057 180 0 31
2058 1529 0 159
2059 3374 0 52
2060 1946 0 11
2061 422 0 12
2062 1170 0 9
2063 1149 1 595
2064 2284 0 82
2065 407 0 8
2066 601 0 8
2067 5070 0 9
2068 1516 0 18
2069 1723 0 18
2070 1217 0 12
2071 1176 0 7
2072 1861 0 10
2073 297 0 32
2074 1256 0 8
2075 1511 0 41
2076 1323 0 75
2077 5139 0 40
2078 3639 1 0
2079 951 0 13
2080 1256 0 102
2081 5109 0 12
2082 612 0 12
2083 1176 0 12
2084 1297 0 7
2085 884 0 37
2086 2235 0 301
2087 228 0 12
2088 2480 0 29
2089 5045 0 86
2090 13030 0 10
2091 1193 0 35
2092 932 1 0
2093 2294 0 40
2094 906 0 16
2095 1992 0 97
2096 1186 0 103
2097 2275 0 212
2098 13594 0 156
2099 862 1 0
2100 6492 0 46
2101 317 0 43
2102 16420 0 7
2103 487 1 138
2104 3541 0 13
2105 3014 0 75
2106 2802 0 7
2107 1559 0 13
2108 1803 0 10
2109 591 0 9
2110 1070 0 30
2111 816 0 38
2112 1341 1 43
2113 1941 0 243
2114 3259 0 10
2115 5098 0 98
2116 345 0 10
2117 1373 0 11
2118 238 0 8
2119 2832 0 8
2120 3285 0 13
2121 859 0 342
2122 2662 0 77
2123 728 0 59
2124 1845 0 30
2125 5000 0 46
2126 1307 0 64
2127 1501 0 72
2128 585 0 40
2129 649 1 0
2130 1089 0 2
2131 1515 0 11
2132 5047 0 30
2133 1821 0 77
2134 3016 0 11
2135 2143 0 7
2136 989 0 30
2137 1074 0 9
2138 202 0 113
2139 516 0 27
2140 2976 0 10
2141 484 0 72
2142 2510 0 11
2143 6738 1 152
2144 885 0 17
2145 1071 0 3
2146 2793 1 20
2147 1374 0 137
2148 1566 0 63
2149 1234 0 10
2150 1516 0 152
2151 163 1 25
2152 1284 0 7
2153 520 0 12
2154 1317 0 19
2155 2591 0 8

35 1 3386
117
2156 431 0 7
2157 692 0 22
2158 1773 0 71
2159 1676 0 12
2160 833 0 8
2161 2804 0 8
2162 1972 0 8
2163 1937 0 8
2164 683 0 12
2165 1983 0 31
2166 2813 1 0
2167 1363 0 12
2168 1067 0 9
2169 849 0 14
2170 867 0 10
2171 1281 0 19
2172 2044 0 11
2173 6455 0 20
2174 582 0 14
2175 1062 0 70
2176 1373 0 7
2177 507 0 9
2178 2633 0 25
2179 1309 0 372
2180 522 0 7
2181 916 0 3
2182 442 0 44
2183 3195 0 10
2184 1714 0 47
2185 1007 0 12
2186 3174 0 42
2187 353 1 22
2188 2200 0 17
2189 18075 0 10
2190 408 0 41
2191 1412 0 9
2192 1507 0 19
2193 7470 0 70
2194 1018 1 0
2195 2565 0 13
2196 2050 0 83
2197 2904 0 99
2198 7252 0 7
2199 1180 0 15
2200 907 0 21
2201 2307 0 8
2202 2955 0 32
2203 1067 1 3
2204 1107 0 12
2205 908 0 152
2206 3163 0 8
2207 1886 0 36
2208 602 0 17
2209 2017 0 9
2210 1829 0 13
2211 3272 0 12
2212 314 0 8
2213 989 0 9
2214 238 0 0
2215 1153 0 28
2216 1561 0 9
2217 916 0 40
2218 2014 0 7
2219 1084 0 40
2220 906 0 11
2221 7266 0 13
2222 3163 0 17
2223 1969 0 8
2224 3410 0 146
2225 15 0 19
2226 1962 0 11
2227 455 1 25
2228 547 0 9
2229 1825 0 12
2230 11845 0 27
2231 1977 0 16
2232 3256 0 62
2233 748 0 14
2234 3222 0 12
2235 1979 0 109
2236 1960 0 7
2237 373 0 133
2238 441 0 24
2239 299 0 10
2240 1165 0 13
2241 1179 0 23
2242 755 0 10
2243 1722 0 72
2244 1643 0 9
2245 1233 0 13
2246 1273 0 9
2247 558 0 155
2248 3310 0 14
2249 6954 0 11
2250 2416 0 10
2251 5131 0 20
2252 6548 0 11
2253 12770 0 40
2254 9315 0 29
2255 1538 0 7
2256 1412 0 8
2257 1535 0 11
2258 1379 1 86
2259 903 0 8
2260 2115 0 58
2261 1233 1 17
2262 3260 0 60
2263 12043 0 11
2264 1691 0 8
2265 181 0 37
2266 721 1 0
2267 1538 0 39
2268 170 0 11
2269 512 0 72
2270 9488 0 13
2271 445 0 16
2272 2681 0 9

36 1 3394
26
2273 1973 0 30
2274 2803 0 10
2275 698 0 379
2276 1440 0 36
2277 972 0 39
2278 989 0 39
2279 7553 0 27
2280 1660 0 12
2281 464 0 7
2282 2386 0 21
2283 13009 0 10
2284 1036 0 8
2285 562 0 11
2286 419 0 51
2287 753 0 18
2288 1322 0 12
2289 7050 0 137
2290 2222 0 9
2291 1331 0 41
2292 3477 0 13
2293 585 0 6
2294 1516 0 12
2295 1378 0 303
2296 563 0 12
2297 3362 0 11
2298 5138 0 71

37 1 3423
20
2299 1356 0 10
2300 3569 0 13
2301 1668 0 80
2302 353 0 42
2303 5142 0 11
2304 913 0 46
2305 1588 0 31
2306 851 0 14
2307 5058 1 20
2308 1676 0 9
2309 727 0 72
2310 2828 0 11
2311 6233 0 13
2312 851 0 13
2313 1658 0 16
2314 1049 1 46
2315 1638 0 273
2316 5084 0 10
2317 3308 0 10
2318 1425 0 11

38 1 3431
121
2319 1914 0 14
2320 1151 0 71
2321 1005 0 25
2322 1060 1 0
2323 1568 0 13
2324 2851 1 0
2325 1003 0 8
2326 972 0 107
2327 3347 0 88
2328 3316 0 17
2329 1181 0 75
2330 1118 0 19
2331 1661 0 10
2332 944 0 29
2333 669 0 13
2334 996 0 40
2335 2431 0 71
2336 5832 0 21
2337 1128 0 46
2338 771 0 31
2339 688 0 16
2340 329 0 63
2341 13569 0 7
2342 3378 0 20
2343 789 0 7
2344 866 0 139
2345 7802 0 30
2346 1757 0 12
2347 1193 0 9
2348 1567 0 12
2349 2950 0 42
2350 2210 0 42
2351 5100 0 13
2352 14374 0 39
2353 106 0 299
2354 454 0 7
2355 905 0 10
2356 16388 0 39
2357 8198 0 13
2358 1042 0 57
2359 2577 0 37
2360 1981 0 8
2361 1082 0 12
2362 1530 0 52
2363 1113 0 127
2364 2000 0 6
2365 1965 0 17
2366 989 0 97
2367 392 0 98
2368 271 0 17
2369 16320 0 57
2370 2429 0 11
2371 246 1 0
2372 1260 0 401
2373 1118 0 60
2374 1379 0 26
2375 1743 0 12
2376 15962 0 15
2377 1729 0 106
2378 989 0 8
2379 3179 0 70
2380 6361 0 8
2381 2823 0 10
2382 681 0 20
2383 827 0 9
2384 1341 0 148
2385 837 0 11
2386 1506 0 70
2387 687 0 9
2388 1526 1 577
2389 254 0 14
2390 478 0 10
2391 5011 0 76
2392 989 0 11
2393 308 1 0
2394 1827 0 42
2395 1247 0 70
2396 1704 0 29
2397 208 0 34
2398 3229 0 67
2399 3179 0 69
2400 1331 0 9
2401 781 0 9
2402 641 1 28
2403 869 0 10
2404 641 0 9
2405 6770 0 6
2406 267 0 12
2407 1161 0 69
2408 811 0 45
2409 711 0 10
2410 200 0 10
2411 1207 0 14
2412 2890 0 25
2413 1203 0 5
2414 3323 0 11
2415 3913 0 8
2416 3507 0 7
2417 5915 1 204
2418 9978 0 130
2419 3045 1 26
2420 2821 0 133
2421 1567 0 34
2422 1989 0 13
2423 955 0 116
2424 935 0 8
2425 616 0 103
2426 2062 0 34
2427 1315 0 16
2428 318 0 108
2429 1912 0 10
2430 5115 0 34
2431 1401 0 436
2432 1721 0 7
2433 1528 1 20
2434 1243 0 13
2435 734 0 191
2436 625 0 18
2437 462 0 7
2438 2293 0 131
2439 689 0 10

39 1 3434
52
2440 484 0 38
2441 8291 0 38
2442 595 0 23
2443 2934 0 56
2444 5133 0 225
2445 1956 0 50
2446 933 1 0
2447 422 0 12
2448 169 0 109
2449 3198 0 8
2450 1234 0 19
2451 556 0 130
2452 923 0 2
2453 430 0 16
2454 321 0 0
2455 1022 0 9
2456 1273 0 161
2457 1328 0 87
2458 1204 0 81
2459 1516 0 10
2460 2010 0 13
2461 1358 0 7
2462 715 0 12
2463 1516 0 8
2464 1096 0 80
2465 2806 0 17
2466 1511 0 39
2467 3374 0 51
2468 14783 0 15
2469 989 0 9
2470 495 0 71
2471 6952 0 20
2472 7690 0 130
2473 1861 0 2
2474 1386 0 8
2475 1135 0 70
2476 1535 0 136
2477 409 0 104
2478 406 0 12
2479 774 0 23
2480 553 0 8
2481 1026 0 14
2482 541 0 9
2483 838 0 126
2484 2412 0 10
2485 2918 0 72
2486 7537 0 8
2487 6952 0 28
2488 1249 0 9
2489 5829 0 69
2490 1078 1 30
2491 1044 0 13

40 1 3435
2
2492 644 0 10
2493 628 0 10

41 1 3450
6
2494 1312 0 21
2495 1288 1 597
2496 1028 0 81
2497 350 0 8
2498 1252 0 105
2499 2417 0 40

42 1 3471
90
2500 1338 0 43
2501 1977 0 13
2502 10 0 9
2503 2539 0 67
2504 2715 0 8
2505 1672 0 32
2506 1291 0 12
2507 464 0 67
2508 1390 0 9
2509 4076 0 12
2510 3006 0 11
2511 1622 0 12
2512 5110 0 133
2513 2431 0 50
2514 1977 0 13
2515 1299 0 11
2516 1814 0 9
2517 606 0 67
2518 1415 0 150
2519 1240 0 6
2520 827 0 13
2521 715 0 40
2522 2458 0 9
2523 1852 1 31
2524 12900 0 13
2525 2457 0 13
2526 1279 0 9
2527 2385 0 8
2528 3488 0 107
2529 7354 0 6
2530 3270 0 7
2531 263 0 23
2532 650 1 0
2533 1321 0 22
2534 358 0 15
2535 324 0 11
2536 1410 0 7
2537 1378 1 17
2538 1615 0 132
2539 989 0 43
2540 2336 0 92
2541 1971 0 55
2542 1307 0 46
2543 2285 0 44
2544 1473 0 6
2545 513 0 11
2546 1409 0 12
2547 1113 0 12
2548 3351 0 77
2549 1851 0 20
2550 12854 0 9
2551 426 0 11
2552 567 0 296
2553 222 0 8
2554 1977 0 11
2555 217 0 44
2556 975 0 43
2557 1256 0 11
2558 714 0 15
2559 195 0 27
2560 8199 0 18
2561 2938 0 12
2562 1398 0 26
2563 3231 0 13
2564 7048 0 10
2565 787 0 9
2566 3374 0 70
2567 1983 0 39
2568 2361 0 59
2569 1619 0 8
2570 2127 0 8
2571 3357 0 9
2572 359 0 42
2573 1148 0 8
2574 9978 0 10
2575 1488 0 44
2576 2281 0 9
2577 880 0 11
2578 2886 0 40
2579 2655 0 106
2580 2935 0 30
2581 1588 0 17
2582 818 0 7
2583 1953 0 40
2584 1431 0 11
2585 1366 0 104
2586 5078 0 7
2587 739 0 12
2588 3350 0 16
2589 2202 0 11

43 0 3476
130
2590 763 0 9
2591 1837 0 9
2592 861 0 8
2593 7406 1 128
2594 755 0 8
2595 3795 0 14
2596 736 0 51
2597 3295 0 11
2598 2562 0 172
2599 671 0 32
2600 1123 0 14
2601 319 0 49
2602 740 0 18
2603 5093 0 11
2604 967 0 78
2605 1951 0 73
2606 3711 0 11
2607 544 0 38
2608 650 0 8
2609 6157 0 13
2610 1447 0 52
2611 139 0 8
2612 7802 0 7
2613 3084 0 19
2614 3186 0 11
2615 3432 0 10
2616 3062 0 11
2617 2009 0 11
2618 5098 0 9
2619 695 0 10
2620 1823 0 13
2621 2021 0 48
2622 845 0 13
2623 3149 0 20
2624 503 0 7
2625 1406 0 17
2626 2550 0 14
2627 7387 0 39
2628 732 0 10
2629 730 0 30
2630 302 0 13
2631 2234 0 89
2632 61 0 11
2633 1845 0 23
2634 318 0 10
2635 1053 0 78
2636 2797 0 18
2637 452 0 18
2638 871 0 49
2639 913 1 0
2640 1172 0 25
2641 742 0 24
2642 6536 0 25
2643 1522 1 0
2644 1285 0 16
2645 1402 0 12
2646 2822 0 8
2647 706 0 8
2648 981 0 12
2649 1538 0 24
2650 1134 0 11
2651 3655 0 48
2652 339 0 11
2653 675 0 296
2654 2263 0 31
2655 2266 0 13
2656 1350 0 18
2657 180 0 10
2658 2830 0 13
2659 1423 0 12
2660 5109 0 122
2661 1283 0 7
2662 1194 0 59
2663 782 0 20
2664 1729 0 39
2665 5089 0 76
2666 6152 0 8
2667 1139 0 11
2668 802 0 114
2669 2126 0 10
2670 1849 0 10
2671 728 0 105
2672 1528 0 6
2673 1677 0 97
2674 2605 0 8
2675 701 0 127
2676 1247 0 13
2677 1566 0 8
2678 771 0 94
2679 2202 0 8
2680 1431 0 66
2681 484 0 11
2682 644 0 13
2683 3143 0 12
2684 6239 0 57
2685 868 1 15
2686 903 0 24
2687 1060 0 70
2688 676 0 76
2689 550 0 9
2690 2910 0 11
2691 7322 0 24
2692 1959 0 104
2693 8191 0 44
2694 819 0 9
2695 1938 0 37
2696 2559 0 10
2697 348 0 1
2698 869 0 42
2699 784 0 11
2700 5843 0 12
2701 892 0 202
2702 171 0 9
2703 1414 0 11
2704 2517 0 10
2705 1419 1 134
2706 648 0 11
2707 1521 0 11
2708 1037 0 14
2709 1654 0 8
2710 305 0 12
2711 253 0 12
2712 1221 0 8
2713 2569 0 156
2714 14361 0 8
2715 1510 0 73
2716 1972 1 28
2717 501 0 10
2718 3161 0 12
2719 3303 0 8

44 1 3776
26
2720 3020 0 9
2721 752 1 0
2722 1068 1 0
2723 1921 0 276
2724 1714 0 27
2725 1159 0 10
2726 901 0 9
2727 1863 0 32
2728 209 0 81
2729 186 0 8
2730 1657 0 13
2731 2916 0 10
2732 1430 0 37
2733 3515 0 15
2734 5051 0 10
2735 1229 0 155
2736 697 0 11
2737 1537 0 81
2738 203 0 21
2739 1154 0 17
2740 917 0 78
2741 124 0 30
2742 2826 0 21
2743 1784 0 31
2744 1295 0 11
2745 627 0 7

45 0 3776
14
2746 13706 0 8
2747 1339 0 28
2748 3717 0 8
2749 989 0 8
2750 617 0 99
2751 1385 0 8
2752 2783 0 11
2753 442 0 45
2754 12415 0 56
2755 599 0 8
2756 162 0 71
2757 917 1 33
2758 754 0 12
2759 11861 0 100

46 0 4050
53
2760 805 0 28
2761 2351 0 19
2762 12582 0 70
2763 2719 0 9
2764 2791 0 129
2765 381 0 33
2766 3348 0 33
2767 1577 0 31
2768 986 0 42
2769 2031 0 10
2770 1924 1 0
2771 7400 0 7
2772 2882 0 7
2773 704 0 9
2774 279 0 79
2775 3160 0 53
2776 1983 0 71
2777 11990 0 11
2778 217 0 80
2779 5115 0 7
2780 6150 0 20
2781 7801 0 19
2782 1046 0 11
2783 856 0 39
2784 652 0 56
2785 1015 0 11
2786 5112 0 111
2787 355 0 32
2788 5101 0 8
2789 1269 0 29
2790 2196 0 11
2791 870 0 108
2792 1298 0 9
2793 1364 0 8
2794 1028 0 7
2795 1178 0 51
2796 1347 1 11
2797 6555 0 11
2798 303 0 23
2799 1970 0 40
2800 520 0 91
2801 2594 0 13
2802 867 0 29
2803 683 0 12
2804 2707 0 11
2805 565 0 27
2806 216 0 27
2807 903 0 12
2808 2061 0 7
2809 204 0 102
2810 3015 0 4
2811 528 0 143
2812 1521 0 9

47 1 4062
44
2813 3614 0 8
2814 2122 0 10
2815 1796 0 32
2816 248 0 11
2817 1517 0 133
2818 1383 0 8
2819 1802 0 278
2820 1172 0 10
2821 2485 0 12
2822 456 0 8
2823 1518 1 17
2824 7567 0 8
2825 2989 0 12
2826 727 0 97
2827 409 0 25
2828 2508 1 47
2829 707 0 54
2830 195 0 11
2831 658 0 18
2832 3239 0 9
2833 1938 0 106
2834 1632 0 40
2835 1424 0 15
2836 2572 0 92
2837 465 0 9
2838 2475 0 10
2839 7332 0 8
2840 3209 0 49
2841 1718 0 9
2842 1417 0 12
2843 7968 0 15
2844 3242 0 22
2845 395 0 0
2846 3167 0 20
2847 7336 0 10
2848 3346 0 8
2849 585 0 19
2850 7036 0 53
2851 1313 0 11
2852 2370 0 9
2853 722 0 148
2854 663 0 13
2855 3741 0 54
2856 6934 0 18

48 1 4081
9
2857 787 0 15
2858 1062 0 34
2859 695 0 11
2860 7050 0 8
2861 666 0 36
2862 1413 0 27
2863 1297 0 228
2864 694 0 11
2865 2094 0 13

49 1 4125
173
2866 6799 0 7
2867 17150 0 7
2868 12901 0 24
2869 779 0 21
2870 812 0 26
2871 1530 0 26
2872 731 0 10
2873 1021 0 82
2874 541 0 42
2875 916 0 14
2876 1417 0 30
2877 5087 0 8
2878 324 0 11
2879 3324 0 10
2880 200 0 12
2881 3341 0 8
2882 1780 0 7
2883 1899 0 6
2884 10991 0 9
2885 437 0 8
2886 3183 0 8
2887 529 0 11
2888 5116 0 86
2889 267 0 11
2890 3674 0 80
2891 1082 0 280
2892 835 0 70
2893 191 0 9
2894 3419 0 12
2895 5044 0 8
2896 1340 0 11
2897 3350 0 10
2898 194 0 38
2899 1963 0 7
2900 1055 0 197
2901 800 0 8
2902 2949 0 188
2903 1940 1 19
2904 5100 0 38
2905 996 0 130
2906 244 0 12
2907 1615 0 9
2908 1255 0 13
2909 2164 0 8
2910 712 0 27
2911 5973 0 24
2912 3983 0 9
2913 7869 0 99
2914 1230 0 141
2915 1043 1 453
2916 1905 0 49
2917 1505 0 34
2918 187 1 26
2919 3503 0 12
2920 1957 0 2
2921 1979 0 25
2922 1318 0 16
2923 1422 0 262
2924 2794 0 8
2925 1297 0 23
2926 1190 0 9
2927 1538 0 13
2928 772 0 142
2929 1019 0 51
2930 558 0 10
2931 248 0 27
2932 5122 0 7
2933 6450 0 19
2934 1403 0 9
2935 2945 0 18
2936 807 0 8
2937 14666 0 41
2938 2769 0 141
2939 3754 0 10
2940 1326 0 8
2941 738 0 7
2942 2619 0 17
2943 454 0 13
2944 285 0 27
2945 448 0 8
2946 18084 0 14
2947 1846 0 9
2948 689 0 14
2949 585 0 191
2950 528 0 19
2951 3023 0 11
2952 3758 0 7
2953 777 0 44
2954 3243 0 9
2955 200 0 18
2956 694 0 9
2957 313 0 15
2958 1732 0 45
2959 1335 0 12
2960 796 1 0
2961 1960 0 9
2962 3089 0 19
2963 176 0 7
2964 795 0 29
2965 249 0 18
2966 1388 0 38
2967 711 0 195
2968 3777 0 13
2969 2599 0 113
2970 1048 0 69
2971 595 0 12
2972 1957 0 12
2973 931 0 10
2974 1360 0 9
2975 1976 0 112
2976 1962 0 7
2977 1955 0 49
2978 1472 0 73
2979 1851 0 20
2980 8950 0 7
2981 1957 0 6
2982 527 0 15
2983 3186 0 18
2984 2526 0 7
2985 1470 0 11
2986 2327 0 14
2987 910 0 12
2988 1949 0 10
2989 1409 0 14
2990 1204 0 7
2991 1447 0 69
2992 7498 0 26
2993 2847 0 11
2994 609 0 13
2995 6736 0 37
2996 580 0 43
2997 2897 0 13
2998 3218 1 27
2999 494 0 75
3000 1717 0 32
3001 9981 0 12
3002 747 0 8
3003 7495 0 10
3004 1205 0 11
3005 2937 0 8
3006 1283 0 25
3007 1415 0 32
3008 1041 0 9
3009 171 0 10
3010 9127 1 477
3011 189 0 29
3012 208 0 38
3013 922 0 83
3014 7576 0 8
3015 1352 0 10
3016 6366 0 12
3017 7933 0 159
3018 1377 0 40
3019 769 0 19
3020 9488 0 12
3021 11603 0 14
3022 3209 0 184
3023 1065 0 16
3024 566 0 24
3025 3312 0 11
3026 2234 0 154
3027 1408 0 52
3028 3425 0 19
3029 1650 0 8
3030 1616 0 37
3031 2909 0 11
3032 1529 0 23
3033 14922 0 10
3034 1061 0 10
3035 273 0 11
3036 648 0 37
3037 670 0 12
3038 961 0 92

50 1 4132
200
3039 680 0 150
3040 615 0 13
3041 460 0 25
3042 976 0 15
3043 6223 0 12
3044 3399 0 29
3045 626 0 13
3046 1204 0 12
3047 806 0 27
3048 1325 0 14
3049 1341 0 14
3050 1730 0 29
3051 888 0 81
3052 2200 0 19
3053 1963 0 30
3054 1940 0 11
3055 1893 0 9
3056 1890 0 10
3057 365 0 11
3058 1035 0 70
3059 769 1 0
3060 1701 0 91
3061 1525 0 7
3062 763 0 96
3063 849 0 8
3064 884 0 10
3065 385 0 8
3066 998 0 29
3067 2790 0 95
3068 2400 0 8
3069 1458 0 18
3070 762 0 10
3071 3445 0 22
3072 3252 0 24
3073 3316 0 210
3074 3217 0 38
3075 671 0 23
3076 1620 0 11
3077 505 0 18
3078 12800 0 10
3079 823 0 16
3080 5023 0 201
3081 1281 0 10
3082 161 0 13
3083 3932 0 8
3084 7290 0 19
3085 390 0 9
3086 1516 0 29
3087 6455 0 8
3088 2349 0 7
3089 989 0 40
3090 562 0 14
3091 1933 0 7
3092 569 0 138
3093 754 0 13
3094 549 0 16
3095 485 0 7
3096 1065 0 188
3097 3374 0 10
3098 2944 0 10
3099 1087 0 106
3100 3286 0 73
3101 3197 0 65
3102 948 0 23
3103 7048 0 41
3104 3172 0 7
3105 2836 0 17
3106 6155 0 34
3107 1410 0 41
3108 388 0 10
3109 989 0 612
3110 1426 0 21
3111 809 0 30
3112 1031 0 68
3113 1092 0 61
3114 1332 0 13
3115 6360 0 8
3116 6522 0 136
3117 867 1 100
3118 1893 0 94
3119 2017 0 11
3120 3097 1 0
3121 514 0 8
3122 2754 0 11
3123 148 0 10
3124 2790 0 17
3125 2866 0 92
3126 1943 0 11
3127 1287 0 11
3128 5080 0 29
3129 7475 0 10
3130 5014 0 24
3131 1085 0 76
3132 754 0 232
3133 198 0 19
3134 731 0 11
3135 1722 0 30
3136 2905 0 52
3137 656 0 10
3138 1559 1 20
3139 251 0 11
3140 420 0 13
3141 841 0 63
3142 1284 0 87
3143 6755 0 30
3144 3346 0 37
3145 620 0 15
3146 989 1 0
3147 6742 0 82
3148 1988 0 9
3149 912 0 38
3150 2303 0 13
3151 1045 0 59
3152 1838 0 7
3153 3508 0 21
3154 1989 0 8
3155 802 0 8
3156 196 0 30
3157 1168 0 104
3158 1973 0 29
3159 760 0 8
3160 989 0 81
3161 1380 0 12
3162 1945 0 10
3163 836 0 19
3164 1335 1 61
3165 854 0 8
3166 180 0 16
3167 361 0 225
3168 2192 0 174
3169 1594 0 41
3170 1671 0 8
3171 634 0 12
3172 3591 0 8
3173 983 0 10
3174 1708 0 38
3175 3339 1 0
3176 167 0 12
3177 1069 0 11
3178 760 0 99
3179 2089 0 13
3180 2009 0 30
3181 1252 0 118
3182 5039 0 8
3183 5056 0 30
3184 961 0 13
3185 1178 0 8
3186 2835 0 12
3187 3310 0 12
3188 3345 0 27
3189 556 0 40
3190 3315 0 129
3191 233 0 8
3192 702 0 44
3193 3306 0 15
3194 1133 0 3
3195 983 0 13
3196 823 0 68
3197 966 0 76
3198 244 0 113
3199 741 0 37
3200 169 0 9
3201 184 0 22
3202 3148 0 13
3203 7390 1 0
3204 2159 0 9
3205 2042 0 14
3206 1070 0 12
3207 370 1 157
3208 601 0 12
3209 813 0 11
3210 2809 0 43
3211 2719 0 42
3212 404 0 36
3213 745 0 27
3214 2581 0 11
3215 1933 0 13
3216 3432 0 10
3217 1362 0 13
3218 1936 0 9
3219 8 0 41
3220 2007 0 24
3221 3545 0 7
3222 1951 0 10
3223 1380 0 38
3224 1522 0 202
3225 2513 0 7
3226 2694 0 37
3227 1086 0 26
3228 1048 0 11
3229 1129 0 12
3230 1650 0 35
3231 1985 0 77
3232 2818 0 30
3233 1145 0 66
3234 240 0 65
3235 1960 1 153
3236 434 0 70
3237 1256 0 27
3238 629 0 11

51 1 4157
3
3239 1625 0 32
3240 4056 0 40
3241 1057 0 21

52 0 4171
184
3242 257 0 160
3243 980 0 8
3244 1312 1 0
3245 1504 0 122
3246 1064 0 20
3247 1311 0 7
3248 5155 0 13
3249 1526 0 11
3250 1171 0 38
3251 12849 0 29
3252 7051 0 11
3253 3263 0 10
3254 509 0 9
3255 1974 0 7
3256 1531 0 11
3257 575 0 20
3258 1527 0 34
3259 1755 0 149
3260 1512 0 26
3261 1372 0 120
3262 7038 0 37
3263 10857 0 39
3264 1413 0 9
3265 182 0 7
3266 1169 0 11
3267 3373 0 72
3268 1409 0 11
3269 1511 1 477
3270 7049 0 10
3271 1111 0 20
3272 3405 1 0
3273 974 0 20
3274 1425 0 10
3275 1411 0 10
3276 467 1 0
3277 903 0 38
3278 427 0 168
3279 3208 0 83
3280 5056 0 11
3281 941 0 77
3282 608 0 128
3283 1301 0 26
3284 1919 0 11
3285 1640 0 8
3286 100 0 10
3287 1258 0 9
3288 927 0 216
3289 595 0 64
3290 1009 0 22
3291 972 0 67
3292 3230 0 13
3293 7818 0 11
3294 1268 0 7
3295 3281 0 16
3296 6448 0 11
3297 895 0 38
3298 24 0 11
3299 3464 0 10
3300 2800 1 62
3301 1210 0 11
3302 1505 0 8
3303 989 0 24
3304 1966 0 16
3305 822 0 13
3306 4779 0 105
3307 8839 0 26
3308 13 0 89
3309 879 0 11
3310 3253 0 343
3311 1672 0 21
3312 621 0 27
3313 399 0 81
3314 1342 0 11
3315 1286 0 39
3316 527 0 6
3317 3217 0 24
3318 10017 0 11
3319 1324 0 41
3320 421 0 13
3321 3590 0 188
3322 7243 1 26
3323 927 0 10
3324 937 0 23
3325 2950 0 11
3326 1231 0 14
3327 251 0 51
3328 428 0 10
3329 2839 0 18
3330 550 0 21
3331 518 0 11
3332 3535 0 110
3333 1239 0 12
3334 1018 0 8
3335 1945 1 25
3336 2478 0 45
3337 264 1 18
3338 1411 0 23
3339 533 0 27
3340 972 0 89
3341 1359 0 12
3342 3242 0 23
3343 1227 0 11
3344 12009 0 21
3345 1294 0 37
3346 607 0 144
3347 2023 0 10
3348 7569 1 4
3349 3237 0 12
3350 1785 0 81
3351 395 0 16
3352 949 0 11
3353 1537 0 40
3354 582 0 8
3355 14812 0 23
3356 3468 0 258
3357 1254 0 11
3358 3304 0 172
3359 14457 0 17
3360 13385 0 68
3361 3150 0 8
3362 230 0 15
3363 363 0 67
3364 568 0 9
3365 671 0 12
3366 3334 0 10
3367 3471 0 37
3368 11820 0 12
3369 535 0 7
3370 1985 0 13
3371 6214 0 27
3372 1271 0 7
3373 2082 0 53
3374 964 0 30
3375 149 0 403
3376 14929 0 11
3377 7120 0 12
3378 1244 0 15
3379 5131 0 12
3380 896 0 10
3381 815 0 30
3382 284 0 12
3383 1921 0 18
3384 2817 0 11
3385 553 0 13
3386 8829 0 172
3387 2749 0 8
3388 7904 0 10
3389 3155 0 62
3390 3250 0 7
3391 1961 0 141
3392 2195 0 16
3393 1242 0 8
3394 1415 1 0
3395 736 0 34
3396 570 0 18
3397 7938 0 66
3398 1731 0 7
3399 893 1 486
3400 455 0 32
3401 629 1 0
3402 737 0 92
3403 847 0 12
3404 344 0 70
3405 1643 0 11
3406 984 0 8
3407 5005 0 8
3408 1365 0 32
3409 704 0 8
3410 1262 0 33
3411 847 0 219
3412 1283 0 6
3413 1736 1 0
3414 815 0 116
3415 2842 0 9
3416 814 0 16
3417 1106 0 17
3418 1082 0 12
3419 1158 0 12
3420 323 0 56
3421 731 0 10
3422 3147 0 12
3423 6125 0 10
3424 1111 0 14
3425 5468 1 0

53 1 4181
184
3426 1530 0 7
3427 972 0 8
3428 230 0 94
3429 1023 0 48
3430 1852 0 11
3431 746 0 127
3432 1126 0 8
3433 907 0 9
3434 1977 0 17
3435 494 0 94
3436 1914 0 38
3437 1519 0 8
3438 3917 0 8
3439 2508 0 8
3440 2565 0 9
3441 1047 0 26
3442 274 0 8
3443 490 0 7
3444 12791 0 133
3445 989 0 106
3446 2202 0 10
3447 810 0 8
3448 1612 0 12
3449 1208 0 122
3450 663 0 19
3451 1408 0 11
3452 1290 0 69
3453 722 0 10
3454 834 1 0
3455 1423 0 42
3456 1346 0 23
3457 735 0 11
3458 1936 0 73
3459 5155 0 8
3460 7968 0 83
3461 917 0 8
3462 2861 0 19
3463 916 0 16
3464 1979 0 147
3465 543 0 262
3466 2955 0 8
3467 993 0 18
3468 1669 0 40
3469 2085 0 12
3470 1038 0 43
3471 916 0 16
3472 804 0 13
3473 7358 0 32
3474 16381 0 9
3475 2958 0 11
3476 2749 0 14
3477 591 0 19
3478 7732 0 11
3479 2227 0 42
3480 1501 1 0
3481 2548 0 53
3482 5027 0 33
3483 1483 0 11
3484 17494 0 27
3485 548 0 8
3486 1526 0 15
3487 3200 0 12
3488 1683 0 12
3489 262 0 11
3490 1162 0 27
3491 741 0 9
3492 12909 0 13
3493 1530 0 32
3494 2730 0 26
3495 3214 0 112
3496 1513 0 8
3497 2855 0 18
3498 7998 0 8
3499 792 0 8
3500 2242 0 132
3501 1509 0 30
3502 1387 0 8
3503 272 0 9
3504 3393 1 400
3505 596 0 11
3506 1863 0 10
3507 1177 0 13
3508 308 0 88
3509 1657 0 161
3510 1736 0 12
3511 2610 0 44
3512 1802 0 41
3513 14921 0 13
3514 1568 0 51
3515 1186 0 11
3516 2854 0 17
3517 2909 0 11
3518 3221 0 10
3519 7317 0 11
3520 167 0 7
3521 1083 0 12
3522 452 0 43
3523 1119 0 108
3524 2243 0 12
3525 273 0 20
3526 1208 0 19
3527 3621 0 28
3528 1538 0 7
3529 2208 1 16
3530 423 0 11
3531 2777 0 39
3532 3075 0 7
3533 1515 0 9
3534 762 0 13
3535 1534 0 12
3536 2447 0 12
3537 3194 0 187
3538 561 0 11
3539 1916 0 24
3540 761 0 9
3541 9512 0 13
3542 3301 0 31
3543 5057 0 99
3544 629 1 515
3545 523 0 110
3546 8332 0 38
3547 3163 0 10
3548 857 0 11
3549 705 0 72
3550 526 0 38
3551 1984 0 11
3552 1937 0 10
3553 1560 0 24
3554 1880 0 12
3555 873 1 596
3556 1178 1 20
3557 979 0 46
3558 1694 0 19
3559 1689 1 566
3560 5043 0 10
3561 7184 0 84
3562 2955 0 7
3563 1048 0 18
3564 1940 0 10
3565 521 0 129
3566 16177 0 22
3567 1921 0 7
3568 749 0 17
3569 1425 0 23
3570 498 0 77
3571 187 0 27
3572 483 0 34
3573 645 0 15
3574 1080 0 8
3575 7716 0 42
3576 1529 0 8
3577 1919 0 41
3578 1070 0 47
3579 2834 0 8
3580 430 0 11
3581 1457 0 75
3582 1973 0 13
3583 1307 0 158
3584 5011 0 14
3585 6728 0 14
3586 218 0 9
3587 428 0 18
3588 1842 0 11
3589 7050 0 14
3590 3249 0 12
3591 925 0 82
3592 1241 0 22
3593 407 0 7
3594 1112 0 9
3595 1413 0 10
3596 577 0 9
3597 16600 0 13
3598 411 0 13
3599 3372 0 10
3600 16968 0 87
3601 5056 0 9
3602 1144 0 11
3603 989 0 617
3604 2823 0 55
3605 541 0 107
3606 1243 0 10
3607 1886 0 18
3608 13030 0 38
3609 9315 0 18

54 1 4298
9
3610 697 0 13
3611 2374 0 175
3612 1144 0 28
3613 6793 0 92
3614 424 0 77
3615 5005 0 11
3616 1130 0 34
3617 3215 0 102
3618 2129 0 17

55 1 4425
17
3619 574 0 8
3620 8829 0 135
3621 761 1 218
3622 723 0 23
3623 310 0 19
3624 2344 0 22
3625 437 0 12
3626 1788 0 10
3627 596 0 7
3628 989 0 17
3629 1424 1 0
3630 3405 0 7
3631 777 0 19
3632 197 0 5
3633 168 0 8
3634 800 0 10
3635 1109 0 25

56 0 4578
176
3636 2468 0 10
3637 1896 0 39
3638 862 0 9
3639 604 0 12
3640 5148 0 11
3641 2970 0 20
3642 1958 0 16
3643 1182 0 8
3644 17 0 28
3645 5085 0 46
3646 2522 0 142
3647 2499 0 39
3648 705 0 7
3649 3161 0 241
3650 1338 0 22
3651 1379 0 17
3652 827 0 80
3653 1977 0 5
3654 187 0 92
3655 706 0 13
3656 1776 0 94
3657 590 0 24
3658 2282 1 61
3659 14450 0 11
3660 2688 0 11
3661 1546 1 0
3662 1266 0 11
3663 194 0 31
3664 734 0 9
3665 886 0 26
3666 1131 0 140
3667 967 0 7
3668 1516 0 9
3669 4038 0 11
3670 800 0 9
3671 2203 0 6
3672 952 0 22
3673 2662 0 39
3674 2841 0 14
3675 5018 1 0
3676 420 0 42
3677 2279 0 109
3678 1542 0 616
3679 1084 0 13
3680 2440 0 7
3681 890 0 7
3682 2537 0 12
3683 2415 0 26
3684 1021 0 25
3685 435 0 10
3686 2492 0 7
3687 1941 0 20
3688 1984 0 19
3689 3334 0 11
3690 2804 0 11
3691 12450 0 80
3692 1346 0 35
3693 3356 0 11
3694 637 0 16
3695 1529 0 10
3696 3375 0 13
3697 697 0 45
3698 601 0 8
3699 927 0 11
3700 1537 0 64
3701 1146 0 30
3702 3117 0 6
3703 1174 0 7
3704 6366 0 9
3705 5080 0 11
3706 1279 0 617
3707 7474 0 16
3708 8839 0 7
3709 1919 0 3
3710 915 0 8
3711 438 0 26
3712 1910 0 14
3713 2174 0 13
3714 1427 0 18
3715 812 0 11
3716 6952 0 19
3717 2755 0 41
3718 280 0 11
3719 1908 0 18
3720 5013 1 400
3721 1986 0 31
3722 1685 0 11
3723 2520 0 14
3724 999 0 8
3725 771 0 68
3726 1341 0 8
3727 2163 0 9
3728 441 0 56
3729 1959 0 9
3730 6913 0 8
3731 967 0 132
3732 1669 0 13
3733 678 0 13
3734 1376 0 11
3735 1522 0 17
3736 526 0 13
3737 1090 0 17
3738 2073 0 34
3739 1976 0 13
3740 504 0 100
3741 1320 0 14
3742 1249 0 11
3743 2603 0 94
3744 640 0 12
3745 5051 0 7
3746 1151 0 38
3747 2654 0 8
3748 3062 0 8
3749 3373 0 6
3750 1366 0 7
3751 1518 0 11
3752 5139 0 41
3753 1217 0 30
3754 5151 0 9
3755 392 0 38
3756 205 0 17
3757 3460 0 47
3758 1366 0 8
3759 1314 0 12
3760 5105 0 31
3761 420 0 28
3762 9615 0 18
3763 2952 0 10
3764 2389 0 13
3765 3333 0 11
3766 599 0 34
3767 1256 0 19
3768 1618 0 10
3769 493 0 50
3770 638 0 10
3771 488 0 11
3772 1072 0 17
3773 554 0 105
3774 284 0 16
3775 1551 0 8
3776 5105 0 150
3777 3372 0 9
3778 3351 0 146
3779 416 0 98
3780 782 0 3
3781 3263 0 24
3782 634 0 8
3783 8207 0 89
3784 741 0 87
3785 1404 1 0
3786 3298 0 45
3787 1385 0 70
3788 1230 0 74
3789 1280 1 479
3790 965 0 7
3791 986 0 19
3792 1986 0 5
3793 1219 0 10
3794 1513 0 7
3795 3330 1 121
3796 665 0 7
3797 1592 0 32
3798 3279 0 91
3799 1405 0 11
3800 1269 0 17
3801 1161 0 25
3802 714 0 13
3803 267 0 13
3804 1431 0 7
3805 2467 0 20
3806 434 0 23
3807 645 0 99
3808 3238 0 18
3809 3165 0 71
3810 826 0 42
3811 2678 0 10

57 0 4721
3
3812 539 1 81
3813 1594 0 14
3814 671 0 11

58 1 4722
122
3815 12378 0 69
3816 2114 0 7
3817 541 0 65
3818 1427 0 18
3819 610 0 29
3820 1121 0 14
3821 14097 0 8
3822 2162 0 6
3823 1946 0 9
3824 1114 0 11
3825 2493 0 247
3826 1085 0 19
3827 1016 0 9
3828 3274 0 71
3829 1975 0 11
3830 989 0 21
3831 375 0 162
3832 1213 0 32
3833 1119 0 74
3834 5125 0 7
3835 2942 0 12
3836 9532 0 8
3837 239 0 9
3838 302 0 78
3839 1427 0 13
3840 5055 0 18
3841 229 0 12
3842 13111 0 28
3843 2858 0 25
3844 1250 0 7
3845 365 0 12
3846 3356 0 12
3847 451 0 14
3848 452 0 33
3849 3151 0 12
3850 793 0 10
3851 927 1 0
3852 1002 0 10
3853 14918 0 8
3854 2909 1 396
3855 1167 0 64
3856 2627 0 17
3857 2784 0 11
3858 1511 0 10
3859 1423 0 129
3860 1398 0 7
3861 1604 0 13
3862 1016 0 9
3863 3370 0 43
3864 326 0 25
3865 1971 0 63
3866 5031 0 20
3867 613 0 68
3868 1552 0 11
3869 1989 0 48
3870 2504 0 43
3871 881 0 12
3872 472 0 12
3873 728 0 35
3874 227 0 13
3875 563 0 9
3876 1952 0 81
3877 1299 0 10
3878 819 0 18
3879 3378 0 37
3880 782 0 9
3881 1661 0 83
3882 691 0 74
3883 1949 0 14
3884 51 0 12
3885 785 0 12
3886 281 0 12
3887 1001 0 7
3888 205 0 60
3889 1075 0 170
3890 208 0 13
3891 1504 0 17
3892 370 0 12
3893 687 0 13
3894 11921 0 18
3895 976 0 9
3896 2430 0 122
3897 475 0 13
3898 1136 0 42
3899 1301 0 36
3900 1228 0 8
3901 2451 0 9
3902 6734 0 39
3903 317 0 9
3904 1262 0 26
3905 214 0 7
3906 407 0 12
3907 679 0 135
3908 3164 0 45
3909 987 0 9
3910 871 0 22
3911 12527 0 75
3912 953 0 11
3913 2783 1 45
3914 1468 0 9
3915 5007 0 125
3916 16737 0 24
3917 1012 0 53
3918 16269 0 11
3919 770 0 8
3920 483 0 51
3921 1163 0 7
3922 806 0 83
3923 881 0 131
3924 404 0 10
3925 1959 0 6
3926 5091 0 8
3927 813 0 17
3928 1536 0 9
3929 1323 0 17
3930 2951 0 68
3931 1496 0 50
3932 1814 0 107
3933 2489 0 12
3934 3627 0 11
3935 203 0 7
3936 1511 0 11

59 1 4724
8
3937 1368 0 34
3938 3716 0 14
3939 16268 0 75
3940 258 0 275
3941 6109 0 172
3942 7921 0 9
3943 6749 0 21
3944 2047 0 9

60 1 4796
54
3945 1504 0 9
3946 792 0 12
3947 854 0 29
3948 7472 0 14
3949 2357 0 18
3950 527 0 12
3951 1626 0 7
3952 676 0 25
3953 1243 0 15
3954 1256 0 12
3955 1524 0 55
3956 1422 0 138
3957 3306 0 43
3958 7300 0 22
3959 970 0 149
3960 3613 0 90
3961 1133 0 72
3962 989 1 473
3963 1256 0 13
3964 1631 0 59
3965 627 0 7
3966 947 0 16
3967 3021 0 41
3968 2876 0 14
3969 1353 0 228
3970 755 0 9
3971 7304 0 28
3972 3311 0 108
3973 808 0 9
3974 1240 0 8
3975 1229 0 19
3976 5112 0 170
3977 1129 0 17
3978 1296 0 7
3979 16019 0 17
3980 13593 0 9
3981 1933 0 8
3982 2870 0 25
3983 3032 0 12
3984 466 0 99
3985 522 0 56
3986 5154 0 134
3987 534 0 9
3988 350 1 0
3989 872 0 7
3990 760 0 11
3991 2944 0 42
3992 12707 0 12
3993 1321 0 11
3994 983 0 11
3995 2164 0 155
3996 465 0 11
3997 1510 0 13
3998 1430 0 13

61 1 5432
25
3999 200 0 9
4000 989 0 12
4001 424 0 20
4002 3253 0 8
4003 350 0 23
4004 584 0 7
4005 1317 0 28
4006 1986 0 11
4007 3203 0 7
4008 7356 0 109
4009 797 0 63
4010 1094 0 8
4011 499 0 33
4012 645 0 17
4013 1203 0 11
4014 1645 0 43
4015 795 0 617
4016 2133 0 7
4017 2936 0 7
4018 1082 0 9
4019 1011 0 7
4020 3326 0 10
4021 425 1 21
4022 1217 0 404
4023 1004 0 7

62 0 5505
100
4024 14924 0 8
4025 2766 0 15
4026 2260 0 34
4027 5068 0 8
4028 1060 0 13
4029 1955 0 34
4030 869 0 16
4031 2951 0 25
4032 1250 0 91
4033 831 1 9
4034 3203 0 10
4035 124 0 1
4036 1330 0 31
4037 2886 0 78
4038 5089 1 0
4039 518 0 74
4040 3385 0 39
4041 777 0 19
4042 745 0 12
4043 2351 0 60
4044 2184 0 9
4045 7745 0 11
4046 1265 0 13
4047 354 0 47
4048 1330 0 9
4049 176 0 9
4050 1087 0 14
4051 5027 0 9
4052 756 1 16
4053 2899 0 23
4054 559 0 8
4055 1375 0 25
4056 1174 0 71
4057 1514 0 128
4058 3335 0 11
4059 1122 0 8
4060 875 0 9
4061 1467 0 13
4062 325 0 9
4063 770 0 8
4064 24 0 12
4065 1782 0 14
4066 1456 0 11
4067 3203 0 40
4068 1265 0 138
4069 1265 1 0
4070 401 0 218
4071 1276 0 10
4072 1431 0 9
4073 2886 0 13
4074 849 0 12
4075 760 0 108
4076 6143 0 18
4077 981 0 11
4078 244 0 158
4079 3212 0 34
4080 568 0 3
4081 608 0 11
4082 1323 0 115
4083 2059 1 314
4084 10969 0 11
4085 918 0 26
4086 2273 0 7
4087 1947 0 123
4088 3820 0 11
4089 224 0 10
4090 1442 0 9
4091 2594 0 11
4092 7847 0 11
4093 524 0 23
4094 2649 0 11
4095 686 0 113
4096 875 0 11
4097 237 0 29
4098 1516 0 22
4099 318 0 46
4100 0 0 29
4101 921 1 0
4102 1436 0 11
4103 12466 0 26
4104 7049 0 9
4105 993 0 25
4106 2828 0 13
4107 1819 0 81
4108 3302 0 46
4109 854 0 19
4110 1504 0 9
4111 1494 0 29
4112 605 0 10
4113 3360 0 3
4114 1431 0 11
4115 1740 0 18
4116 1753 0 13
4117 1320 0 30
4118 1505 0 51
4119 808 0 82
4120 2571 0 95
4121 3361 0 11
4122 712 0 117
4123 1822 0 34

63 1 5567
53
4124 3186 0 13
4125 6361 0 17
4126 2032 0 33
4127 2620 0 8
4128 3265 0 9
4129 1830 0 12
4130 823 0 75
4131 427 0 12
4132 949 0 62
4133 2430 0 12
4134 1775 0 12
4135 334 0 53
4136 1501 0 11
4137 838 0 12
4138 1034 0 125
4139 1077 0 12
4140 1528 0 9
4141 1132 0 10
4142 2487 1 0
4143 3361 0 33
4144 1257 0 12
4145 818 0 9
4146 493 0 37
4147 847 0 31
4148 1156 1 10
4149 739 0 43
4150 629 0 34
4151 1163 0 9
4152 1247 0 6
4153 1174 0 62
4154 14918 0 23
4155 2778 1 0
4156 1666 0 9
4157 593 0 118
4158 2726 0 203
4159 433 0 27
4160 3266 0 10
4161 3332 0 11
4162 2393 0 14
4163 1201 0 33
4164 2977 0 8
4165 677 0 29
4166 3603 0 97
4167 3722 0 18
4168 3691 0 6
4169 1614 0 35
4170 1190 0 11
4171 986 0 12
4172 2826 0 8
4173 12725 0 20
4174 1425 0 7
4175 1974 0 33
4176 3338 0 23

64 1 5590
1080
4177 775 0 13
4178 1699 0 57
4179 1518 0 24
4180 401 0 12
4181 6047 0 7
4182 1551 0 15
4183 633 0 7
4184 974 0 13
4185 1808 0 14
4186 1516 0 8
4187 2408 0 18
4188 163 0 18
4189 571 0 30
4190 717 0 12
4191 1988 0 189
4192 1937 0 83
4193 1429 0 10
4194 320 0 8
4195 5147 0 7
4196 1982 0 24
4197 2467 0 11
4198 1895 0 8
4199 3161 0 67
4200 1095 0 33
4201 2799 0 167
4202 1646 0 26
4203 1235 0 41
4204 877 0 13
4205 562 0 11
4206 791 0 11
4207 1232 0 12
4208 2457 0 12
4209 2697 0 12
4210 1157 0 44
4211 1596 0 11
4212 1424 0 48
4213 7048 0 24
4214 1508 0 19
4215 554 0 10
4216 2089 0 12
4217 7340 0 50
4218 597 0 9
4219 1386 0 36
4220 1430 0 11
4221 873 0 69
4222 888 0 77
4223 1005 0 15
4224 1164 0 30
4225 3015 0 72
4226 738 0 7
4227 10175 0 12
4228 2951 0 21
4229 672 0 40
4230 922 0 16
4231 3545 0 9
4232 534 0 48
4233 171 0 13
4234 1912 0 20
4235 1512 0 54
4236 1345 0 46
4237 559 0 24
4238 850 0 12
4239 1416 0 223
4240 1954 0 19
4241 1513 0 12
4242 637 0 56
4243 1392 0 191
4244 856 0 11
4245 1085 0 9
4246 2851 0 13
4247 3353 0 9
4248 2247 0 10
4249 1447 0 37
4250 3254 0 273
4251 185 0 78
4252 6961 0 11
4253 195 0 26
4254 1166 0 308
4255 2776 0 9
4256 583 0 7
4257 587 0 34
4258 971 0 17
4259 803 0 6
4260 1934 0 38
4261 259 0 9
4262 1090 0 14
4263 1309 0 63
4264 420 0 47
4265 1065 0 13
4266 483 0 13
4267 5050 0 8
4268 1674 1 400
4269 1498 0 16
4270 2566 0 9
4271 3212 0 38
4272 519 0 7
4273 793 0 30
4274 858 0 18
4275 1153 0 8
4276 796 0 15
4277 1516 0 11
4278 2513 0 11
4279 343 0 133
4280 2097 0 23
4281 3191 0 49
4282 720 0 71
4283 941 0 229
4284 203 0 9
4285 1508 0 10
4286 659 0 12
4287 4 0 11
4288 855 0 57
4289 411 1 41
4290 1323 0 17
4291 2071 0 22
4292 648 0 12
4293 1983 1 596
4294 694 0 112
4295 1468 0 12
4296 1238 0 42
4297 1988 0 149
4298 1182 0 133
4299 875 0 72
4300 627 0 38
4301 298 0 93
4302 2430 0 121
4303 1661 0 73
4304 222 0 8
4305 6862 0 19
4306 4797 0 77
4307 3322 1 441
4308 1069 0 16
4309 513 0 129
4310 779 0 21
4311 5110 1 516
4312 1881 0 44
4313 1382 0 67
4314 1963 0 9
4315 7 0 9
4316 458 0 10
4317 989 0 59
4318 83 0 12
4319 527 0 18
4320 1986 0 14
4321 712 0 13
4322 1408 0 39
4323 2797 0 9
4324 861 0 147
4325 34 0 34
4326 969 0 23
4327 1630 0 12
4328 1419 0 24
4329 6134 0 6
4330 344 0 9
4331 7295 0 83
4332 3307 0 13
4333 3140 0 117
4334 1960 0 36
4335 1267 0 9
4336 1966 0 16
4337 2551 0 7
4338 875 0 107
4339 5113 0 44
4340 14373 0 29
4341 628 0 28
4342 952 0 19
4343 3278 0 11
4344 491 0 8
4345 2981 0 19
4346 3088 0 32
4347 3230 0 24
4348 631 0 16
4349 929 0 13
4350 934 0 130
4351 1566 0 41
4352 607 0 10
4353 3017 0 17
4354 1516 0 8
4355 985 0 14
4356 1971 0 9
4357 1013 1 6
4358 726 0 44
4359 791 0 28
4360 12530 0 41
4361 908 0 20
4362 1610 0 22
4363 1542 1 16
4364 468 0 10
4365 1420 0 7
4366 3201 0 49
4367 652 0 32
4368 989 0 27
4369 3556 0 11
4370 840 0 228
4371 1366 0 15
4372 1128 0 72
4373 171 0 8
4374 657 0 35
4375 505 0 30
4376 8208 0 7
4377 544 0 70
4378 2130 0 158
4379 247 1 30
4380 1179 0 82
4381 290 0 11
4382 1372 0 118
4383 3176 0 24
4384 1211 0 56
4385 1515 0 23
4386 856 0 10
4387 886 0 8
4388 13017 0 9
4389 3360 0 27
4390 1260 0 7
4391 1912 0 10
4392 28 0 195
4393 3316 0 342
4394 1192 0 166
4395 5054 0 10
4396 753 0 12
4397 1967 0 33
4398 7621 0 17
4399 971 0 8
4400 263 0 11
4401 1559 0 11
4402 286 0 134
4403 7256 1 17
4404 1144 0 10
4405 6183 0 10
4406 787 1 452
4407 1077 0 11
4408 1961 0 70
4409 7848 0 12
4410 513 0 191
4411 899 0 116
4412 1426 0 23
4413 1524 0 189
4414 506 1 63
4415 639 0 8
4416 1145 0 15
4417 932 0 35
4418 1059 1 119
4419 2914 0 76
4420 2880 0 11
4421 1141 0 46
4422 518 1 4
4423 868 0 11
4424 3677 0 12
4425 1864 0 12
4426 1069 0 44
4427 7293 0 73
4428 1933 0 37
4429 468 0 10
4430 691 0 15
4431 11615 0 7
4432 547 0 30
4433 454 0 79
4434 1890 0 14
4435 848 0 59
4436 206 0 181
4437 1417 0 13
4438 2565 0 165
4439 1032 0 11
4440 949 0 37
4441 836 0 10
4442 636 0 42
4443 2835 0 10
4444 924 0 13
4445 185 0 12
4446 5078 0 13
4447 171 0 36
4448 722 0 38
4449 1518 0 12
4450 1295 0 30
4451 2889 0 12
4452 99 0 11
4453 12938 0 10
4454 6259 0 11
4455 735 0 83
4456 989 0 76
4457 1114 0 12
4458 246 0 11
4459 11868 0 9
4460 14397 0 11
4461 1254 0 69
4462 442 0 9
4463 1624 0 43
4464 1514 0 11
4465 1109 0 33
4466 1957 0 8
4467 1977 0 63
4468 890 0 21
4469 3139 0 33
4470 1178 0 35
4471 539 0 13
4472 2395 0 8
4473 1654 0 20
4474 172 0 128
4475 5010 0 9
4476 433 0 17
4477 2855 0 58
4478 7969 0 11
4479 1152 0 23
4480 168 0 32
4481 2606 0 11
4482 3209 0 81
4483 493 0 13
4484 387 0 217
4485 387 0 13
4486 12885 0 12
4487 1917 0 8
4488 9303 0 128
4489 1357 0 135
4490 1589 0 62
4491 509 0 10
4492 17658 0 11
4493 1236 0 8
4494 5100 0 14
4495 615 0 11
4496 2805 1 19
4497 2932 0 20
4498 6769 0 13
4499 2843 0 7
4500 1295 0 18
4501 1965 0 19
4502 1695 0 20
4503 1974 0 112
4504 1530 0 12
4505 869 0 8
4506 2014 0 30
4507 1078 0 153
4508 2114 0 10
4509 1199 0 24
4510 1941 0 321
4511 876 0 76
4512 2605 0 30
4513 304 0 280
4514 1939 0 9
4515 627 0 10
4516 1861 0 8
4517 4999 0 12
4518 637 1 0
4519 5077 0 40
4520 2217 0 146
4521 1944 0 32
4522 774 0 10
4523 1190 0 22
4524 3465 0 22
4525 757 0 14
4526 2544 0 27
4527 982 0 29
4528 1197 0 16
4529 16587 0 78
4530 1303 0 11
4531 1099 0 11
4532 1259 0 9
4533 1338 0 7
4534 2274 0 22
4535 9980 0 41
4536 1368 0 14
4537 483 0 25
4538 7331 0 130
4539 100 0 72
4540 554 0 194
4541 1058 0 27
4542 208 0 616
4543 5159 0 12
4544 2537 0 9
4545 1984 0 8
4546 456 0 8
4547 2027 0 199
4548 597 0 41
4549 1114 0 16
4550 1800 0 8
4551 3366 0 41
4552 1429 0 17
4553 989 0 18
4554 204 1 316
4555 888 0 7
4556 3296 0 10
4557 180 0 11
4558 1430 0 18
4559 1607 0 11
4560 3299 0 47
4561 1350 0 12
4562 262 0 7
4563 1382 0 8
4564 1126 0 111
4565 12088 0 8
4566 1994 0 35
4567 809 0 12
4568 1043 0 18
4569 1262 0 14
4570 1984 0 16
4571 297 0 10
4572 1968 0 18
4573 1084 0 15
4574 2904 0 99
4575 553 0 34
4576 2924 0 9
4577 3141 0 55
4578 847 0 320
4579 1982 0 30
4580 952 0 10
4581 5067 0 1
4582 3188 0 122
4583 2037 0 41
4584 1188 0 7
4585 429 0 132
4586 2939 0 46
4587 245 1 509
4588 1010 0 8
4589 11606 0 9
4590 736 0 64
4591 1426 0 10
4592 1977 0 7
4593 1431 1 0
4594 1561 0 14
4595 5160 0 18
4596 5891 0 21
4597 839 0 9
4598 171 0 22
4599 3278 0 93
4600 546 0 10
4601 612 0 172
4602 810 0 30
4603 720 0 12
4604 614 0 21
4605 3806 0 195
4606 1316 0 10
4607 2427 0 8
4608 2435 0 10
4609 1956 0 69
4610 739 0 12
4611 5115 0 12
4612 277 0 107
4613 1988 0 13
4614 1963 0 158
4615 1429 0 10
4616 1411 0 75
4617 6475 0 53
4618 6207 0 13
4619 2962 0 13
4620 624 0 8
4621 281 0 11
4622 779 0 19
4623 703 0 20
4624 3226 0 148
4625 1732 0 10
4626 179 0 9
4627 169 0 15
4628 481 0 11
4629 250 0 164
4630 351 0 50
4631 8209 0 22
4632 2734 0 10
4633 6179 0 15
4634 12370 0 8
4635 295 0 13
4636 1974 0 35
4637 629 0 9
4638 1724 0 23
4639 3262 0 33
4640 1866 0 173
4641 1151 0 39
4642 2247 0 8
4643 314 0 42
4644 1538 0 8
4645 790 0 8
4646 1005 0 82
4647 948 0 13
4648 1291 0 28
4649 3447 0 76
4650 3332 0 13
4651 1354 0 71
4652 12437 0 8
4653 499 0 172
4654 442 0 20
4655 1894 0 8
4656 1111 0 11
4657 1938 0 141
4658 1536 0 11
4659 7335 0 9
4660 2917 0 18
4661 3286 0 22
4662 346 0 18
4663 3575 0 233
4664 2694 0 13
4665 458 0 16
4666 12442 0 38
4667 801 1 47
4668 2890 0 7
4669 1885 0 16
4670 1317 0 9
4671 3250 0 13
4672 1085 0 97
4673 1308 0 10
4674 3288 0 27
4675 2203 1 26
4676 3167 0 42
4677 1302 0 62
4678 1260 0 20
4679 1399 0 107
4680 5010 0 18
4681 915 0 10
4682 205 0 11
4683 196 0 12
4684 1529 0 106
4685 738 0 12
4686 3327 0 35
4687 1596 0 179
4688 1525 1 0
4689 765 0 15
4690 955 0 6
4691 1393 0 20
4692 1941 0 17
4693 2210 0 24
4694 2086 0 40
4695 2168 0 73
4696 1830 0 20
4697 640 0 35
4698 1113 0 110
4699 247 0 75
4700 1987 0 39
4701 1048 0 19
4702 755 0 18
4703 1209 0 8
4704 75 0 10
4705 406 0 7
4706 981 0 22
4707 1582 0 9
4708 320 0 92
4709 13570 0 13
4710 1347 1 106
4711 3569 0 38
4712 7396 0 7
4713 3120 0 9
4714 2341 0 41
4715 1672 0 11
4716 932 0 29
4717 2260 0 13
4718 717 0 8
4719 5124 0 10
4720 885 0 10
4721 3115 1 315
4722 896 0 25
4723 1982 0 31
4724 1317 0 79
4725 1941 0 12
4726 578 0 12
4727 7371 0 170
4728 578 0 11
4729 246 0 79
4730 314 0 12
4731 1338 0 10
4732 766 0 71
4733 1977 0 15
4734 928 0 7
4735 881 0 12
4736 8091 0 11
4737 956 0 28
4738 1060 0 7
4739 444 0 8
4740 791 0 42
4741 5059 0 9
4742 1023 0 42
4743 1422 0 7
4744 1696 0 132
4745 2795 0 13
4746 2113 0 11
4747 577 0 16
4748 1184 0 44
4749 1065 1 0
4750 1416 0 7
4751 902 0 10
4752 3890 0 45
4753 180 0 15
4754 2815 0 275
4755 2584 0 189
4756 1947 0 8
4757 3702 0 8
4758 774 0 12
4759 1062 0 57
4760 393 0 12
4761 2190 0 68
4762 352 0 32
4763 815 0 15
4764 721 0 7
4765 520 0 9
4766 616 0 11
4767 1958 1 400
4768 7337 0 11
4769 626 0 10
4770 1287 0 8
4771 5067 0 11
4772 793 0 11
4773 6562 0 8
4774 1041 0 76
4775 287 0 98
4776 434 0 17
4777 979 1 38
4778 176 0 28
4779 1942 0 37
4780 823 1 0
4781 3361 0 11
4782 280 0 106
4783 1075 0 41
4784 775 0 11
4785 813 0 41
4786 3254 0 215
4787 949 0 16
4788 890 0 58
4789 1944 0 7
4790 1513 0 161
4791 828 0 8
4792 772 0 9
4793 823 0 13
4794 1291 0 60
4795 2943 0 47
4796 5011 0 9
4797 1163 0 10
4798 5106 0 12
4799 1528 0 29
4800 12234 0 81
4801 1317 0 11
4802 1978 0 12
4803 1263 0 11
4804 2032 0 91
4805 1105 1 0
4806 3176 0 12
4807 1134 0 13
4808 1254 0 11
4809 1523 0 13
4810 614 0 8
4811 410 0 12
4812 1420 1 76
4813 450 0 29
4814 2837 0 139
4815 6795 0 24
4816 2842 0 72
4817 1312 0 131
4818 680 0 132
4819 2857 0 35
4820 1627 0 215
4821 3907 0 32
4822 210 0 27
4823 1885 0 13
4824 1169 0 74
4825 3206 0 19
4826 1284 0 12
4827 2940 0 11
4828 194 0 11
4829 708 0 6
4830 770 0 32
4831 926 0 71
4832 1026 0 54
4833 657 0 17
4834 1530 0 11
4835 1529 0 3
4836 3157 1 502
4837 1073 0 22
4838 9488 1 0
4839 1824 0 75
4840 1986 0 110
4841 1598 0 7
4842 3207 0 24
4843 1545 0 12
4844 14389 0 77
4845 1427 0 130
4846 1141 0 8
4847 5137 0 71
4848 1341 0 12
4849 927 0 37
4850 1932 0 24
4851 5128 0 11
4852 304 0 44
4853 1034 0 9
4854 1693 0 23
4855 2314 0 7
4856 11609 0 130
4857 2896 0 117
4858 1037 0 110
4859 1985 0 99
4860 2873 0 57
4861 163 0 11
4862 2264 0 25
4863 1301 0 14
4864 5052 0 43
4865 6731 0 12
4866 869 0 13
4867 1946 0 52
4868 1196 0 10
4869 1277 0 16
4870 185 0 13
4871 13555 0 12
4872 1057 0 44
4873 1201 0 29
4874 1237 0 9
4875 7868 0 12
4876 426 0 134
4877 5133 0 20
4878 1507 0 16
4879 315 0 67
4880 767 0 11
4881 1322 0 12
4882 410 0 24
4883 3307 1 0
4884 785 0 34
4885 989 0 70
4886 13 0 149
4887 1942 0 10
4888 1242 1 0
4889 5088 0 8
4890 441 1 473
4891 1239 0 11
4892 1822 0 11
4893 1944 0 12
4894 2469 0 40
4895 3175 0 38
4896 2030 0 7
4897 2161 0 116
4898 491 0 12
4899 781 0 13
4900 7845 0 12
4901 2466 0 11
4902 1951 0 8
4903 1419 1 7
4904 2898 0 14
4905 2529 0 19
4906 954 0 12
4907 422 0 38
4908 2597 0 10
4909 419 0 41
4910 514 0 10
4911 875 0 12
4912 3367 0 11
4913 591 1 25
4914 727 0 281
4915 1193 0 71
4916 832 0 8
4917 3290 0 14
4918 1970 0 100
4919 1819 0 10
4920 953 0 17
4921 228 0 7
4922 6748 0 120
4923 1420 0 2
4924 6739 0 10
4925 3328 0 72
4926 1859 0 7
4927 3268 0 8
4928 8892 0 40
4929 1977 0 11
4930 1354 0 8
4931 3359 0 10
4932 7799 0 27
4933 9363 0 10
4934 1072 0 12
4935 1717 0 32
4936 6453 0 126
4937 1822 0 7
4938 6255 0 13
4939 2033 0 8
4940 526 0 230
4941 1540 0 10
4942 810 0 11
4943 1135 0 38
4944 11797 0 32
4945 7409 0 13
4946 1528 0 11
4947 6893 0 9
4948 1212 0 11
4949 14370 0 19
4950 1270 0 11
4951 1211 0 16
4952 7050 0 12
4953 2403 0 34
4954 259 0 68
4955 214 1 0
4956 1412 0 8
4957 774 0 806
4958 6569 1 108
4959 1518 0 9
4960 5131 0 7
4961 1155 0 8
4962 3513 0 58
4963 3290 0 34
4964 601 0 7
4965 477 0 16
4966 6900 0 13
4967 23 0 38
4968 366 0 9
4969 3339 0 9
4970 1266 0 13
4971 564 0 12
4972 3086 0 7
4973 1423 0 15
4974 1022 0 213
4975 503 0 35
4976 1559 0 213
4977 914 0 14
4978 668 0 10
4979 489 0 39
4980 1919 0 11
4981 498 0 9
4982 189 0 33
4983 1382 0 336
4984 984 0 14
4985 282 0 95
4986 1238 0 10
4987 520 0 58
4988 7269 0 19
4989 1389 0 71
4990 598 0 39
4991 1118 0 11
4992 1017 0 7
4993 1350 0 5
4994 3315 0 8
4995 836 0 7
4996 1817 0 16
4997 915 0 8
4998 1508 0 9
4999 251 0 12
5000 7836 0 15
5001 1339 0 11
5002 478 0 14
5003 2606 0 10
5004 985 0 64
5005 822 1 0
5006 1036 0 17
5007 199 0 146
5008 5022 0 9
5009 1064 0 18
5010 1231 0 11
5011 3262 0 7
5012 1071 0 18
5013 672 0 9
5014 402 0 210
5015 5025 0 18
5016 754 0 11
5017 1786 0 78
5018 7354 0 51
5019 13018 0 10
5020 3155 0 12
5021 1485 0 36
5022 2834 0 16
5023 2841 0 82
5024 1505 0 65
5025 305 0 11
5026 3344 0 14
5027 3866 0 12
5028 6872 0 90
5029 571 0 76
5030 3771 0 10
5031 582 0 8
5032 239 0 19
5033 1530 0 12
5034 1165 0 14
5035 792 0 10
5036 1412 0 37
5037 951 0 13
5038 1141 0 10
5039 1127 0 16
5040 2884 0 11
5041 8 0 58
5042 2942 0 66
5043 3000 0 8
5044 2266 0 37
5045 1986 1 0
5046 408 0 159
5047 1535 0 9
5048 3207 0 109
5049 2450 0 13
5050 14459 0 6
5051 446 0 41
5052 626 0 10
5053 6572 0 9
5054 2859 0 12
5055 12828 0 11
5056 638 0 304
5057 1964 0 72
5058 170 0 10
5059 7500 0 144
5060 422 0 30
5061 1811 0 8
5062 2947 0 15
5063 720 0 25
5064 2306 0 76
5065 14462 0 24
5066 7980 0 9
5067 630 0 9
5068 2752 0 22
5069 3112 0 37
5070 1047 0 8
5071 1962 0 40
5072 2276 0 10
5073 395 0 129
5074 7502 0 59
5075 16324 0 9
5076 710 0 37
5077 2017 0 11
5078 715 0 12
5079 593 0 9
5080 1387 0 16
5081 381 0 67
5082 473 0 9
5083 668 0 12
5084 1325 0 134
5085 1378 0 8
5086 431 0 8
5087 354 0 296
5088 891 0 263
5089 1287 0 14
5090 3248 0 11
5091 1776 0 13
5092 1197 0 37
5093 2629 0 50
5094 1933 1 566
5095 406 0 10
5096 2040 0 10
5097 203 0 29
5098 8907 0 76
5099 537 0 11
5100 874 0 9
5101 426 0 103
5102 2747 0 69
5103 1263 0 8
5104 1043 0 14
5105 1895 0 13
5106 1810 0 11
5107 5030 0 11
5108 1095 0 6
5109 510 1 515
5110 1293 0 72
5111 2178 0 11
5112 1956 0 70
5113 1529 1 20
5114 458 0 13
5115 5002 0 12
5116 2903 0 9
5117 1996 0 10
5118 1134 0 38
5119 2832 0 42
5120 9979 0 11
5121 606 0 12
5122 1337 0 47
5123 808 0 16
5124 740 0 277
5125 3345 0 13
5126 831 0 11
5127 3378 0 39
5128 516 0 89
5129 745 0 44
5130 1519 0 48
5131 1665 0 69
5132 849 0 13
5133 1299 0 21
5134 207 0 22
5135 329 0 8
5136 1534 0 25
5137 2908 0 17
5138 3141 0 33
5139 13064 0 214
5140 1948 0 39
5141 281 0 19
5142 3141 0 50
5143 1411 0 9
5144 979 0 72
5145 1255 0 7
5146 3141 0 51
5147 14581 0 73
5148 12810 0 11
5149 1513 0 98
5150 1981 0 8
5151 1907 0 12
5152 843 0 37
5153 356 0 8
5154 196 0 11
5155 1146 1 20
5156 1317 0 7
5157 170 0 12
5158 1028 0 49
5159 1530 0 27
5160 3142 0 13
5161 1004 0 13
5162 1513 0 125
5163 12456 0 10
5164 3139 0 106
5165 510 0 7
5166 3372 0 18
5167 1149 0 140
5168 3507 0 12
5169 442 0 94
5170 1524 1 0
5171 6196 0 18
5172 1953 0 11
5173 628 0 7
5174 1917 0 7
5175 3242 0 30
5176 1212 0 41
5177 452 0 13
5178 6238 1 477
5179 2934 0 47
5180 171 0 8
5181 2302 0 26
5182 1347 0 27
5183 996 1 27
5184 1534 0 428
5185 760 0 8
5186 1015 0 13
5187 1370 0 12
5188 2656 0 178
5189 3201 0 13
5190 1296 0 23
5191 282 0 32
5192 952 0 16
5193 3303 0 60
5194 1898 0 19
5195 5056 0 11
5196 8187 0 15
5197 5149 0 23
5198 1424 0 55
5199 544 0 19
5200 1446 0 79
5201 361 0 165
5202 6052 0 139
5203 1194 1 0
5204 3672 0 7
5205 600 0 32
5206 3318 0 7
5207 909 0 11
5208 1098 0 34
5209 1422 0 102
5210 338 0 31
5211 155 0 12
5212 382 0 10
5213 1373 0 103
5214 3383 0 15
5215 7740 0 10
5216 2391 0 10
5217 1899 0 72
5218 1265 0 12
5219 178 0 10
5220 2472 0 25
5221 7039 1 0
5222 1751 0 11
5223 3378 0 11
5224 711 0 12
5225 571 0 179
5226 518 0 101
5227 1256 0 15
5228 591 0 10
5229 8620 0 59
5230 1985 0 70
5231 1878 0 62
5232 1271 0 11
5233 542 0 13
5234 7488 0 11
5235 438 0 8
5236 714 0 159
5237 374 0 26
5238 1405 0 16
5239 898 0 145
5240 566 0 192
5241 1545 0 13
5242 7519 0 11
5243 1547 0 11
5244 888 0 67
5245 2250 0 12
5246 2198 0 11
5247 1801 0 11
5248 821 0 8
5249 2358 0 160
5250 11866 0 11
5251 1132 0 12
5252 477 0 18
5253 9994 0 9
5254 1312 0 12
5255 181 0 7
5256 1408 0 76

65 0 5706
22
5257 3015 0 8
5258 1945 0 32
5259 2400 0 64
5260 317 0 8
5261 287 0 53
5262 3189 0 40
5263 1806 1 671
5264 139 0 8
5265 194 0 11
5266 1214 0 11
5267 2673 0 20
5268 917 0 12
5269 434 0 13
5270 5140 0 18
5271 240 0 44
5272 221 0 28
5273 1171 0 13
5274 181 0 10
5275 965 0 12
5276 5006 0 412
5277 12444 0 2
5278 588 0 10

66 1 5709
1
5279 696 0 15

67 1 5719
54
5280 983 0 14
5281 1982 0 10
5282 2407 0 11
5283 5035 0 18
5284 837 0 154
5285 989 0 24
5286 7658 0 22
5287 3192 0 6
5288 730 0 8
5289 2780 1 24
5290 1028 0 46
5291 3674 1 0
5292 941 0 11
5293 576 0 9
5294 858 0 218
5295 892 0 17
5296 7503 0 14
5297 5011 0 26
5298 1518 0 617
5299 1724 0 13
5300 1357 0 40
5301 5101 0 2
5302 792 0 7
5303 5832 0 10
5304 197 0 12
5305 1511 0 7
5306 6759 0 13
5307 260 0 8
5308 1957 0 12
5309 2867 0 11
5310 940 0 11
5311 1775 0 19
5312 1421 0 19
5313 3445 0 10
5314 7923 0 11
5315 1313 0 15
5316 889 0 10
5317 406 0 19
5318 1937 0 37
5319 955 0 9
5320 1030 0 41
5321 2393 0 6
5322 6552 0 220
5323 1459 0 95
5324 7051 0 50
5325 624 0 17
5326 1982 0 352
5327 520 0 70
5328 6794 0 11
5329 3199 0 40
5330 13918 0 11
5331 1032 0 9
5332 1112 0 7
5333 7049 0 161

68 0 5740
7
5334 3525 0 29
5335 2838 0 17
5336 1176 0 34
5337 448 0 50
5338 989 0 190
5339 1164 0 426
5340 12477 0 14

69 1 5744
6
5341 3403 0 8
5342 1218 0 26
5343 652 0 6
5344 274 0 15
5345 7051 0 7
5346 1514 0 25

70 1 5747
1
5347 1166 0 23

71 0 5749
125
5348 1387 0 19
5349 1731 0 12
5350 409 0 35
5351 1408 0 30
5352 847 0 8
5353 7293 0 63
5354 1624 0 39
5355 995 0 24
5356 570 0 57
5357 1038 0 9
5358 283 0 24
5359 641 0 8
5360 660 0 49
5361 670 0 9
5362 5150 0 13
5363 1219 0 19
5364 726 0 12
5365 3182 0 366
5366 3670 0 7
5367 939 0 99
5368 2585 0 21
5369 1317 0 46
5370 1273 0 11
5371 5124 0 36
5372 1305 0 11
5373 1636 0 151
5374 3141 0 11
5375 191 0 15
5376 1240 1 400
5377 2902 0 96
5378 300 0 71
5379 2918 0 33
5380 6127 0 18
5381 1138 0 45
5382 5010 0 97
5383 897 0 28
5384 1976 0 38
5385 846 0 8
5386 2619 0 9
5387 1107 0 53
5388 1959 0 9
5389 579 0 16
5390 659 0 9
5391 238 0 18
5392 6960 0 8
5393 3426 0 14
5394 3371 0 16
5395 629 0 6
5396 2618 0 58
5397 485 0 25
5398 2327 0 26
5399 1399 0 11
5400 2569 0 10
5401 1192 0 15
5402 2934 0 13
5403 1980 0 7
5404 345 0 33
5405 937 0 26
5406 1398 0 7
5407 316 0 71
5408 1413 0 13
5409 1060 0 7
5410 1532 0 22
5411 9596 0 30
5412 1008 0 290
5413 1079 0 11
5414 16938 0 35
5415 1363 0 12
5416 305 0 8
5417 9254 0 8
5418 5107 0 16
5419 1317 0 22
5420 1974 0 26
5421 177 0 8
5422 389 0 15
5423 1035 0 38
5424 1947 0 14
5425 1060 0 210
5426 953 0 24
5427 2125 0 36
5428 1160 0 21
5429 189 0 12
5430 3191 0 62
5431 620 0 32
5432 173 0 10
5433 1391 0 12
5434 2782 0 19
5435 3392 0 9
5436 1189 0 118
5437 6855 0 67
5438 2987 0 14
5439 1242 0 10
5440 1526 0 11
5441 2791 0 58
5442 1296 1 25
5443 454 0 13
5444 6127 1 0
5445 7387 0 11
5446 8187 0 22
5447 3233 0 25
5448 2222 0 64
5449 1025 0 7
5450 1411 0 31
5451 585 0 28
5452 69 0 12
5453 1395 0 10
5454 7352 0 39
5455 1386 0 110
5456 839 0 365
5457 287 0 36
5458 1009 0 9
5459 1047 0 11
5460 3423 1 0
5461 3006 0 11
5462 9313 0 8
5463 245 0 25
5464 2377 0 10
5465 695 0 128
5466 2185 0 14
5467 954 0 148
5468 1537 0 12
5469 1989 0 16
5470 591 0 367
5471 1965 0 10
5472 3649 0 62

72 1 5753
24
5473 1108 1 400
5474 430 0 7
5475 726 0 103
5476 466 0 8
5477 1879 0 9
5478 691 0 209
5479 733 0 7
5480 1955 0 10
5481 576 0 12
5482 452 0 12
5483 1334 0 24
5484 2019 0 8
5485 730 0 19
5486 598 0 11
5487 5010 0 19
5488 8891 0 9
5489 1359 0 7
5490 1090 0 35
5491 343 0 36
5492 809 0 16
5493 17008 0 20
5494 1814 0 27
5495 5822 1 503
5496 2943 0 13

73 1 5759
23
5497 6211 0 13
5498 3172 0 7
5499 1090 0 10
5500 2355 0 106
5501 3537 0 14
5502 2787 0 106
5503 810 0 24
5504 742 0 7
5505 1368 0 36
5506 3354 0 7
5507 597 0 8
5508 566 0 13
5509 1974 0 9
5510 4633 0 143
5511 1167 0 12
5512 6362 0 42
5513 1050 0 32
5514 5068 0 12
5515 507 0 11
5516 700 0 59
5517 2462 0 58
5518 1106 0 73
5519 669 0 87

74 1 5766
1
5520 8829 0 153

75 0 5784
1
5521 574 0 92

76 0 5786
11
5522 1429 0 9
5523 12723 0 11
5524 1241 0 82
5525 962 0 8
5526 3706 0 9
5527 3148 0 55
5528 818 0 192
5529 1024 0 18
5530 1161 0 11
5531 373 0 294
5532 1122 0 14

77 0 5794
56
5533 728 0 304
5534 2009 0 84
5535 1307 0 9
5536 346 0 67
5537 5083 0 8
5538 3345 0 11
5539 5115 0 11
5540 3340 0 49
5541 533 0 14
5542 2564 0 24
5543 7892 0 121
5544 1142 0 9
5545 604 1 17
5546 500 0 8
5547 1982 0 100
5548 636 0 40
5549 742 0 39
5550 245 0 10
5551 136 0 27
5552 577 0 11
5553 1970 0 11
5554 1952 0 19
5555 3378 0 20
5556 805 0 66
5557 3140 1 57
5558 223 0 11
5559 1870 0 12
5560 1528 0 11
5561 3295 0 16
5562 1226 0 31
5563 13598 0 11
5564 1279 0 123
5565 1605 0 6
5566 1538 0 10
5567 2916 0 7
5568 2974 0 34
5569 965 0 11
5570 7033 0 49
5571 2323 0 13
5572 2467 0 10
5573 352 0 38
5574 12566 0 9
5575 1281 0 65
5576 683 0 11
5577 1969 1 20
5578 773 0 36
5579 485 0 11
5580 1691 0 10
5581 509 0 150
5582 409 0 13
5583 1230 0 12
5584 953 0 52
5585 459 0 26
5586 16990 0 12
5587 651 0 13
5588 1284 0 106

78 1 5820
6
5589 210 0 114
5590 1227 0 30
5591 1116 0 8
5592 989 0 121
5593 520 0 9
5594 1966 0 7

79 0 5823
2
5595 1436 0 23
5596 1386 0 11

