10

0 1 240
52
0 355 0 37
1 2791 0 11
2 697 0 12
3 1674 1 128
4 2395 0 78
5 1517 0 10
6 6095 0 135
7 385 1 0
8 776 0 9
9 1954 0 11
10 2146 0 9
11 2175 0 59
12 640 0 138
13 2807 0 9
14 521 0 17
15 508 0 7
16 3143 0 92
17 371 0 13
18 1887 0 7
19 2500 0 11
20 3515 0 68
21 2493 1 0
22 235 0 13
23 2207 0 9
24 7468 0 35
25 546 0 13
26 633 0 11
27 173 0 7
28 797 0 11
29 431 0 39
30 2391 0 179
31 1062 0 344
32 983 0 8
33 959 0 13
34 1787 0 13
35 1108 0 11
36 7399 0 7
37 1384 0 74
38 790 0 11
39 1389 0 11
40 1135 0 40
41 682 0 10
42 5026 0 5
43 352 0 69
44 5073 0 76
45 581 0 139
46 1196 0 69
47 1713 0 20
48 949 1 0
49 7050 0 10
50 1016 0 7
51 3759 0 30

1 1 258
5
52 599 1 27
53 426 0 217
54 3377 0 14
55 1969 0 13
56 1020 0 40

2 1 290
176
57 1390 0 6
58 2229 0 8
59 2398 0 9
60 1423 0 8
61 1409 0 18
62 1220 0 9
63 806 0 9
64 1430 0 8
65 2996 0 48
66 7410 0 143
67 825 0 38
68 1815 0 17
69 1314 0 8
70 5002 0 10
71 3198 0 17
72 824 0 8
73 2134 0 18
74 1851 0 617
75 1069 0 125
76 616 0 26
77 783 0 18
78 6114 0 7
79 789 0 38
80 1411 0 203
81 7281 1 20
82 1867 0 10
83 1421 0 61
84 1989 0 27
85 943 0 22
86 1071 0 275
87 3611 0 8
88 1118 0 14
89 3201 0 56
90 2267 0 9
91 4910 0 7
92 1037 1 28
93 778 0 10
94 721 0 248
95 59 0 82
96 6364 0 14
97 1740 0 12
98 652 0 8
99 7365 0 15
100 1363 0 37
101 977 0 11
102 1186 0 25
103 507 0 11
104 1498 0 9
105 1516 0 39
106 10515 0 37
107 1070 0 9
108 13921 0 27
109 888 0 10
110 13384 0 44
111 1709 0 41
112 3330 0 161
113 386 0 63
114 555 0 85
115 3285 0 12
116 12901 0 25
117 11612 0 32
118 1054 0 6
119 859 0 80
120 537 0 18
121 1369 0 95
122 915 0 11
123 5136 0 10
124 988 0 8
125 235 0 10
126 395 0 249
127 7332 0 11
128 2407 0 11
129 1317 0 27
130 2957 0 40
131 3177 0 13
132 321 0 30
133 620 0 12
134 1817 0 23
135 3168 0 0
136 2839 0 13
137 3297 0 8
138 495 0 99
139 171 0 17
140 1423 0 18
141 3771 0 343
142 5139 0 68
143 5039 0 8
144 1971 0 10
145 3310 0 71
146 1321 0 9
147 1195 0 152
148 2233 0 48
149 935 0 12
150 7094 0 70
151 1006 0 6
152 2439 1 27
153 1421 0 18
154 181 0 9
155 485 0 11
156 1085 0 11
157 6486 0 2
158 7350 0 12
159 495 0 7
160 680 0 23
161 733 0 56
162 2464 0 93
163 2412 0 26
164 2546 0 140
165 3527 0 19
166 3069 0 7
167 771 0 9
168 2444 0 8
169 433 0 129
170 5001 0 17
171 778 0 10
172 687 0 817
173 418 0 10
174 516 0 18
175 2608 0 114
176 678 0 125
177 255 0 14
178 1970 0 26
179 3215 0 17
180 7094 0 12
181 1353 0 216
182 3363 0 178
183 759 0 9
184 3468 0 10
185 1158 0 10
186 1504 0 202
187 3251 0 11
188 1184 0 8
189 988 0 17
190 546 0 17
191 1242 0 8
192 1629 0 11
193 7389 0 11
194 1254 0 154
195 2490 0 107
196 5042 0 9
197 1431 0 46
198 1765 0 26
199 1397 0 12
200 2362 0 12
201 589 0 38
202 591 0 9
203 2588 0 7
204 413 0 10
205 6455 0 7
206 2437 0 11
207 5042 1 31
208 205 0 42
209 758 0 13
210 3213 0 17
211 1947 0 46
212 959 0 12
213 3514 0 10
214 426 0 10
215 6185 0 23
216 1509 0 31
217 880 0 16
218 752 0 10
219 2607 0 11
220 2136 0 8
221 1794 0 37
222 629 0 7
223 13571 0 9
224 3372 1 0
225 3159 0 177
226 444 0 35
227 2706 0 8
228 964 0 9
229 1786 0 18
230 6860 0 27
231 2826 0 332
232 351 0 285

3 1 491
1
233 3804 0 33

4 1 501
200
234 939 0 13
235 1249 0 10
236 5149 0 13
237 337 0 12
238 3225 0 26
239 498 0 10
240 675 1 596
241 1191 0 24
242 5027 0 20
243 415 0 8
244 1159 0 6
245 599 0 30
246 1616 0 7
247 1416 0 103
248 2585 0 10
249 1893 0 96
250 2197 0 21
251 1902 0 11
252 2953 0 53
253 2085 0 155
254 610 0 34
255 989 0 40
256 13586 0 12
257 1190 0 7
258 1962 0 40
259 1370 0 10
260 3198 0 11
261 3695 0 16
262 1115 0 36
263 510 0 66
264 12568 0 9
265 1338 0 13
266 1012 0 148
267 164 0 11
268 1076 0 10
269 1765 0 808
270 736 1 0
271 711 0 37
272 1529 0 9
273 318 0 99
274 921 0 15
275 14780 0 20
276 1532 0 11
277 1521 0 8
278 1325 0 38
279 1081 0 100
280 1948 0 137
281 1946 0 10
282 506 0 100
283 1004 0 28
284 2473 0 8
285 789 1 47
286 3432 0 43
287 1524 1 0
288 901 0 15
289 449 0 6
290 1481 0 28
291 5008 0 12
292 3423 0 32
293 556 0 368
294 889 0 56
295 7836 0 20
296 1265 0 13
297 631 0 13
298 2160 0 8
299 2955 0 10
300 1269 0 153
301 989 1 47
302 1484 0 12
303 1233 0 15
304 504 1 21
305 538 0 19
306 1896 0 18
307 655 0 10
308 1899 0 50
309 1396 0 9
310 564 0 11
311 1047 0 14
312 3151 0 11
313 3373 0 14
314 5028 0 11
315 1128 0 10
316 2861 0 28
317 366 1 101
318 1105 0 87
319 1412 0 162
320 1158 0 19
321 2863 0 18
322 1219 0 80
323 947 0 16
324 1370 0 16
325 938 0 99
326 3215 0 15
327 2189 0 36
328 1220 0 10
329 578 0 10
330 7270 0 10
331 1490 0 82
332 1542 0 279
333 3070 0 10
334 3247 0 16
335 1267 0 8
336 17328 0 135
337 922 0 17
338 730 0 9
339 391 0 29
340 738 0 9
341 903 0 7
342 7051 0 6
343 599 0 206
344 233 0 19
345 1985 0 41
346 745 0 30
347 196 0 7
348 3376 0 12
349 1684 0 17
350 885 0 13
351 605 0 32
352 3357 0 311
353 3297 0 41
354 1369 0 13
355 1103 0 23
356 803 0 27
357 5153 0 10
358 1984 0 176
359 1424 0 21
360 864 0 20
361 1373 0 10
362 650 0 122
363 3700 0 13
364 1939 0 126
365 2271 0 47
366 3240 0 7
367 590 1 0
368 641 0 10
369 2475 0 29
370 1935 0 19
371 1060 0 17
372 907 0 26
373 821 0 134
374 2935 0 9
375 2504 0 13
376 14462 0 40
377 2326 0 10
378 12747 0 71
379 1315 0 7
380 1940 0 9
381 1955 1 26
382 1158 0 12
383 3721 0 12
384 1115 0 324
385 2719 0 11
386 1411 0 11
387 1307 0 165
388 183 0 24
389 1951 0 9
390 1475 0 12
391 12704 0 8
392 1558 0 10
393 885 0 30
394 3920 0 111
395 1960 0 10
396 3330 0 41
397 2131 0 81
398 1039 0 8
399 178 0 81
400 1351 0 10
401 1109 0 33
402 1870 0 12
403 1384 0 70
404 600 0 20
405 1269 0 9
406 787 0 8
407 309 0 221
408 1322 0 10
409 2811 0 11
410 3200 0 77
411 533 0 11
412 5019 0 98
413 1304 0 10
414 1193 0 14
415 1148 0 12
416 938 0 342
417 2526 0 11
418 1864 0 42
419 2922 0 145
420 5024 0 71
421 403 0 74
422 5078 0 10
423 1296 0 11
424 1571 0 20
425 731 0 8
426 989 0 67
427 912 0 10
428 783 0 8
429 1060 0 9
430 2195 1 5
431 7547 0 11
432 874 0 10
433 2276 0 29

5 1 513
1
434 3146 0 13

6 1 524
59
435 1402 0 9
436 1299 0 7
437 3361 0 16
438 688 0 10
439 803 0 13
440 2464 0 9
441 441 0 12
442 8077 0 2
443 7949 0 20
444 8209 0 14
445 6229 0 10
446 1320 0 7
447 755 0 34
448 734 0 11
449 999 1 0
450 2401 0 85
451 1094 1 28
452 3241 0 26
453 2770 0 19
454 648 0 13
455 3177 0 3
456 3246 0 17
457 438 0 29
458 1431 0 7
459 3222 0 14
460 752 0 11
461 3210 0 19
462 660 0 39
463 3361 0 8
464 989 0 12
465 1049 0 14
466 264 1 90
467 11611 0 10
468 1989 0 14
469 1382 0 10
470 3146 0 15
471 474 0 46
472 1910 0 167
473 1393 0 12
474 5812 0 54
475 1138 1 438
476 590 0 9
477 540 0 145
478 1409 0 18
479 8914 0 27
480 1104 0 7
481 1080 0 50
482 7924 0 13
483 1242 0 32
484 12541 0 85
485 637 0 37
486 1411 0 11
487 7032 0 20
488 3178 0 70
489 678 0 13
490 7731 0 6
491 1339 0 29
492 1516 0 212
493 3499 0 176

7 1 700
25
494 1184 0 13
495 989 0 10
496 1301 0 49
497 2321 0 20
498 1989 0 12
499 1352 0 14
500 597 0 44
501 757 0 8
502 7023 0 32
503 1962 0 14
504 2180 0 19
505 3225 0 29
506 1408 0 10
507 5994 0 65
508 1504 0 9
509 3197 0 37
510 17108 0 19
511 12415 0 13
512 2616 0 20
513 1840 0 15
514 1282 0 34
515 3704 0 13
516 8839 0 9
517 1038 0 79
518 1073 0 18

8 1 705
25
519 14447 0 8
520 1712 0 13
521 1209 0 131
522 915 0 13
523 1042 0 8
524 3295 0 12
525 271 0 41
526 1045 0 16
527 668 0 8
528 603 0 12
529 3348 0 74
530 1126 0 16
531 954 0 7
532 9312 0 7
533 1355 0 11
534 2532 0 10
535 2412 0 8
536 869 0 62
537 710 0 15
538 1135 0 36
539 3753 0 62
540 2549 0 10
541 944 0 11
542 5005 0 169
543 7929 0 14

9 1 216363
22
544 14386 0 7
545 1258 1 0
546 1133 0 8
547 1097 0 39
548 719 0 7
549 2861 0 9
550 3292 0 9
551 2614 1 102
552 1876 0 8
553 426 0 7
554 615 0 23
555 1378 0 9
556 1741 0 12
557 3181 0 10
558 1194 0 11
559 1953 0 82
560 807 0 112
561 1050 0 38
562 2524 0 11
563 3103 0 16
564 3500 0 83
565 627 0 45

