40

0 1 294
1051
0 623 0 14
1 2382 0 8
2 967 0 342
3 1394 0 71
4 1386 0 13
5 1534 0 9
6 5759 0 8
7 1234 0 14
8 1302 0 13
9 3343 0 12
10 15985 0 13
11 1953 0 13
12 188 0 352
13 1358 0 28
14 415 0 10
15 3748 0 21
16 1425 0 8
17 1151 0 142
18 168 0 91
19 589 0 142
20 3322 0 129
21 10018 0 173
22 3644 0 11
23 1938 0 9
24 1028 0 19
25 3254 0 7
26 12585 0 9
27 1690 0 10
28 956 0 12
29 1521 0 11
30 1971 0 17
31 1646 0 14
32 2877 0 13
33 692 0 9
34 2420 0 44
35 13012 0 11
36 713 0 67
37 330 0 146
38 181 0 2
39 774 0 131
40 935 0 13
41 1664 0 57
42 442 0 46
43 1411 0 223
44 1536 0 14
45 3412 0 13
46 3164 1 478
47 2604 0 23
48 1295 0 25
49 1327 0 108
50 6098 0 38
51 4693 0 10
52 866 0 12
53 759 0 117
54 859 0 17
55 12756 0 8
56 13922 0 41
57 1940 0 8
58 506 0 10
59 1953 0 36
60 1535 0 14
61 815 0 72
62 2850 0 7
63 1242 1 0
64 1362 0 9
65 2223 0 11
66 1057 0 41
67 2114 0 8
68 17071 0 15
69 3227 0 10
70 477 0 30
71 1826 1 18
72 285 0 35
73 1431 0 6
74 1701 0 82
75 1382 0 12
76 2174 0 7
77 6734 0 29
78 817 0 15
79 1407 0 10
80 2935 0 14
81 1047 0 9
82 917 0 10
83 1538 0 9
84 3506 0 8
85 290 0 67
86 890 0 295
87 4107 0 16
88 2597 0 12
89 1944 0 18
90 1314 0 41
91 1721 0 23
92 2105 0 74
93 1053 0 10
94 1213 0 39
95 3201 0 15
96 427 0 7
97 1045 0 32
98 1303 0 31
99 1064 0 30
100 2727 0 9
101 5154 0 38
102 27 0 12
103 3328 0 70
104 1407 0 17
105 1161 0 22
106 289 0 11
107 4999 0 11
108 1322 0 104
109 1408 0 12
110 1392 0 29
111 2870 0 35
112 1868 0 28
113 1153 0 10
114 357 0 8
115 528 1 6
116 800 0 127
117 385 0 617
118 5065 0 6
119 7949 0 48
120 335 0 42
121 1351 0 172
122 1268 0 67
123 698 0 41
124 374 0 134
125 888 0 6
126 8202 0 179
127 2726 0 9
128 738 0 11
129 1253 0 8
130 1941 0 28
131 572 0 9
132 2871 0 9
133 615 0 31
134 1108 0 135
135 269 0 35
136 1696 0 53
137 3336 1 0
138 1285 0 11
139 1812 0 18
140 7475 0 10
141 13631 0 405
142 966 0 108
143 916 0 7
144 5071 0 82
145 3147 0 11
146 986 0 74
147 11610 0 11
148 2410 0 13
149 193 0 49
150 1976 1 0
151 1178 0 15
152 3448 0 49
153 490 0 9
154 1949 0 95
155 1121 0 76
156 1263 0 91
157 527 0 22
158 1024 0 8
159 77 0 8
160 7917 0 40
161 1280 0 23
162 789 0 13
163 1984 0 7
164 901 0 80
165 1018 1 203
166 1954 0 35
167 189 0 211
168 1034 0 13
169 701 0 11
170 1345 0 13
171 1007 0 11
172 804 0 9
173 1530 0 17
174 1742 0 132
175 1317 0 66
176 575 0 9
177 5037 0 11
178 1286 0 51
179 7550 0 7
180 1233 0 41
181 3923 0 13
182 3379 0 9
183 2916 0 9
184 464 0 7
185 2560 0 11
186 774 0 119
187 2819 0 29
188 13570 0 16
189 1519 0 50
190 3703 0 11
191 1096 0 15
192 1391 0 12
193 1358 0 12
194 6183 0 37
195 1511 0 8
196 867 0 35
197 682 0 118
198 12073 0 7
199 5150 0 19
200 1067 0 9
201 387 0 14
202 6141 0 10
203 6314 0 50
204 1023 0 11
205 1405 0 21
206 1964 0 9
207 200 0 16
208 1211 0 160
209 657 0 199
210 1982 0 197
211 1202 0 7
212 1425 0 11
213 6211 0 7
214 1426 0 9
215 3365 0 13
216 2823 0 19
217 1396 0 18
218 9363 0 151
219 1530 0 12
220 1945 0 9
221 1431 0 101
222 1447 0 11
223 2854 0 26
224 1389 0 49
225 2832 0 18
226 1218 0 11
227 1575 0 10
228 668 0 42
229 821 0 10
230 1824 0 616
231 2931 0 78
232 803 0 11
233 1528 0 18
234 2710 0 12
235 7343 0 12
236 1842 0 10
237 2491 1 0
238 865 0 11
239 1250 0 12
240 7390 0 85
241 578 0 217
242 1232 0 11
243 1240 0 39
244 587 0 13
245 1369 0 10
246 543 0 39
247 2857 0 45
248 934 0 154
249 713 1 0
250 492 0 30
251 6729 0 10
252 1414 0 15
253 874 0 199
254 1425 0 99
255 7049 0 6
256 3314 0 10
257 2287 0 176
258 5045 0 12
259 711 0 9
260 1197 0 12
261 1680 0 14
262 1576 0 9
263 1259 1 0
264 1062 0 27
265 13917 0 29
266 1628 0 13
267 1312 0 13
268 213 0 9
269 251 0 80
270 1109 0 27
271 856 0 6
272 1341 1 0
273 2489 1 0
274 6113 0 19
275 462 1 204
276 2488 0 69
277 7766 0 14
278 5130 0 41
279 1513 0 13
280 1969 0 63
281 2182 0 13
282 1058 0 13
283 989 0 8
284 388 0 102
285 1460 0 85
286 7182 0 11
287 687 0 14
288 1955 0 8
289 1657 1 29
290 3251 0 39
291 3408 0 10
292 2332 0 24
293 1490 0 12
294 1264 0 78
295 366 0 14
296 872 0 8
297 21 0 36
298 7884 0 18
299 442 0 57
300 2404 0 13
301 1150 0 24
302 824 0 131
303 1981 0 21
304 1168 0 11
305 1005 0 39
306 417 0 10
307 643 0 15
308 5055 0 8
309 16223 0 9
310 1966 0 14
311 1431 0 11
312 1341 0 841
313 2847 0 14
314 2386 0 11
315 3240 0 23
316 1413 0 29
317 1568 1 0
318 747 0 11
319 5974 0 24
320 921 1 0
321 925 0 91
322 1426 0 9
323 3454 0 39
324 506 0 21
325 761 0 11
326 2368 0 11
327 2444 0 132
328 6961 0 40
329 2530 0 11
330 537 0 8
331 1231 0 9
332 1206 0 13
333 764 0 17
334 14370 0 10
335 409 0 91
336 1396 0 15
337 815 0 105
338 1760 0 74
339 893 0 9
340 2860 0 6
341 1954 0 20
342 6146 0 617
343 1753 0 29
344 1431 0 11
345 843 0 180
346 1678 0 8
347 657 0 11
348 694 0 13
349 5024 0 47
350 1358 0 9
351 5093 0 9
352 1511 0 24
353 1304 0 20
354 207 0 31
355 1034 0 12
356 717 0 53
357 2398 0 172
358 385 0 9
359 2537 0 88
360 1003 0 2
361 3379 0 41
362 295 0 9
363 1537 0 8
364 1426 0 147
365 1303 0 17
366 184 0 78
367 1184 0 65
368 1902 0 11
369 674 0 17
370 2835 0 7
371 430 0 10
372 2849 0 20
373 1528 0 14
374 947 0 12
375 1977 0 63
376 1045 0 10
377 1093 0 11
378 2077 0 24
379 3358 0 27
380 491 0 22
381 989 1 63
382 6052 0 38
383 16352 0 70
384 3563 0 40
385 989 0 145
386 1409 0 35
387 1005 0 38
388 3281 0 11
389 653 0 139
390 1134 0 122
391 17480 0 11
392 2852 1 25
393 1671 0 19
394 2294 0 22
395 823 0 13
396 180 0 12
397 1126 0 134
398 1287 0 134
399 2314 0 13
400 498 0 7
401 269 0 49
402 6178 1 0
403 558 0 7
404 17026 0 30
405 1131 0 8
406 999 0 48
407 1058 0 13
408 2541 0 18
409 5029 0 204
410 1358 1 6
411 1427 0 14
412 1571 0 11
413 1187 1 31
414 9985 0 71
415 1285 0 12
416 411 0 13
417 1779 0 12
418 692 0 11
419 171 0 97
420 552 0 71
421 1505 0 12
422 1409 0 242
423 3085 0 92
424 3239 0 8
425 750 0 34
426 1281 0 43
427 1388 0 127
428 989 0 9
429 596 0 13
430 1419 0 111
431 831 0 16
432 362 0 9
433 457 0 11
434 7048 0 19
435 1028 0 132
436 1835 0 13
437 755 0 18
438 1344 0 51
439 917 0 72
440 1785 0 12
441 70 0 18
442 569 0 37
443 1419 0 60
444 3366 0 47
445 1507 0 68
446 1124 0 13
447 1024 0 12
448 1588 0 12
449 5077 0 20
450 9318 0 11
451 1083 0 14
452 911 0 37
453 2475 0 14
454 704 0 149
455 1077 0 19
456 1920 0 10
457 1414 0 81
458 859 0 28
459 7658 0 10
460 7948 0 23
461 7809 0 11
462 2172 0 7
463 2638 0 8
464 2575 0 9
465 1249 0 10
466 418 0 39
467 560 0 9
468 7666 0 16
469 660 1 518
470 2634 0 11
471 493 0 7
472 3268 0 16
473 402 0 22
474 2809 0 8
475 1513 0 86
476 3278 0 309
477 681 0 69
478 1340 0 52
479 1944 0 6
480 648 0 7
481 1421 0 32
482 3372 0 18
483 2589 0 13
484 1935 0 10
485 320 0 99
486 444 0 10
487 1224 0 7
488 1093 0 97
489 7657 0 37
490 610 0 25
491 943 0 17
492 1204 0 7
493 1128 0 19
494 3585 0 19
495 274 0 28
496 966 0 8
497 534 0 11
498 1225 0 17
499 893 0 70
500 1820 0 11
501 575 0 7
502 1259 0 9
503 1332 0 45
504 2820 0 44
505 1832 0 68
506 2027 0 13
507 5031 0 20
508 482 0 2
509 358 0 10
510 1243 0 12
511 749 0 12
512 2467 0 37
513 690 0 5
514 200 0 33
515 1337 0 34
516 2670 0 9
517 184 0 7
518 2800 0 9
519 767 0 189
520 3190 0 38
521 999 0 11
522 1395 0 11
523 677 0 38
524 252 0 13
525 3344 0 9
526 3345 0 20
527 2014 0 14
528 651 0 106
529 1935 0 7
530 3341 0 29
531 3364 0 11
532 1799 0 0
533 985 0 9
534 12249 0 3
535 1923 0 10
536 1200 0 23
537 7384 0 34
538 1300 0 15
539 401 0 10
540 1341 0 15
541 1102 0 10
542 3295 0 8
543 2230 0 29
544 3324 0 12
545 556 0 7
546 1165 0 27
547 1788 0 13
548 1537 0 13
549 1488 0 36
550 8775 0 11
551 659 0 14
552 788 0 10
553 816 0 12
554 1711 0 8
555 2409 0 41
556 1396 0 26
557 1954 0 8
558 1337 0 70
559 3038 0 7
560 989 0 8
561 2371 0 28
562 775 0 105
563 3577 0 18
564 6157 0 41
565 1589 0 24
566 1975 0 9
567 908 0 9
568 997 0 32
569 1271 0 109
570 1986 0 15
571 1315 0 11
572 1241 0 8
573 1010 0 23
574 1052 0 15
575 1428 0 12
576 1279 0 4
577 199 0 165
578 896 0 8
579 1516 0 14
580 1942 0 14
581 958 0 11
582 1775 0 9
583 2651 0 278
584 348 0 96
585 1950 0 161
586 5945 0 9
587 3190 0 149
588 1096 0 20
589 1246 1 203
590 257 0 8
591 3278 0 20
592 863 0 185
593 17035 0 13
594 1972 0 9
595 2879 0 11
596 779 0 20
597 1177 0 28
598 12429 0 384
599 730 0 21
600 634 0 13
601 2412 0 61
602 1722 0 13
603 281 0 27
604 6186 0 56
605 1881 0 54
606 1049 0 16
607 660 0 9
608 451 0 10
609 12552 0 21
610 740 0 13
611 268 0 8
612 630 0 44
613 198 0 9
614 1566 0 35
615 1229 0 107
616 1198 0 8
617 1096 0 16
618 1202 1 28
619 1618 1 0
620 500 0 73
621 3248 0 7
622 1627 0 8
623 467 0 31
624 5067 0 10
625 2409 0 10
626 1699 0 13
627 5142 0 9
628 251 0 40
629 2562 0 19
630 2902 0 41
631 1501 0 6
632 1301 0 13
633 1130 0 10
634 772 0 180
635 3616 0 10
636 3733 0 50
637 3515 0 9
638 15093 0 67
639 6197 0 18
640 934 0 11
641 989 0 9
642 1010 1 0
643 1978 0 6
644 685 0 8
645 378 0 104
646 1429 0 51
647 2749 0 134
648 2287 1 515
649 7655 0 24
650 314 0 17
651 364 0 8
652 6171 0 37
653 989 1 28
654 624 0 102
655 1196 0 11
656 908 0 57
657 2434 0 39
658 1864 0 46
659 264 0 29
660 2884 0 9
661 424 0 9
662 1975 0 10
663 1215 0 12
664 1115 0 47
665 1517 0 11
666 2493 0 23
667 3657 0 14
668 397 0 7
669 1168 0 6
670 1513 0 17
671 6023 0 10
672 2357 0 11
673 1426 1 0
674 372 0 9
675 3295 0 7
676 483 0 48
677 240 0 110
678 989 1 15
679 2419 0 92
680 1100 0 13
681 1958 0 16
682 436 0 14
683 1773 0 41
684 798 0 8
685 656 0 68
686 725 0 14
687 901 0 37
688 1622 0 11
689 684 0 14
690 5113 0 9
691 2371 0 98
692 3345 0 13
693 7172 0 22
694 2244 0 11
695 3311 0 8
696 3374 0 14
697 2552 0 11
698 1390 0 83
699 2189 0 11
700 3197 0 10
701 1283 0 13
702 637 0 264
703 927 0 9
704 2023 0 176
705 3374 0 10
706 676 0 10
707 1856 0 10
708 452 0 217
709 2786 0 11
710 989 0 134
711 3375 0 10
712 1507 0 342
713 617 0 25
714 441 0 17
715 1363 0 11
716 3364 0 93
717 900 0 12
718 407 0 55
719 1849 0 169
720 1654 0 8
721 5145 0 109
722 5114 0 13
723 7737 0 10
724 1718 0 12
725 2933 0 12
726 657 0 80
727 1121 0 8
728 802 0 82
729 689 0 10
730 1366 0 211
731 2536 0 10
732 1141 0 59
733 6141 0 8
734 1497 0 38
735 6144 0 51
736 989 0 10
737 980 0 74
738 426 0 11
739 3270 0 41
740 401 0 115
741 1015 0 37
742 1185 0 9
743 13064 0 37
744 2790 0 9
745 1085 0 9
746 1089 0 15
747 863 0 10
748 1317 0 11
749 2445 0 31
750 1126 0 7
751 958 0 69
752 875 0 33
753 580 0 8
754 5020 0 10
755 492 0 9
756 862 0 8
757 3276 0 16
758 2180 0 10
759 970 0 106
760 1172 0 14
761 301 1 0
762 487 0 10
763 1020 0 34
764 1249 0 12
765 1955 0 144
766 455 1 157
767 3080 0 7
768 467 0 41
769 457 0 17
770 2319 0 66
771 7714 0 29
772 3458 0 76
773 1128 0 70
774 804 0 17
775 416 0 68
776 1515 0 34
777 1246 0 10
778 236 0 11
779 1275 0 132
780 2184 0 9
781 539 0 8
782 5087 0 33
783 3266 0 10
784 7831 0 69
785 1954 0 10
786 3181 0 30
787 209 0 11
788 1788 0 146
789 920 0 14
790 1285 0 11
791 110 0 30
792 420 0 11
793 1998 0 6
794 532 0 11
795 1381 0 8
796 630 0 97
797 3179 0 13
798 5126 0 19
799 17438 0 10
800 1023 0 30
801 16821 0 12
802 1513 0 35
803 675 0 24
804 3362 0 3
805 1352 0 11
806 2923 0 7
807 215 0 37
808 463 0 8
809 688 0 13
810 948 0 7
811 447 0 58
812 1507 0 17
813 1741 0 8
814 982 0 11
815 12458 0 8
816 11794 0 13
817 2611 0 9
818 1743 0 12
819 1429 0 18
820 1385 0 10
821 1179 0 137
822 431 0 74
823 1394 0 53
824 3334 1 153
825 3208 0 9
826 491 0 42
827 1354 1 31
828 1863 0 9
829 1559 0 8
830 1316 0 8
831 817 0 41
832 1967 0 13
833 1060 0 9
834 3264 0 231
835 2866 0 11
836 771 0 7
837 1422 0 39
838 193 0 8
839 1869 0 78
840 6117 0 89
841 1049 0 17
842 2977 0 15
843 893 0 2
844 1332 0 11
845 1971 0 13
846 2024 0 41
847 595 0 99
848 3180 0 14
849 866 0 30
850 1198 0 48
851 171 0 128
852 603 0 43
853 442 0 9
854 2893 1 0
855 1633 0 12
856 3213 0 19
857 7288 0 170
858 440 0 2
859 3232 0 10
860 581 0 11
861 3350 0 14
862 613 0 12
863 564 0 13
864 6363 0 37
865 3314 0 10
866 524 0 24
867 3105 0 14
868 882 0 131
869 1237 0 7
870 2092 0 8
871 3509 0 11
872 800 0 13
873 3174 0 10
874 6212 0 12
875 723 0 38
876 2025 0 7
877 10023 0 11
878 1572 0 38
879 3179 0 10
880 1513 0 29
881 426 0 21
882 984 0 7
883 1513 0 75
884 1212 0 12
885 1237 0 196
886 645 0 168
887 541 0 37
888 3141 0 7
889 1410 0 24
890 978 1 0
891 664 0 9
892 3691 0 35
893 1331 0 206
894 1966 0 2
895 791 0 12
896 1511 0 11
897 1165 1 0
898 2192 0 10
899 3349 0 13
900 1405 0 16
901 5070 0 218
902 1286 1 46
903 3316 0 6
904 6641 0 88
905 2587 0 28
906 3206 0 20
907 3354 0 20
908 3764 0 8
909 1991 0 12
910 490 0 7
911 755 0 103
912 2890 0 9
913 1977 0 12
914 1340 0 13
915 1327 0 51
916 2912 0 9
917 1153 0 11
918 541 0 12
919 780 0 18
920 1666 0 81
921 1057 0 12
922 384 0 22
923 1985 0 26
924 226 0 8
925 1344 0 7
926 1948 0 76
927 1428 0 8
928 3168 0 42
929 5011 0 77
930 1521 0 96
931 3102 0 9
932 1663 0 113
933 586 0 12
934 2489 0 30
935 1358 0 14
936 735 0 98
937 1686 0 13
938 1965 0 8
939 2148 0 13
940 2789 0 29
941 484 0 14
942 1272 0 37
943 6062 0 34
944 1192 0 12
945 7324 0 13
946 1134 0 94
947 847 0 29
948 5794 0 17
949 322 0 41
950 7584 0 17
951 167 0 11
952 415 0 68
953 934 0 36
954 3143 0 11
955 1285 0 10
956 201 0 90
957 1538 0 37
958 459 0 7
959 244 0 13
960 3240 0 12
961 1137 0 9
962 1375 0 67
963 1417 0 19
964 680 0 8
965 1141 0 36
966 1093 0 12
967 1341 0 18
968 428 0 55
969 1184 0 98
970 2432 0 165
971 7336 0 9
972 1345 0 79
973 6837 0 16
974 372 0 10
975 1489 0 79
976 2382 0 28
977 1983 0 48
978 1060 1 516
979 734 0 7
980 1853 0 35
981 12251 0 69
982 3181 0 23
983 1278 0 9
984 1042 0 134
985 6453 0 15
986 2865 0 9
987 228 1 476
988 1206 0 31
989 652 0 3
990 1417 0 23
991 3745 0 75
992 1274 0 19
993 866 0 12
994 730 0 23
995 712 0 7
996 297 0 11
997 1992 0 20
998 698 0 133
999 442 0 16
1000 1780 0 16
1001 1977 0 13
1002 437 0 840
1003 776 0 12
1004 12014 0 72
1005 1569 0 9
1006 1057 0 11
1007 3194 0 6
1008 789 0 66
1009 1023 0 9
1010 6178 0 15
1011 3203 0 9
1012 6455 0 7
1013 1955 0 10
1014 255 1 0
1015 2309 0 81
1016 2208 0 16
1017 1516 0 22
1018 1125 0 9
1019 823 0 12
1020 487 0 10
1021 482 0 11
1022 516 0 21
1023 830 0 13
1024 3252 0 20
1025 1419 0 10
1026 5102 0 11
1027 657 0 13
1028 3291 0 216
1029 792 0 14
1030 850 0 18
1031 1193 0 9
1032 171 0 36
1033 1934 0 271
1034 1201 0 38
1035 1567 0 11
1036 177 0 11
1037 1389 0 7
1038 270 0 36
1039 1771 0 29
1040 8104 0 9
1041 1234 0 12
1042 1482 0 9
1043 1992 0 66
1044 2201 0 7
1045 630 0 9
1046 1979 0 8
1047 12496 0 16
1048 1986 0 25
1049 5846 0 16
1050 1062 0 16

1 1 1018
25
1051 752 0 11
1052 1904 0 24
1053 969 0 297
1054 363 0 10
1055 2922 0 99
1056 13096 0 18
1057 12228 0 9
1058 1511 0 12
1059 3203 0 8
1060 2541 0 7
1061 2803 0 143
1062 1131 0 11
1063 550 0 22
1064 2413 0 11
1065 871 0 21
1066 2494 0 19
1067 1063 0 41
1068 16846 0 37
1069 1314 0 23
1070 2791 0 9
1071 3359 0 10
1072 1716 0 11
1073 3336 0 177
1074 1967 0 8
1075 212 0 14

2 1 1464
23
1076 2940 1 0
1077 14377 0 20
1078 686 0 69
1079 2208 0 14
1080 3398 0 11
1081 918 0 12
1082 2653 0 12
1083 937 0 70
1084 1162 0 261
1085 1714 0 11
1086 2526 0 35
1087 759 0 37
1088 892 1 20
1089 414 0 11
1090 5051 0 9
1091 1020 0 7
1092 9981 0 11
1093 1982 0 28
1094 2496 0 10
1095 1085 0 398
1096 1421 0 13
1097 1412 0 27
1098 1100 0 29

3 1 1498
47
1099 2873 0 99
1100 1329 0 10
1101 1957 0 10
1102 1504 0 12
1103 751 0 160
1104 1676 0 11
1105 3188 0 67
1106 2161 0 9
1107 552 0 369
1108 1537 0 20
1109 1231 0 8
1110 844 0 10
1111 1539 0 67
1112 3243 0 7
1113 804 0 46
1114 714 0 53
1115 1606 0 176
1116 4808 0 11
1117 3155 0 11
1118 1859 0 9
1119 12492 0 39
1120 1301 0 9
1121 5934 0 8
1122 1419 0 13
1123 1059 0 6
1124 1529 0 41
1125 861 0 9
1126 1643 0 13
1127 3560 0 7
1128 746 0 147
1129 334 0 15
1130 16912 0 36
1131 1260 0 100
1132 1371 0 34
1133 565 0 183
1134 697 0 9
1135 3228 0 74
1136 348 0 17
1137 620 0 21
1138 3394 0 11
1139 1276 0 14
1140 468 0 13
1141 494 0 220
1142 844 0 19
1143 1959 0 8
1144 3141 0 10
1145 6257 0 223

4 1 1821
1
1146 4905 0 10

5 1 1826
168
1147 1518 0 13
1148 3371 0 13
1149 1877 0 36
1150 281 1 486
1151 439 0 11
1152 1907 0 21
1153 1295 0 10
1154 1526 0 10
1155 1947 0 18
1156 653 0 9
1157 1802 0 12
1158 3378 0 31
1159 2789 0 9
1160 5010 0 28
1161 1128 0 18
1162 191 0 77
1163 907 0 8
1164 1349 1 0
1165 1557 0 12
1166 1504 0 148
1167 3248 0 21
1168 6706 0 29
1169 625 0 15
1170 1280 0 10
1171 816 0 93
1172 1034 0 9
1173 2195 0 6
1174 1854 0 18
1175 3181 1 140
1176 2327 0 8
1177 650 0 24
1178 928 0 10
1179 1420 0 11
1180 2095 0 172
1181 1513 0 10
1182 5121 0 229
1183 2526 0 28
1184 764 0 70
1185 3378 0 19
1186 1374 0 29
1187 1477 0 16
1188 2459 0 10
1189 1256 0 7
1190 1165 0 100
1191 3638 0 10
1192 2539 0 15
1193 932 0 12
1194 580 0 247
1195 1974 0 150
1196 1322 0 10
1197 492 0 10
1198 3653 0 10
1199 2741 0 75
1200 3449 0 61
1201 1493 0 11
1202 1574 0 12
1203 338 0 138
1204 3376 0 14
1205 1347 0 66
1206 989 0 8
1207 3636 0 32
1208 1957 0 7
1209 1523 0 20
1210 551 0 41
1211 191 0 40
1212 5056 0 20
1213 1396 0 19
1214 485 0 7
1215 180 0 31
1216 2802 0 20
1217 748 0 9
1218 375 0 230
1219 297 0 13
1220 178 1 0
1221 1360 0 8
1222 295 0 12
1223 1535 0 19
1224 299 0 9
1225 779 0 71
1226 1372 1 46
1227 2879 0 13
1228 1934 0 10
1229 1367 0 141
1230 2140 1 0
1231 6756 0 37
1232 5054 0 17
1233 495 0 12
1234 1048 0 78
1235 746 0 11
1236 1428 0 242
1237 2947 0 38
1238 601 0 24
1239 2451 0 15
1240 2870 1 47
1241 989 1 50
1242 1080 0 10
1243 3346 0 10
1244 301 0 10
1245 1224 0 27
1246 632 0 76
1247 2061 0 12
1248 6163 0 9
1249 1952 0 17
1250 2920 0 12
1251 7274 0 14
1252 1940 0 132
1253 3233 0 12
1254 1758 0 11
1255 14389 0 11
1256 1009 0 10
1257 877 0 37
1258 2357 0 10
1259 1983 0 24
1260 3025 0 156
1261 589 0 7
1262 8389 0 186
1263 2116 0 28
1264 2042 0 15
1265 1133 0 39
1266 363 0 62
1267 734 0 10
1268 4337 0 9
1269 826 0 11
1270 1368 0 172
1271 1271 0 8
1272 5051 0 6
1273 1282 0 8
1274 875 0 33
1275 1118 0 22
1276 1235 0 12
1277 600 0 12
1278 5070 0 28
1279 816 0 12
1280 1600 0 8
1281 758 0 11
1282 520 0 82
1283 505 0 11
1284 2870 0 9
1285 1596 0 101
1286 2752 0 31
1287 2156 0 10
1288 2762 0 9
1289 1028 0 12
1290 9303 0 42
1291 1420 0 7
1292 589 0 13
1293 746 0 19
1294 907 0 14
1295 6483 0 11
1296 1395 0 30
1297 3370 0 8
1298 2089 0 11
1299 2938 0 8
1300 522 0 14
1301 3362 0 9
1302 1174 0 41
1303 2406 0 160
1304 3261 0 138
1305 4010 0 10
1306 480 0 41
1307 483 0 9
1308 2890 0 63
1309 2597 1 770
1310 1507 0 9
1311 2575 0 12
1312 5774 0 19
1313 733 0 72
1314 1991 0 30

6 1 1833
25
1315 1758 0 13
1316 176 0 38
1317 3539 0 40
1318 2714 0 54
1319 1744 0 131
1320 2029 0 41
1321 3522 0 13
1322 540 0 70
1323 3281 0 11
1324 1280 0 17
1325 2486 0 39
1326 653 0 18
1327 7285 0 160
1328 2954 0 13
1329 1127 0 206
1330 606 0 12
1331 2437 0 67
1332 3342 0 8
1333 2803 0 10
1334 1292 0 8
1335 600 0 36
1336 1414 0 13
1337 547 0 70
1338 440 0 76
1339 636 0 12

7 1 1856
125
1340 1300 0 41
1341 377 0 49
1342 1946 0 104
1343 6001 0 9
1344 3290 0 12
1345 450 0 28
1346 561 0 11
1347 3243 0 21
1348 357 0 12
1349 2608 0 39
1350 352 0 73
1351 1044 0 11
1352 709 0 38
1353 1410 1 0
1354 1381 0 13
1355 2840 0 8
1356 459 0 8
1357 1953 0 11
1358 3215 0 14
1359 3460 0 57
1360 3285 0 39
1361 331 0 10
1362 3363 0 289
1363 691 0 19
1364 2184 0 43
1365 1127 0 51
1366 181 0 89
1367 459 0 18
1368 186 0 13
1369 1973 0 24
1370 989 0 17
1371 8950 1 19
1372 403 0 14
1373 205 0 11
1374 1727 0 68
1375 1190 0 11
1376 12679 0 31
1377 876 0 24
1378 1186 0 11
1379 692 1 168
1380 3214 0 17
1381 3377 0 45
1382 2119 0 11
1383 1077 0 9
1384 1084 0 39
1385 989 0 96
1386 1617 0 10
1387 1380 0 151
1388 1349 0 19
1389 3225 0 8
1390 1509 0 17
1391 1906 0 8
1392 1526 0 17
1393 3305 0 8
1394 416 0 9
1395 728 0 9
1396 1091 0 33
1397 850 0 21
1398 683 0 111
1399 988 0 8
1400 610 0 19
1401 1236 0 13
1402 12822 0 23
1403 2493 0 35
1404 970 0 19
1405 494 0 74
1406 1096 0 11
1407 8285 0 22
1408 1968 0 27
1409 915 0 10
1410 1363 0 13
1411 1135 0 69
1412 180 0 13
1413 830 0 12
1414 2714 0 9
1415 698 0 21
1416 731 0 44
1417 433 0 7
1418 1593 0 17
1419 432 0 24
1420 1953 0 13
1421 13536 0 31
1422 2475 0 11
1423 1134 0 32
1424 780 0 46
1425 1510 0 8
1426 483 0 26
1427 12900 0 11
1428 6484 0 8
1429 835 0 8
1430 1178 0 12
1431 1852 0 19
1432 1040 0 9
1433 5054 0 39
1434 1537 0 119
1435 1949 0 30
1436 1936 0 76
1437 1954 0 10
1438 181 0 208
1439 1072 0 13
1440 5140 0 8
1441 3021 0 34
1442 313 0 11
1443 288 0 18
1444 315 0 9
1445 182 0 13
1446 1479 0 17
1447 1009 0 26
1448 2811 0 6
1449 1426 0 63
1450 181 0 10
1451 802 1 113
1452 944 0 73
1453 417 0 36
1454 17388 0 13
1455 2786 0 7
1456 3361 0 10
1457 7535 0 130
1458 2137 0 30
1459 240 0 109
1460 563 0 25
1461 218 0 23
1462 243 0 17
1463 1017 0 110
1464 1112 0 9

8 1 1862
53
1465 1263 0 21
1466 3322 0 10
1467 3367 0 12
1468 3179 0 43
1469 13920 0 25
1470 368 0 9
1471 828 0 11
1472 3199 0 881
1473 1419 0 7
1474 1859 0 7
1475 5129 0 18
1476 1234 0 8
1477 2651 0 19
1478 3318 0 28
1479 419 0 12
1480 1831 0 29
1481 887 0 29
1482 1987 0 147
1483 293 0 42
1484 632 0 9
1485 1199 0 9
1486 736 0 11
1487 1404 0 134
1488 6786 1 0
1489 2898 0 16
1490 2848 0 70
1491 1394 0 29
1492 1238 0 7
1493 657 0 11
1494 726 0 75
1495 600 0 7
1496 891 0 9
1497 766 0 8
1498 850 0 228
1499 6952 0 10
1500 1261 0 7
1501 907 0 11
1502 989 1 0
1503 713 0 10
1504 9530 0 20
1505 2765 1 89
1506 1243 0 28
1507 7534 0 12
1508 12786 0 12
1509 1546 0 14
1510 1424 0 12
1511 835 1 1
1512 538 0 10
1513 14845 0 8
1514 971 0 13
1515 604 0 73
1516 199 1 0
1517 504 0 15

9 1 1870
25
1518 641 0 56
1519 176 0 10
1520 3171 0 9
1521 970 0 21
1522 2833 0 13
1523 1176 0 9
1524 3253 0 13
1525 2615 0 10
1526 1981 0 11
1527 1820 0 175
1528 3302 0 10
1529 3377 0 82
1530 2833 0 22
1531 607 0 14
1532 14374 0 8
1533 198 0 10
1534 1417 0 19
1535 617 0 18
1536 1319 0 40
1537 1324 0 36
1538 322 1 597
1539 1033 0 10
1540 246 1 0
1541 8907 0 16
1542 1637 0 41

10 1 1887
176
1543 7050 0 18
1544 7343 0 11
1545 758 0 8
1546 1985 0 10
1547 1177 0 13
1548 2045 0 13
1549 1064 0 73
1550 6237 0 54
1551 978 0 40
1552 989 0 39
1553 1175 0 150
1554 1008 0 18
1555 7872 0 81
1556 989 0 27
1557 5072 0 9
1558 8836 0 7
1559 1510 0 12
1560 420 0 8
1561 954 0 11
1562 5889 0 7
1563 1094 0 13
1564 2859 1 51
1565 7050 0 9
1566 966 0 435
1567 1269 0 32
1568 175 0 10
1569 577 0 23
1570 783 0 71
1571 1694 0 0
1572 1914 0 8
1573 1299 0 43
1574 528 0 8
1575 1981 0 70
1576 502 0 13
1577 442 0 10
1578 11819 0 22
1579 7556 0 44
1580 1806 0 129
1581 3475 0 30
1582 1710 0 12
1583 16396 0 11
1584 940 1 30
1585 2839 0 11
1586 812 0 107
1587 6018 0 6
1588 3304 0 39
1589 1055 0 8
1590 407 0 7
1591 692 1 421
1592 1961 0 17
1593 1196 0 30
1594 2585 0 73
1595 3321 0 141
1596 2009 0 64
1597 746 0 19
1598 1240 1 0
1599 1060 0 12
1600 2941 0 67
1601 1940 0 101
1602 1404 0 7
1603 1957 0 19
1604 3350 0 68
1605 11902 0 24
1606 7724 0 8
1607 2831 0 14
1608 2823 0 21
1609 646 0 11
1610 5006 0 9
1611 558 0 8
1612 5072 0 16
1613 7049 0 144
1614 1067 0 7
1615 5022 0 108
1616 706 0 100
1617 1407 0 61
1618 5097 0 14
1619 1186 0 6
1620 954 0 9
1621 1317 0 96
1622 1181 0 29
1623 913 0 8
1624 1188 0 28
1625 362 1 0
1626 1708 0 9
1627 710 0 10
1628 1248 0 8
1629 1972 0 44
1630 2545 0 9
1631 837 0 10
1632 1998 0 29
1633 564 0 78
1634 727 0 16
1635 859 0 25
1636 776 0 79
1637 407 0 8
1638 2261 0 12
1639 3349 0 10
1640 1338 0 9
1641 1085 0 7
1642 1409 0 93
1643 2819 0 17
1644 693 0 8
1645 525 0 31
1646 3376 0 72
1647 1886 0 10
1648 1842 0 11
1649 6259 0 11
1650 1857 0 30
1651 1183 0 8
1652 441 0 15
1653 1990 0 9
1654 1295 0 38
1655 1958 0 7
1656 12679 0 10
1657 718 0 13
1658 1103 0 7
1659 431 0 20
1660 7384 0 0
1661 941 0 69
1662 1966 0 34
1663 3244 0 14
1664 989 0 148
1665 732 0 35
1666 1332 0 18
1667 364 0 11
1668 1339 0 28
1669 926 0 77
1670 1037 0 19
1671 2486 0 32
1672 1246 0 40
1673 1516 0 37
1674 1156 0 10
1675 989 0 122
1676 3498 0 144
1677 989 0 12
1678 2592 0 8
1679 1147 0 12
1680 845 0 8
1681 419 0 16
1682 7309 0 15
1683 171 0 81
1684 1944 0 11
1685 5060 0 27
1686 5031 0 13
1687 5006 0 10
1688 13594 0 13
1689 900 0 13
1690 6200 0 11
1691 989 0 72
1692 1250 0 17
1693 1270 0 22
1694 1456 0 12
1695 864 0 10
1696 828 0 2
1697 1176 0 8
1698 1568 0 32
1699 2924 0 202
1700 2382 0 12
1701 1960 0 11
1702 554 0 12
1703 10695 0 7
1704 682 0 66
1705 1305 0 17
1706 1279 0 10
1707 1213 0 20
1708 1656 0 27
1709 733 1 146
1710 1956 0 62
1711 5039 0 9
1712 1348 0 9
1713 1513 0 14
1714 1150 0 8
1715 1977 0 9
1716 1055 0 10
1717 1574 0 52
1718 773 0 37

11 0 1890
3
1719 1658 0 172
1720 707 0 11
1721 3331 0 11

12 0 1891
1246
1722 1841 0 132
1723 994 0 34
1724 201 0 48
1725 1193 0 8
1726 7377 0 19
1727 4993 0 13
1728 790 0 13
1729 816 0 8
1730 19 0 18
1731 2301 0 111
1732 517 0 132
1733 3217 0 2
1734 11604 0 9
1735 3569 0 8
1736 1604 0 9
1737 2828 0 73
1738 866 0 165
1739 1460 0 8
1740 980 0 11
1741 1968 0 8
1742 1885 0 19
1743 350 0 27
1744 651 0 179
1745 2348 0 8
1746 171 0 10
1747 305 0 18
1748 1915 0 7
1749 1981 1 38
1750 3533 0 45
1751 1323 0 47
1752 920 0 10
1753 975 0 11
1754 4101 0 10
1755 915 0 10
1756 382 1 0
1757 447 0 15
1758 163 0 105
1759 1980 0 11
1760 691 0 8
1761 418 0 13
1762 1027 0 73
1763 1982 0 24
1764 1220 0 7
1765 2541 0 111
1766 1248 0 8
1767 5022 0 14
1768 1121 0 133
1769 1067 0 8
1770 1005 0 73
1771 694 0 34
1772 1306 0 13
1773 2805 0 6
1774 3241 0 16
1775 836 0 9
1776 3401 0 24
1777 2047 0 13
1778 1431 0 9
1779 7048 0 9
1780 6920 0 22
1781 1043 1 27
1782 1424 0 10
1783 718 0 7
1784 1518 0 9
1785 2796 0 37
1786 2347 0 12
1787 5149 0 11
1788 1131 0 332
1789 247 0 8
1790 731 0 38
1791 3169 0 54
1792 3155 0 12
1793 2353 0 32
1794 1532 0 146
1795 682 0 13
1796 229 0 250
1797 1017 1 21
1798 1156 0 7
1799 14462 0 10
1800 463 0 24
1801 1252 0 50
1802 3080 0 31
1803 598 0 38
1804 1090 0 11
1805 1288 0 8
1806 1252 0 15
1807 1405 0 40
1808 446 0 25
1809 1591 0 8
1810 3973 0 12
1811 3325 0 38
1812 506 0 191
1813 2401 0 10
1814 11975 0 14
1815 1214 0 19
1816 448 0 35
1817 1800 0 12
1818 1154 0 19
1819 3394 0 34
1820 930 0 135
1821 3625 0 20
1822 1809 0 69
1823 1052 0 39
1824 1320 0 62
1825 3212 0 9
1826 17107 0 12
1827 3355 0 10
1828 462 0 11
1829 1327 0 45
1830 195 0 11
1831 5033 1 33
1832 730 0 11
1833 1703 0 9
1834 1529 0 10
1835 3214 0 17
1836 2921 0 8
1837 709 0 11
1838 198 0 75
1839 3372 0 12
1840 609 0 30
1841 14372 1 0
1842 1007 0 11
1843 989 0 9
1844 187 0 9
1845 980 0 7
1846 224 0 167
1847 1251 0 30
1848 6364 0 12
1849 2797 0 24
1850 13006 0 13
1851 189 0 47
1852 7369 0 19
1853 16224 0 60
1854 1272 0 13
1855 1668 0 13
1856 644 0 9
1857 240 0 12
1858 1325 0 11
1859 2825 0 71
1860 290 0 10
1861 1518 0 94
1862 7404 0 8
1863 2054 0 28
1864 293 0 13
1865 2504 0 31
1866 1423 0 29
1867 884 0 7
1868 3161 0 134
1869 1978 0 8
1870 2044 0 28
1871 184 0 11
1872 1424 0 30
1873 2059 0 12
1874 878 0 30
1875 192 0 6
1876 791 0 11
1877 7259 1 0
1878 7318 0 136
1879 3563 0 27
1880 2466 0 36
1881 125 0 52
1882 8191 0 21
1883 1228 0 9
1884 339 0 72
1885 3151 0 121
1886 749 0 46
1887 1205 0 38
1888 649 0 7
1889 7051 0 40
1890 616 1 19
1891 506 0 27
1892 1724 0 9
1893 617 0 71
1894 333 0 35
1895 2393 1 0
1896 614 0 204
1897 1152 0 8
1898 1982 0 25
1899 2453 0 21
1900 181 0 22
1901 7088 0 59
1902 682 0 15
1903 12658 0 7
1904 2893 0 12
1905 686 0 75
1906 585 0 17
1907 1905 0 10
1908 319 0 13
1909 3218 0 25
1910 1280 0 14
1911 1244 0 12
1912 7884 0 10
1913 13055 0 8
1914 3269 0 10
1915 1075 0 29
1916 1450 0 145
1917 2454 0 10
1918 423 0 278
1919 1094 0 18
1920 1530 0 34
1921 8202 0 19
1922 455 0 69
1923 1812 0 8
1924 1356 0 29
1925 10012 0 19
1926 919 0 73
1927 2826 0 10
1928 1367 0 133
1929 675 0 13
1930 264 0 78
1931 8829 0 13
1932 1958 0 12
1933 3354 0 16
1934 1378 0 122
1935 488 0 11
1936 1689 0 10
1937 588 0 13
1938 1963 0 12
1939 1050 0 10
1940 833 0 206
1941 1013 0 133
1942 524 0 32
1943 2465 0 99
1944 929 0 18
1945 6854 0 14
1946 802 0 36
1947 404 0 22
1948 3208 0 33
1949 3342 0 14
1950 682 0 11
1951 1072 0 36
1952 3378 0 84
1953 1259 0 28
1954 3319 0 70
1955 992 0 10
1956 2190 0 11
1957 1173 0 9
1958 941 0 5
1959 3355 0 11
1960 1912 0 80
1961 1035 0 30
1962 555 0 51
1963 2933 0 19
1964 563 0 45
1965 1080 0 11
1966 2153 1 25
1967 1463 0 372
1968 1469 0 30
1969 377 0 24
1970 3304 0 47
1971 676 0 31
1972 5148 0 12
1973 7861 0 13
1974 1185 0 16
1975 3181 0 10
1976 7803 0 11
1977 1101 0 11
1978 227 0 29
1979 1407 0 9
1980 1325 0 23
1981 3517 0 52
1982 3634 0 128
1983 407 0 13
1984 1823 0 11
1985 1207 0 37
1986 3431 0 9
1987 2435 0 27
1988 1131 0 7
1989 1735 0 29
1990 470 0 11
1991 1242 0 13
1992 346 0 18
1993 748 0 73
1994 2533 0 8
1995 13071 1 92
1996 7263 0 30
1997 3307 0 11
1998 989 0 9
1999 1411 0 49
2000 7536 0 10
2001 1841 0 113
2002 1413 0 96
2003 2397 0 22
2004 303 0 14
2005 1538 0 108
2006 1305 0 13
2007 12491 0 8
2008 2674 0 17
2009 1484 0 90
2010 179 0 29
2011 952 0 92
2012 1040 0 10
2013 2404 0 20
2014 1299 0 7
2015 1071 0 12
2016 1974 0 92
2017 1330 0 26
2018 1987 0 40
2019 484 0 352
2020 1247 0 13
2021 607 0 37
2022 1119 1 28
2023 853 1 28
2024 12685 0 99
2025 10402 0 68
2026 3372 0 60
2027 714 0 10
2028 507 0 11
2029 836 0 9
2030 1768 1 60
2031 588 0 86
2032 3179 0 11
2033 488 0 6
2034 171 1 22
2035 965 0 13
2036 1400 0 43
2037 1952 0 96
2038 3568 0 33
2039 1976 0 7
2040 3395 0 8
2041 1527 0 9
2042 711 0 16
2043 7171 0 67
2044 1265 0 12
2045 1522 0 8
2046 2870 0 46
2047 1012 0 11
2048 1265 0 22
2049 596 0 32
2050 1414 0 7
2051 1258 0 14
2052 2006 1 30
2053 1308 0 16
2054 1138 0 196
2055 680 0 17
2056 989 0 14
2057 3204 0 11
2058 829 0 10
2059 1056 0 2
2060 1299 0 29
2061 549 0 3
2062 347 1 515
2063 474 0 102
2064 3455 0 12
2065 996 0 11
2066 6734 0 27
2067 501 0 59
2068 673 0 7
2069 2589 0 18
2070 1718 0 10
2071 1955 0 20
2072 6153 0 9
2073 1051 0 87
2074 1561 0 18
2075 1340 0 32
2076 4230 0 99
2077 1356 0 28
2078 336 0 10
2079 796 0 9
2080 3281 0 76
2081 2960 0 12
2082 1229 0 10
2083 1429 0 11
2084 2875 0 8
2085 525 0 216
2086 1158 0 20
2087 3321 0 27
2088 2109 0 81
2089 1011 0 11
2090 854 1 0
2091 1015 0 13
2092 1942 0 616
2093 1518 0 87
2094 7864 0 12
2095 1820 0 10
2096 2781 0 12
2097 955 0 27
2098 7354 0 15
2099 1415 0 12
2100 3621 0 18
2101 1949 0 7
2102 6572 0 7
2103 1476 0 67
2104 1035 0 373
2105 1307 1 0
2106 5118 0 8
2107 969 0 7
2108 1192 0 42
2109 1249 0 6
2110 1983 1 166
2111 6451 0 10
2112 1409 0 56
2113 3411 0 58
2114 2587 0 94
2115 5015 0 83
2116 801 1 400
2117 1728 0 10
2118 1929 0 186
2119 3314 0 86
2120 1026 0 7
2121 1107 0 95
2122 1115 0 8
2123 638 0 12
2124 1401 0 13
2125 3662 0 10
2126 891 0 20
2127 913 1 0
2128 849 0 298
2129 912 0 26
2130 1966 0 38
2131 239 0 10
2132 1513 0 12
2133 1395 0 134
2134 1531 0 2
2135 1538 0 7
2136 2176 0 12
2137 3287 0 20
2138 1375 0 11
2139 3260 0 9
2140 600 0 98
2141 1325 0 14
2142 3316 0 50
2143 3328 0 13
2144 1100 0 79
2145 1973 0 7
2146 1170 0 7
2147 2240 0 20
2148 2568 0 8
2149 911 0 45
2150 577 0 10
2151 1310 0 10
2152 2412 0 9
2153 1680 0 8
2154 1183 0 151
2155 167 0 14
2156 2247 0 16
2157 987 0 13
2158 532 0 12
2159 489 1 516
2160 1025 0 13
2161 824 0 12
2162 877 0 28
2163 2412 0 38
2164 527 0 41
2165 628 0 73
2166 1513 0 32
2167 18065 0 13
2168 242 0 63
2169 916 0 33
2170 925 0 12
2171 2404 0 45
2172 3249 0 70
2173 787 0 12
2174 1010 0 5
2175 932 1 0
2176 1526 0 29
2177 1949 0 303
2178 190 0 7
2179 1986 0 17
2180 1537 0 14
2181 1696 0 78
2182 2224 0 6
2183 1118 1 0
2184 7031 0 29
2185 663 0 22
2186 3540 0 37
2187 1361 0 11
2188 226 1 598
2189 1322 0 17
2190 1056 0 0
2191 1882 0 27
2192 1982 0 13
2193 1323 0 37
2194 2404 0 118
2195 1429 0 9
2196 473 0 33
2197 1213 0 13
2198 3218 0 12
2199 3372 0 10
2200 548 0 12
2201 6218 0 616
2202 992 0 7
2203 1663 0 12
2204 2937 0 141
2205 6372 0 11
2206 868 0 10
2207 1868 0 182
2208 1180 0 12
2209 203 0 109
2210 166 0 7
2211 6891 0 16
2212 2836 0 25
2213 1904 0 9
2214 1153 0 12
2215 7051 0 61
2216 911 0 139
2217 611 0 10
2218 491 0 27
2219 975 0 19
2220 253 0 131
2221 3404 0 15
2222 815 0 36
2223 3258 0 187
2224 536 0 142
2225 1425 0 15
2226 1413 0 29
2227 2074 0 9
2228 16801 0 53
2229 1202 0 74
2230 1343 0 152
2231 7178 0 35
2232 1262 0 13
2233 1364 0 11
2234 11946 0 29
2235 1214 0 296
2236 167 0 13
2237 5059 0 20
2238 442 0 27
2239 1250 0 213
2240 687 0 10
2241 996 0 44
2242 508 0 43
2243 13055 0 4
2244 1849 0 70
2245 346 0 20
2246 523 0 122
2247 197 1 0
2248 1947 0 12
2249 1347 1 0
2250 1513 0 11
2251 3175 0 42
2252 941 0 2
2253 3603 0 24
2254 1015 0 14
2255 986 0 44
2256 1199 0 9
2257 1800 0 8
2258 1390 0 94
2259 606 0 12
2260 1230 0 14
2261 251 0 10
2262 1880 0 10
2263 448 0 6
2264 8183 0 49
2265 1521 0 12
2266 706 0 51
2267 699 0 30
2268 686 0 30
2269 182 0 11
2270 1290 0 28
2271 1968 0 36
2272 7268 0 8
2273 3362 0 6
2274 718 0 8
2275 684 0 30
2276 2625 0 7
2277 254 0 21
2278 744 0 98
2279 895 0 9
2280 966 0 38
2281 484 0 7
2282 14917 0 51
2283 1695 0 9
2284 646 0 17
2285 7049 0 20
2286 2563 0 17
2287 801 0 57
2288 323 0 32
2289 3379 0 19
2290 1320 0 51
2291 3532 0 128
2292 394 0 7
2293 13007 0 37
2294 373 0 12
2295 799 0 52
2296 2325 0 10
2297 3217 0 11
2298 3240 0 136
2299 598 0 171
2300 1222 0 170
2301 1390 0 12
2302 3211 0 11
2303 1960 0 49
2304 1612 1 204
2305 9981 0 8
2306 523 0 157
2307 5045 0 13
2308 2703 0 10
2309 1318 0 7
2310 1951 0 11
2311 712 0 9
2312 5107 0 70
2313 16411 0 35
2314 1647 0 20
2315 1172 0 12
2316 2229 0 8
2317 1515 0 8
2318 12081 0 13
2319 6358 0 40
2320 7404 0 11
2321 2517 0 35
2322 3770 0 12
2323 1295 0 13
2324 423 0 82
2325 619 0 8
2326 1241 0 40
2327 1943 0 9
2328 278 0 71
2329 1614 0 14
2330 2481 0 109
2331 3519 0 9
2332 559 0 6
2333 252 0 11
2334 594 0 11
2335 3290 0 15
2336 999 0 44
2337 3184 0 10
2338 1056 0 8
2339 1790 0 7
2340 3641 0 75
2341 11945 0 7
2342 3225 0 12
2343 657 0 12
2344 9488 0 29
2345 13070 0 12
2346 9316 0 45
2347 2703 1 267
2348 564 0 12
2349 503 0 116
2350 13570 0 9
2351 1509 0 14
2352 1528 0 427
2353 944 0 11
2354 2276 0 18
2355 2176 1 596
2356 648 0 8
2357 3500 0 186
2358 795 0 13
2359 835 0 19
2360 1010 0 12
2361 599 0 6
2362 2960 0 11
2363 3191 0 38
2364 2591 1 0
2365 1195 0 70
2366 1490 1 0
2367 1339 0 7
2368 1585 0 33
2369 890 0 10
2370 12790 0 7
2371 1963 0 12
2372 1048 0 146
2373 1002 0 38
2374 1514 0 37
2375 199 0 11
2376 14920 0 19
2377 991 0 48
2378 3180 0 13
2379 3473 0 9
2380 1010 0 11
2381 17454 0 24
2382 565 0 18
2383 164 0 7
2384 2515 0 63
2385 233 0 22
2386 171 0 13
2387 2743 0 9
2388 3741 0 7
2389 1582 0 11
2390 906 0 18
2391 3145 0 149
2392 645 0 75
2393 868 0 87
2394 1970 0 7
2395 742 0 10
2396 2540 0 71
2397 2612 0 13
2398 3339 0 8
2399 2425 0 11
2400 194 0 130
2401 595 0 159
2402 1208 0 99
2403 6233 0 20
2404 3620 0 9
2405 1156 0 10
2406 1057 0 13
2407 2744 1 0
2408 248 0 10
2409 2503 0 37
2410 699 0 19
2411 3174 1 315
2412 2186 0 13
2413 1745 0 14
2414 884 0 15
2415 1122 0 26
2416 850 0 11
2417 1061 0 6
2418 2916 0 62
2419 2480 0 12
2420 1407 0 30
2421 1974 0 8
2422 975 0 8
2423 1016 0 13
2424 1417 0 10
2425 1441 0 175
2426 1939 0 103
2427 474 0 11
2428 1944 0 39
2429 2106 0 13
2430 205 0 9
2431 1299 0 21
2432 6241 0 12
2433 1309 0 97
2434 544 0 12
2435 607 0 8
2436 450 0 12
2437 570 0 46
2438 979 0 11
2439 737 0 8
2440 708 0 30
2441 248 0 10
2442 5416 0 13
2443 1194 0 11
2444 1942 0 10
2445 3379 0 8
2446 3360 0 27
2447 3349 0 8
2448 773 0 8
2449 962 0 12
2450 2888 0 12
2451 2479 0 40
2452 3378 0 69
2453 2588 0 27
2454 1943 0 8
2455 1944 0 112
2456 389 0 52
2457 668 0 68
2458 1167 0 56
2459 608 0 80
2460 3186 0 12
2461 1919 0 15
2462 675 0 154
2463 1058 1 25
2464 13918 0 61
2465 1118 0 10
2466 2805 0 8
2467 918 0 11
2468 13571 0 56
2469 2963 0 11
2470 951 0 40
2471 1873 0 6
2472 1285 0 24
2473 695 0 10
2474 3350 0 12
2475 1421 0 84
2476 1950 0 69
2477 1703 0 84
2478 837 0 11
2479 1516 0 32
2480 11365 1 31
2481 765 0 46
2482 1986 0 20
2483 1887 0 616
2484 269 0 13
2485 1904 0 11
2486 7273 0 7
2487 970 0 294
2488 945 1 28
2489 989 0 22
2490 1517 0 248
2491 2397 0 164
2492 638 0 12
2493 880 0 75
2494 1431 0 137
2495 6453 0 39
2496 600 1 203
2497 637 0 69
2498 1374 0 13
2499 944 0 7
2500 181 0 10
2501 1190 0 25
2502 206 1 0
2503 1268 0 8
2504 5137 0 12
2505 321 0 30
2506 2226 0 9
2507 8915 0 7
2508 207 0 12
2509 531 0 10
2510 922 0 18
2511 898 0 37
2512 1005 0 39
2513 1946 0 10
2514 887 0 8
2515 229 0 8
2516 1385 0 56
2517 805 0 82
2518 2600 0 276
2519 1492 0 37
2520 1206 0 11
2521 352 0 151
2522 1351 0 35
2523 1080 0 13
2524 1256 0 9
2525 2437 0 27
2526 800 0 28
2527 3221 0 24
2528 750 1 266
2529 638 0 20
2530 536 0 10
2531 2471 0 11
2532 762 0 8
2533 767 0 9
2534 1323 0 11
2535 488 0 13
2536 294 0 33
2537 2595 0 8
2538 10807 0 11
2539 687 0 9
2540 2707 0 25
2541 200 0 7
2542 1391 0 11
2543 3387 0 9
2544 610 0 9
2545 183 0 31
2546 2010 0 17
2547 2218 0 18
2548 7469 0 7
2549 181 0 18
2550 989 0 30
2551 1091 0 20
2552 408 0 13
2553 3446 0 106
2554 1943 0 9
2555 1175 0 110
2556 2796 0 12
2557 502 0 84
2558 1981 0 165
2559 5788 0 10
2560 645 0 24
2561 1214 0 15
2562 1725 0 8
2563 92 0 39
2564 3187 0 9
2565 762 0 8
2566 442 0 11
2567 869 0 9
2568 539 0 27
2569 3358 0 23
2570 1538 0 10
2571 1167 0 40
2572 989 0 13
2573 562 0 98
2574 656 0 149
2575 1855 0 19
2576 897 0 8
2577 3304 0 24
2578 344 0 20
2579 970 0 6
2580 1059 0 19
2581 633 0 8
2582 712 0 176
2583 528 0 11
2584 604 0 31
2585 2547 0 69
2586 3185 0 8
2587 886 0 10
2588 485 0 112
2589 7535 0 9
2590 2708 0 14
2591 6359 0 21
2592 1157 1 0
2593 1828 0 12
2594 1709 0 19
2595 503 0 27
2596 408 0 25
2597 2598 0 25
2598 1504 0 33
2599 293 0 62
2600 1526 0 12
2601 2792 0 7
2602 785 0 8
2603 378 0 35
2604 196 0 36
2605 335 0 144
2606 7049 0 17
2607 12562 0 10
2608 1187 0 7
2609 1792 0 20
2610 2573 0 9
2611 16233 0 27
2612 2134 0 33
2613 1978 0 126
2614 1217 0 11
2615 5129 0 13
2616 1851 0 81
2617 12605 0 46
2618 1458 0 40
2619 1056 0 58
2620 2314 0 29
2621 3160 0 11
2622 9058 0 129
2623 662 0 45
2624 2559 0 9
2625 1618 0 8
2626 794 0 27
2627 1429 0 7
2628 212 0 9
2629 7089 0 19
2630 2216 0 8
2631 1472 0 28
2632 1976 0 89
2633 1959 0 12
2634 1834 0 13
2635 12916 0 8
2636 9985 0 9
2637 7501 0 8
2638 3232 0 12
2639 5124 0 248
2640 1299 0 109
2641 2964 0 11
2642 1919 0 37
2643 2517 0 16
2644 1621 0 11
2645 842 0 10
2646 6189 1 0
2647 671 0 66
2648 1943 0 21
2649 1157 0 10
2650 6239 0 13
2651 989 1 4
2652 720 0 110
2653 800 0 2
2654 228 0 5
2655 1388 0 273
2656 1737 0 38
2657 872 0 11
2658 259 0 17
2659 991 0 9
2660 950 0 39
2661 1113 0 12
2662 184 1 537
2663 244 0 12
2664 698 0 17
2665 5973 0 11
2666 2800 0 12
2667 1947 0 70
2668 1618 0 56
2669 386 0 33
2670 5072 0 11
2671 3395 0 34
2672 2558 0 7
2673 14035 0 140
2674 2305 0 28
2675 1311 0 304
2676 1119 0 9
2677 3212 0 107
2678 1975 0 72
2679 796 0 9
2680 2945 0 9
2681 905 0 9
2682 688 0 10
2683 3376 0 9
2684 2771 0 43
2685 2612 0 9
2686 2905 0 14
2687 648 0 7
2688 1971 0 12
2689 1286 0 7
2690 430 0 23
2691 1516 0 12
2692 746 0 9
2693 293 0 8
2694 1900 0 33
2695 1753 1 11
2696 431 0 119
2697 250 0 12
2698 601 0 2
2699 752 0 8
2700 1965 0 11
2701 14524 0 8
2702 239 0 8
2703 3246 0 8
2704 1103 0 38
2705 1065 0 49
2706 5071 0 18
2707 724 0 18
2708 5029 0 39
2709 724 0 19
2710 655 0 13
2711 875 0 6
2712 1966 0 165
2713 344 0 46
2714 2859 0 57
2715 13594 0 31
2716 578 0 72
2717 309 0 218
2718 1246 0 7
2719 1263 0 9
2720 757 0 10
2721 1329 1 0
2722 1014 0 19
2723 321 0 10
2724 534 0 20
2725 631 0 11
2726 1291 0 52
2727 1964 0 11
2728 776 0 42
2729 695 0 13
2730 7547 0 11
2731 2919 0 33
2732 1211 0 28
2733 579 0 13
2734 3118 0 7
2735 2822 1 0
2736 14444 0 13
2737 718 0 23
2738 1201 0 12
2739 3312 0 142
2740 883 0 145
2741 1948 0 14
2742 1513 0 10
2743 980 0 17
2744 1429 0 6
2745 276 1 66
2746 777 0 182
2747 327 0 27
2748 1512 0 70
2749 5105 0 22
2750 2825 0 13
2751 1842 0 17
2752 2496 0 8
2753 3180 0 13
2754 2950 0 10
2755 751 0 9
2756 1298 1 124
2757 1066 0 25
2758 604 0 13
2759 1058 0 12
2760 738 0 99
2761 989 0 44
2762 1045 1 41
2763 2159 0 10
2764 1319 0 52
2765 2726 0 18
2766 1513 0 127
2767 2355 0 47
2768 16095 0 50
2769 2408 0 8
2770 5024 0 8
2771 1829 0 11
2772 1596 0 23
2773 1680 0 12
2774 1328 0 8
2775 2321 0 10
2776 670 0 121
2777 1951 0 13
2778 3607 0 12
2779 575 0 12
2780 573 0 34
2781 2917 0 9
2782 1042 0 103
2783 1716 0 14
2784 1129 0 11
2785 7173 0 66
2786 759 0 39
2787 2620 0 12
2788 7031 0 34
2789 489 0 19
2790 438 0 20
2791 710 0 6
2792 891 0 59
2793 1277 0 13
2794 1015 0 10
2795 997 0 219
2796 577 0 11
2797 423 0 11
2798 422 0 12
2799 5759 0 26
2800 1836 0 25
2801 919 0 18
2802 2074 0 207
2803 942 0 19
2804 933 0 111
2805 3751 0 11
2806 1814 0 31
2807 2695 0 212
2808 989 0 38
2809 794 0 16
2810 7651 0 48
2811 696 0 8
2812 990 0 12
2813 2223 0 17
2814 1220 1 252
2815 169 1 16
2816 1522 1 0
2817 7789 0 9
2818 800 0 9
2819 1715 0 8
2820 180 0 12
2821 1204 0 7
2822 1505 0 26
2823 3165 0 69
2824 1985 0 123
2825 731 0 10
2826 405 0 12
2827 12730 0 13
2828 1387 0 10
2829 1973 0 11
2830 4247 0 11
2831 2158 0 43
2832 17480 0 80
2833 1023 0 141
2834 6151 0 67
2835 1955 0 20
2836 306 0 30
2837 1019 0 12
2838 410 0 13
2839 5329 0 7
2840 1553 0 12
2841 1271 0 15
2842 1840 0 9
2843 3298 0 7
2844 2228 0 15
2845 562 0 14
2846 1516 0 188
2847 1982 0 93
2848 15986 0 80
2849 304 0 13
2850 740 1 515
2851 1750 0 32
2852 640 0 7
2853 2938 0 37
2854 943 0 11
2855 577 0 11
2856 171 0 7
2857 475 0 7
2858 731 0 10
2859 5064 0 29
2860 2865 0 11
2861 1978 0 36
2862 1198 0 74
2863 613 0 69
2864 387 0 19
2865 1528 0 13
2866 989 0 36
2867 257 0 444
2868 512 0 32
2869 5036 0 126
2870 944 0 18
2871 6952 0 26
2872 1970 0 16
2873 3382 0 8
2874 1103 0 39
2875 1695 0 7
2876 1308 0 10
2877 1228 0 6
2878 1030 0 19
2879 1350 0 11
2880 1252 0 13
2881 264 0 11
2882 190 0 30
2883 9200 0 32
2884 1193 0 70
2885 3180 0 29
2886 2396 0 21
2887 314 0 11
2888 1527 0 85
2889 1967 0 16
2890 6921 0 26
2891 3217 1 18
2892 2958 0 187
2893 640 0 10
2894 6176 0 18
2895 1087 0 40
2896 5128 0 10
2897 1513 0 10
2898 2500 0 187
2899 282 0 12
2900 1104 0 46
2901 1192 0 9
2902 357 0 26
2903 3765 0 68
2904 535 0 14
2905 423 0 8
2906 12142 0 11
2907 1057 0 9
2908 445 0 42
2909 596 0 182
2910 1992 0 12
2911 503 0 38
2912 3200 0 10
2913 819 0 24
2914 2782 0 18
2915 670 0 176
2916 2276 0 15
2917 1363 0 39
2918 1940 0 10
2919 1442 0 67
2920 921 0 53
2921 565 0 67
2922 7321 0 10
2923 3192 0 11
2924 657 0 8
2925 207 0 39
2926 594 0 47
2927 2458 0 18
2928 684 0 8
2929 497 0 7
2930 1423 0 19
2931 825 0 15
2932 1454 0 22
2933 1185 0 12
2934 2555 0 9
2935 1977 0 8
2936 415 0 62
2937 2189 0 7
2938 5907 0 38
2939 843 0 13
2940 890 0 148
2941 332 0 151
2942 3247 0 27
2943 1923 0 11
2944 7790 0 12
2945 6515 0 41
2946 1262 0 11
2947 1910 0 13
2948 982 0 29
2949 1391 0 51
2950 2890 0 23
2951 2690 0 10
2952 1653 1 31
2953 1669 0 22
2954 1334 0 7
2955 673 0 9
2956 12932 0 75
2957 1117 0 14
2958 1731 0 16
2959 594 0 72
2960 1568 0 9
2961 1415 0 9
2962 405 0 10
2963 1144 0 23
2964 3801 0 8
2965 2749 0 13
2966 636 0 110
2967 9303 0 16

13 1 1893
6
2968 1103 0 8
2969 5060 0 49
2970 2012 0 13
2971 1682 0 10
2972 796 0 15
2973 331 0 8

14 1 1904
167
2974 712 0 10
2975 1282 0 11
2976 882 0 98
2977 1472 0 16
2978 980 0 110
2979 910 0 9
2980 5109 0 30
2981 1359 0 35
2982 2791 0 36
2983 1518 0 13
2984 782 0 68
2985 2266 0 5
2986 1946 0 7
2987 306 0 32
2988 5138 0 13
2989 2336 0 6
2990 2432 0 8
2991 3196 0 11
2992 1210 0 12
2993 686 0 283
2994 745 0 11
2995 755 0 52
2996 403 0 13
2997 2070 0 13
2998 3215 0 11
2999 887 0 11
3000 257 0 50
3001 1523 0 11
3002 400 0 14
3003 613 1 0
3004 1538 0 104
3005 1947 0 10
3006 1197 0 148
3007 2591 0 13
3008 956 0 7
3009 1592 0 14
3010 3141 0 7
3011 614 0 51
3012 2393 0 11
3013 2922 0 77
3014 1538 0 5
3015 1513 0 18
3016 1225 0 10
3017 1253 0 8
3018 891 0 6
3019 199 0 12
3020 712 0 15
3021 989 0 13
3022 16949 0 17
3023 3316 0 13
3024 454 0 16
3025 4184 0 40
3026 245 0 11
3027 786 0 51
3028 12898 0 318
3029 1140 0 5
3030 2646 0 20
3031 415 0 13
3032 2304 0 18
3033 8829 0 38
3034 460 0 11
3035 2166 0 9
3036 989 0 6
3037 1034 0 8
3038 1060 0 7
3039 515 0 10
3040 1407 0 9
3041 1446 0 39
3042 1386 0 9
3043 640 0 10
3044 5007 0 7
3045 1295 0 104
3046 1386 0 11
3047 1183 0 66
3048 6173 0 7
3049 1342 0 9
3050 456 1 324
3051 1077 0 13
3052 175 0 41
3053 564 0 13
3054 598 0 12
3055 789 0 13
3056 3546 0 18
3057 1518 0 13
3058 283 0 63
3059 1730 0 11
3060 573 0 75
3061 1282 0 24
3062 5009 0 68
3063 922 0 20
3064 288 0 13
3065 3172 0 161
3066 27 0 12
3067 1518 0 217
3068 729 0 10
3069 1962 0 63
3070 1524 0 12
3071 1636 0 9
3072 1254 0 87
3073 657 0 13
3074 1788 0 161
3075 5951 0 70
3076 930 0 10
3077 1183 0 15
3078 11856 0 11
3079 7301 0 133
3080 1560 0 78
3081 7895 0 24
3082 1551 0 49
3083 7243 0 21
3084 6574 0 11
3085 1403 0 9
3086 1353 0 38
3087 3589 0 14
3088 1207 0 11
3089 2805 0 90
3090 3261 0 10
3091 1192 1 0
3092 3076 0 8
3093 4327 0 51
3094 1282 0 27
3095 1121 0 53
3096 2436 0 12
3097 1109 0 78
3098 3209 0 19
3099 702 1 30
3100 1155 0 7
3101 1101 0 18
3102 1085 0 51
3103 1991 0 222
3104 960 0 8
3105 3253 0 16
3106 1274 0 9
3107 1114 0 13
3108 852 0 171
3109 850 0 11
3110 6180 1 31
3111 1279 0 20
3112 2007 0 131
3113 2591 0 11
3114 1347 0 13
3115 1980 0 11
3116 614 0 43
3117 662 0 82
3118 2938 0 19
3119 4310 0 35
3120 2116 0 10
3121 4996 0 8
3122 1408 0 9
3123 3372 0 111
3124 1527 0 10
3125 1130 0 36
3126 2046 0 7
3127 315 0 7
3128 680 0 120
3129 1810 0 20
3130 761 0 113
3131 11610 0 81
3132 265 0 10
3133 1216 1 0
3134 1312 0 11
3135 586 0 14
3136 2038 0 29
3137 1173 1 141
3138 3208 0 8
3139 3249 0 50
3140 1052 0 17

15 1 1905
25
3141 12839 0 8
3142 1989 0 11
3143 2834 0 8
3144 2692 0 124
3145 1018 0 74
3146 702 0 24
3147 840 0 86
3148 823 0 6
3149 833 0 9
3150 1076 0 39
3151 2934 0 70
3152 916 0 32
3153 3097 0 11
3154 1092 0 40
3155 1264 0 7
3156 6922 0 12
3157 7814 0 11
3158 1518 0 9
3159 338 0 9
3160 502 0 127
3161 1028 0 7
3162 879 0 13
3163 7473 0 71
3164 3406 0 10
3165 181 0 15

16 1 1914
198
3166 788 0 38
3167 2981 0 12
3168 1809 0 10
3169 216 0 78
3170 5149 0 64
3171 1175 0 31
3172 707 0 11
3173 1335 0 12
3174 12619 0 8
3175 1923 0 10
3176 976 0 14
3177 188 0 13
3178 3540 0 11
3179 184 0 12
3180 738 0 87
3181 235 0 7
3182 587 0 117
3183 2564 0 28
3184 761 0 40
3185 1521 0 12
3186 1372 0 43
3187 1298 0 121
3188 1389 0 70
3189 1377 0 10
3190 7842 0 13
3191 1096 0 55
3192 1530 0 9
3193 777 0 147
3194 3721 0 67
3195 1513 0 8
3196 1049 0 244
3197 267 0 11
3198 1062 0 20
3199 8915 0 162
3200 2786 0 23
3201 2743 0 12
3202 5094 0 83
3203 13125 0 9
3204 1976 0 12
3205 1825 0 11
3206 1043 0 10
3207 1815 1 131
3208 1243 0 11
3209 5026 0 28
3210 2708 0 10
3211 1927 0 8
3212 7574 0 6
3213 1522 0 87
3214 1823 0 50
3215 1579 0 68
3216 3507 0 143
3217 981 0 46
3218 6095 0 10
3219 1949 0 29
3220 7050 0 9
3221 1732 0 8
3222 1659 0 44
3223 1513 0 29
3224 474 0 11
3225 8189 0 101
3226 1280 0 11
3227 1401 0 84
3228 1259 0 18
3229 360 0 16
3230 3168 0 94
3231 699 0 21
3232 208 0 18
3233 1529 0 126
3234 1739 0 12
3235 643 0 10
3236 584 0 30
3237 1354 0 173
3238 6121 0 7
3239 6366 0 7
3240 1351 0 11
3241 1700 0 36
3242 2110 0 105
3243 1699 0 29
3244 203 0 50
3245 904 0 36
3246 6582 0 114
3247 882 0 34
3248 1194 0 13
3249 1431 0 23
3250 1007 0 261
3251 2796 0 9
3252 940 0 8
3253 533 0 109
3254 1037 0 31
3255 177 0 11
3256 2830 0 9
3257 1217 0 35
3258 1321 0 12
3259 1006 0 75
3260 5091 0 46
3261 3331 0 8
3262 1137 0 32
3263 7304 1 61
3264 3452 0 29
3265 17398 1 0
3266 950 0 31
3267 2797 0 11
3268 1507 0 12
3269 3232 0 7
3270 533 0 11
3271 1620 0 7
3272 5025 0 19
3273 648 0 58
3274 1743 0 14
3275 781 0 9
3276 2851 0 9
3277 570 0 38
3278 989 0 13
3279 2918 0 8
3280 488 0 34
3281 7389 0 9
3282 1335 1 78
3283 1345 0 10
3284 7493 0 12
3285 989 0 8
3286 609 0 40
3287 5145 0 9
3288 1685 0 29
3289 1011 0 11
3290 5124 0 158
3291 439 0 7
3292 401 0 11
3293 778 0 12
3294 1419 0 19
3295 1274 0 9
3296 2374 0 98
3297 1413 0 169
3298 2443 0 37
3299 3576 0 19
3300 558 0 12
3301 745 0 20
3302 1515 0 11
3303 2291 0 9
3304 7031 0 20
3305 3180 0 20
3306 740 0 11
3307 944 0 9
3308 1346 0 29
3309 675 0 153
3310 807 0 63
3311 1516 0 13
3312 412 0 7
3313 3348 0 8
3314 752 0 43
3315 1516 0 12
3316 3307 0 9
3317 2331 0 12
3318 670 0 40
3319 1021 0 10
3320 1004 0 10
3321 2953 0 34
3322 2074 0 13
3323 1304 0 27
3324 7386 0 10
3325 2847 0 16
3326 703 0 32
3327 1944 0 8
3328 174 0 39
3329 1408 1 40
3330 1742 0 117
3331 1428 0 46
3332 1228 0 9
3333 989 1 27
3334 1336 0 13
3335 2897 0 10
3336 132 0 8
3337 12366 0 98
3338 5938 0 52
3339 3377 0 9
3340 1292 0 13
3341 1378 0 32
3342 1979 1 77
3343 2793 0 12
3344 2310 0 8
3345 949 0 24
3346 12367 0 154
3347 1325 0 6
3348 349 0 40
3349 2169 0 12
3350 1118 0 17
3351 174 0 26
3352 3166 0 24
3353 3269 0 13
3354 11793 0 6
3355 868 0 11
3356 1096 0 70
3357 3325 0 17
3358 833 1 3
3359 768 0 57
3360 955 0 71
3361 1126 0 8
3362 932 0 143
3363 451 0 22

17 1 1950
29
3364 5073 1 536
3365 2970 1 3
3366 1255 0 243
3367 653 0 14
3368 802 0 11
3369 5097 0 26
3370 5150 0 31
3371 2390 0 45
3372 951 0 13
3373 7051 0 9
3374 1107 0 29
3375 372 0 39
3376 1306 0 10
3377 3218 0 70
3378 2409 0 13
3379 1014 0 41
3380 1326 0 12
3381 1162 0 12
3382 1066 1 61
3383 3357 0 11
3384 423 0 68
3385 2579 0 13
3386 5077 0 94
3387 935 0 10
3388 1949 0 9
3389 667 0 11
3390 457 0 9
3391 3285 0 39
3392 1672 0 79

18 1 2298
1313
3393 17057 0 59
3394 1816 0 8
3395 528 0 41
3396 6751 0 10
3397 1943 0 11
3398 508 0 18
3399 1957 0 39
3400 1671 0 7
3401 196 0 11
3402 441 0 11
3403 1016 0 11
3404 1600 0 16
3405 7033 0 7
3406 4074 0 35
3407 5006 0 21
3408 1170 0 9
3409 7674 0 44
3410 892 0 8
3411 6194 0 13
3412 1315 1 597
3413 3339 0 8
3414 2486 0 12
3415 640 0 37
3416 1975 0 7
3417 1529 0 52
3418 1501 0 8
3419 1367 0 10
3420 577 0 8
3421 3157 0 9
3422 2936 0 9
3423 1147 0 11
3424 1421 0 9
3425 1135 0 18
3426 1962 0 19
3427 466 0 133
3428 471 0 191
3429 431 0 35
3430 2840 1 29
3431 2845 0 11
3432 5124 0 189
3433 992 0 14
3434 2754 0 91
3435 2393 0 3
3436 603 0 9
3437 3409 0 156
3438 899 0 123
3439 2215 0 11
3440 2095 0 32
3441 1279 0 11
3442 0 0 42
3443 2934 0 57
3444 1318 0 13
3445 1620 0 12
3446 672 0 17
3447 725 0 27
3448 183 0 73
3449 3599 0 13
3450 2463 0 10
3451 2779 0 55
3452 12393 0 10
3453 1331 0 44
3454 684 0 44
3455 442 0 41
3456 1119 0 18
3457 3156 0 14
3458 185 0 8
3459 1033 0 70
3460 187 0 15
3461 7861 0 15
3462 6502 0 2
3463 2095 0 14
3464 569 0 12
3465 334 0 171
3466 752 0 23
3467 14110 0 60
3468 1283 0 14
3469 5114 0 12
3470 6885 0 20
3471 2678 0 9
3472 910 0 13
3473 1719 0 7
3474 783 0 39
3475 1294 0 9
3476 3354 0 9
3477 890 0 11
3478 5796 0 22
3479 2587 0 11
3480 3264 0 16
3481 1414 0 17
3482 3375 0 15
3483 5022 0 10
3484 9313 0 11
3485 434 0 9
3486 1528 0 41
3487 637 0 9
3488 867 0 23
3489 679 0 12
3490 248 0 10
3491 955 0 13
3492 1236 0 38
3493 1920 0 193
3494 4993 0 54
3495 14373 0 78
3496 898 0 11
3497 1057 0 13
3498 519 0 9
3499 171 0 7
3500 989 0 17
3501 1192 0 11
3502 3439 0 260
3503 1253 0 11
3504 3333 0 74
3505 175 0 13
3506 3036 0 26
3507 1513 0 130
3508 1400 0 15
3509 1143 0 9
3510 2498 0 20
3511 3197 0 11
3512 1256 0 17
3513 7389 0 19
3514 297 0 30
3515 617 0 92
3516 490 0 99
3517 464 0 9
3518 1079 1 0
3519 870 0 16
3520 763 0 13
3521 1549 0 19
3522 1321 0 49
3523 2474 0 10
3524 3363 0 37
3525 616 0 70
3526 1970 0 13
3527 2798 0 10
3528 340 0 15
3529 251 0 19
3530 7049 0 12
3531 660 0 37
3532 931 0 10
3533 682 0 104
3534 2212 1 0
3535 655 0 9
3536 2638 0 8
3537 5859 0 5
3538 505 0 7
3539 1001 0 36
3540 2333 0 13
3541 7829 0 129
3542 3691 0 11
3543 989 0 27
3544 738 0 36
3545 6176 0 21
3546 6540 0 18
3547 989 0 39
3548 1476 0 11
3549 1219 0 11
3550 1016 0 29
3551 7498 0 13
3552 1083 0 46
3553 932 0 11
3554 2446 0 8
3555 1393 0 28
3556 1983 0 39
3557 13568 0 16
3558 638 0 16
3559 345 0 35
3560 1616 0 8
3561 1505 0 68
3562 147 0 8
3563 551 0 9
3564 363 0 13
3565 488 0 12
3566 422 0 19
3567 3090 0 8
3568 1731 0 21
3569 2195 0 7
3570 628 0 8
3571 711 0 18
3572 926 0 91
3573 306 0 98
3574 1306 0 11
3575 490 0 9
3576 145 0 10
3577 692 0 9
3578 808 0 10
3579 868 0 17
3580 342 0 73
3581 7701 0 19
3582 1387 0 35
3583 3226 0 20
3584 989 0 11
3585 595 0 10
3586 857 0 9
3587 3362 0 14
3588 1234 0 11
3589 733 0 9
3590 3520 0 10
3591 448 0 10
3592 11793 0 40
3593 721 0 7
3594 3170 0 16
3595 5038 0 10
3596 364 0 9
3597 3391 0 10
3598 546 0 44
3599 706 0 212
3600 1311 0 12
3601 2000 0 13
3602 505 0 25
3603 812 0 55
3604 1298 0 9
3605 961 0 7
3606 5005 0 40
3607 12369 0 12
3608 1942 1 7
3609 3278 0 36
3610 1431 0 69
3611 1529 0 16
3612 1391 1 7
3613 2426 1 27
3614 1314 0 8
3615 3525 1 16
3616 3529 0 13
3617 1791 0 12
3618 2537 0 8
3619 2742 0 99
3620 1976 0 17
3621 799 0 13
3622 7045 0 14
3623 1319 0 39
3624 445 0 9
3625 1895 0 9
3626 1837 0 12
3627 6092 0 11
3628 868 0 111
3629 5506 0 10
3630 3368 0 0
3631 593 0 13
3632 12245 0 32
3633 1982 0 7
3634 1068 1 0
3635 6729 0 26
3636 171 0 21
3637 2043 0 42
3638 507 0 9
3639 12827 0 10
3640 936 0 63
3641 1840 1 16
3642 7185 0 9
3643 1983 0 12
3644 296 0 24
3645 1119 0 87
3646 595 0 7
3647 1557 0 36
3648 1406 0 11
3649 5095 0 8
3650 873 0 11
3651 3354 0 11
3652 7334 0 162
3653 366 0 11
3654 1642 0 12
3655 2259 0 13
3656 3728 1 597
3657 290 0 17
3658 2606 0 39
3659 1252 0 30
3660 1628 0 12
3661 989 0 172
3662 12414 0 10
3663 1533 0 28
3664 2986 0 16
3665 524 0 33
3666 1408 0 25
3667 3201 0 40
3668 903 0 13
3669 989 0 19
3670 2799 0 21
3671 1526 1 0
3672 3782 0 29
3673 181 0 36
3674 684 0 11
3675 309 0 29
3676 3362 0 103
3677 2849 0 387
3678 2713 0 9
3679 879 0 12
3680 478 0 14
3681 1515 0 93
3682 1897 0 17
3683 3098 0 9
3684 2198 0 17
3685 876 0 13
3686 424 0 27
3687 1963 1 180
3688 1703 0 25
3689 5019 0 17
3690 1189 0 6
3691 7170 0 22
3692 2818 1 91
3693 688 0 15
3694 725 0 12
3695 455 0 9
3696 913 0 18
3697 1983 0 9
3698 702 0 252
3699 1672 0 9
3700 485 0 69
3701 904 0 12
3702 968 0 42
3703 1003 0 15
3704 1522 0 40
3705 1914 0 7
3706 1535 0 8
3707 2250 0 8
3708 437 0 42
3709 537 0 12
3710 2458 0 12
3711 1062 0 54
3712 13918 0 36
3713 1140 0 12
3714 3187 0 10
3715 3278 0 7
3716 448 0 10
3717 6951 0 5
3718 1356 0 254
3719 6952 0 9
3720 5145 0 53
3721 3373 0 309
3722 3299 0 11
3723 2792 0 10
3724 482 0 42
3725 424 0 84
3726 1233 0 8
3727 7861 0 13
3728 2640 0 42
3729 1228 0 8
3730 1316 0 11
3731 6545 0 8
3732 406 0 134
3733 1529 0 2
3734 1033 0 33
3735 2336 0 21
3736 943 0 68
3737 2732 0 10
3738 989 0 24
3739 733 0 67
3740 1307 0 17
3741 617 0 10
3742 5048 0 18
3743 364 0 70
3744 13084 0 7
3745 7509 0 35
3746 1432 0 74
3747 906 0 97
3748 898 0 15
3749 7048 0 19
3750 855 1 0
3751 805 0 8
3752 1314 0 38
3753 2430 1 16
3754 258 0 31
3755 1186 1 0
3756 1704 0 13
3757 1057 0 63
3758 683 0 15
3759 2610 0 29
3760 1157 0 40
3761 556 0 15
3762 1943 0 76
3763 3494 0 9
3764 998 0 68
3765 3740 0 67
3766 1139 0 13
3767 2742 0 36
3768 538 0 34
3769 5113 0 11
3770 1515 0 7
3771 1292 0 25
3772 2229 0 184
3773 621 0 13
3774 1961 0 26
3775 3217 0 12
3776 442 0 147
3777 1504 0 5
3778 1513 0 30
3779 862 0 100
3780 5900 0 10
3781 850 0 11
3782 3188 0 32
3783 3296 0 11
3784 1437 0 12
3785 1965 0 39
3786 3738 0 12
3787 592 0 18
3788 206 0 12
3789 824 0 43
3790 3196 0 65
3791 1203 0 11
3792 383 0 11
3793 1052 0 14
3794 1139 0 24
3795 727 0 129
3796 2902 0 10
3797 315 0 54
3798 659 0 10
3799 1126 0 74
3800 564 0 12
3801 863 0 8
3802 1209 0 21
3803 1353 0 41
3804 673 0 7
3805 17109 0 29
3806 796 0 14
3807 2065 0 12
3808 1286 0 16
3809 2528 0 21
3810 470 0 18
3811 2516 0 9
3812 869 0 108
3813 400 0 11
3814 989 1 0
3815 697 0 7
3816 2937 0 7
3817 7392 0 16
3818 5091 0 27
3819 1943 0 10
3820 5065 0 56
3821 275 0 41
3822 3348 0 11
3823 727 0 14
3824 631 0 15
3825 1422 0 107
3826 1334 0 30
3827 2839 0 13
3828 6526 0 9
3829 765 0 72
3830 3173 0 14
3831 2015 0 23
3832 1729 0 30
3833 5074 0 14
3834 1651 0 222
3835 3625 0 7
3836 1733 0 9
3837 264 0 89
3838 521 0 11
3839 2852 0 10
3840 2942 0 66
3841 529 0 37
3842 8887 0 40
3843 1841 0 57
3844 876 0 6
3845 2146 0 14
3846 1948 0 57
3847 1103 0 19
3848 332 0 9
3849 674 0 11
3850 871 0 40
3851 597 0 13
3852 1952 0 17
3853 709 0 9
3854 746 0 22
3855 3272 0 83
3856 721 1 28
3857 235 0 60
3858 1368 0 11
3859 247 0 43
3860 1872 0 11
3861 1538 0 31
3862 1211 0 8
3863 2648 0 13
3864 670 0 12
3865 3077 0 8
3866 6120 0 31
3867 464 0 8
3868 904 0 11
3869 917 0 2
3870 2439 0 6
3871 769 0 132
3872 2078 0 74
3873 2467 0 13
3874 2555 0 27
3875 1582 0 37
3876 12462 0 6
3877 1795 0 237
3878 11604 0 16
3879 825 0 7
3880 1984 0 16
3881 15 1 47
3882 5026 0 22
3883 2867 0 13
3884 5155 0 19
3885 1965 0 11
3886 1375 0 8
3887 21 0 70
3888 858 0 24
3889 264 0 29
3890 1384 0 100
3891 938 0 9
3892 938 0 73
3893 989 0 10
3894 359 0 9
3895 1345 0 13
3896 1210 0 12
3897 3562 0 72
3898 3239 0 32
3899 952 0 11
3900 1717 0 10
3901 1963 0 98
3902 1537 0 9
3903 2764 0 20
3904 1933 0 11
3905 2582 0 13
3906 8371 0 17
3907 536 0 12
3908 12203 0 12
3909 1933 0 12
3910 1946 0 17
3911 862 0 139
3912 6215 0 23
3913 857 0 18
3914 2835 0 6
3915 5907 0 19
3916 295 0 25
3917 1870 0 10
3918 8104 0 15
3919 309 0 15
3920 3212 0 136
3921 1620 0 20
3922 8950 0 18
3923 1910 0 7
3924 6846 0 20
3925 1241 0 11
3926 222 0 37
3927 2313 0 92
3928 1278 0 30
3929 1871 0 8
3930 449 0 10
3931 7920 0 10
3932 3189 0 68
3933 3143 0 18
3934 864 0 30
3935 733 0 11
3936 700 0 12
3937 2259 0 52
3938 2245 0 76
3939 2886 0 9
3940 1926 0 190
3941 1513 0 19
3942 363 0 8
3943 697 0 36
3944 2300 0 10
3945 1716 0 868
3946 452 0 71
3947 1549 0 14
3948 2796 0 11
3949 1967 0 27
3950 332 0 11
3951 1511 0 11
3952 9989 0 8
3953 429 0 10
3954 735 1 0
3955 802 0 7
3956 1518 0 7
3957 2925 1 7
3958 940 0 7
3959 7407 0 161
3960 191 0 97
3961 14375 0 11
3962 2870 0 12
3963 1092 0 92
3964 1504 0 7
3965 985 0 133
3966 1679 0 11
3967 1184 0 10
3968 1919 0 44
3969 5010 0 10
3970 8178 0 35
3971 9986 0 42
3972 2587 0 9
3973 452 0 14
3974 1952 0 11
3975 3681 0 13
3976 1108 0 19
3977 509 1 0
3978 545 0 53
3979 6711 0 9
3980 3242 0 32
3981 952 0 8
3982 1715 1 15
3983 9979 0 74
3984 2915 0 14
3985 1137 0 13
3986 3351 0 210
3987 2230 0 11
3988 1349 0 32
3989 436 0 11
3990 289 0 9
3991 1224 0 7
3992 200 0 32
3993 2869 0 65
3994 3057 0 12
3995 458 0 10
3996 7738 0 11
3997 1954 0 11
3998 1045 0 25
3999 1912 0 104
4000 2468 0 34
4001 489 0 12
4002 167 0 20
4003 1266 0 9
4004 872 0 91
4005 1529 0 16
4006 1537 0 32
4007 1251 0 8
4008 732 0 8
4009 1420 0 8
4010 1379 0 9
4011 543 0 10
4012 989 0 12
4013 5135 0 13
4014 2735 0 13
4015 6819 0 8
4016 1449 0 28
4017 1528 0 8
4018 841 0 18
4019 1276 1 29
4020 1149 1 0
4021 1566 0 37
4022 1357 0 25
4023 265 0 142
4024 1474 0 8
4025 2626 0 8
4026 689 0 10
4027 968 0 42
4028 1968 0 77
4029 738 0 7
4030 1325 0 12
4031 564 0 169
4032 5116 0 8
4033 5091 0 26
4034 3208 0 70
4035 1073 0 11
4036 7468 0 8
4037 1718 0 14
4038 3451 0 9
4039 3154 0 9
4040 1037 0 112
4041 2491 0 39
4042 1226 0 18
4043 1145 0 19
4044 730 0 66
4045 206 0 22
4046 1330 0 38
4047 1084 0 11
4048 1672 0 10
4049 442 0 22
4050 962 0 67
4051 5740 0 169
4052 27 0 9
4053 327 0 8
4054 5976 0 14
4055 1511 0 10
4056 907 0 19
4057 1163 0 279
4058 1106 0 11
4059 12821 1 293
4060 3203 0 15
4061 2371 0 9
4062 1648 0 39
4063 1992 0 157
4064 3284 0 45
4065 3799 0 7
4066 1337 0 8
4067 844 0 38
4068 746 0 24
4069 1950 0 25
4070 1219 0 11
4071 807 0 7
4072 1399 0 13
4073 1366 0 7
4074 1953 0 105
4075 527 0 11
4076 5071 0 39
4077 603 0 42
4078 1524 0 208
4079 1975 0 30
4080 6927 0 11
4081 1092 0 16
4082 1517 0 50
4083 1860 0 27
4084 1961 0 47
4085 1426 0 26
4086 521 0 78
4087 1222 0 14
4088 568 0 52
4089 5100 0 13
4090 720 1 76
4091 3378 0 9
4092 3352 0 51
4093 636 0 201
4094 1417 0 10
4095 279 0 104
4096 3595 0 36
4097 288 0 12
4098 1060 0 11
4099 2121 0 35
4100 371 0 14
4101 1504 0 38
4102 537 0 60
4103 1944 0 25
4104 969 0 25
4105 914 0 42
4106 3314 0 7
4107 316 1 30
4108 13598 0 149
4109 1760 1 101
4110 3290 0 7
4111 171 0 11
4112 1338 0 9
4113 401 0 28
4114 1423 0 81
4115 989 0 27
4116 1955 0 23
4117 5079 0 13
4118 1242 0 11
4119 1710 0 14
4120 795 0 147
4121 5098 0 11
4122 5089 0 50
4123 1327 0 17
4124 330 0 6
4125 664 0 10
4126 725 0 41
4127 1089 0 39
4128 2011 0 93
4129 827 0 13
4130 363 0 89
4131 648 0 7
4132 1422 0 28
4133 875 0 72
4134 1326 0 11
4135 1196 0 39
4136 1143 0 231
4137 757 0 7
4138 925 0 13
4139 1405 0 26
4140 3196 0 10
4141 1429 0 9
4142 2795 0 11
4143 2431 1 23
4144 733 0 175
4145 560 0 83
4146 2876 0 12
4147 499 0 7
4148 8130 0 12
4149 9317 0 99
4150 7558 1 20
4151 1945 0 9
4152 873 0 16
4153 1524 0 68
4154 1235 0 33
4155 1346 0 79
4156 1328 1 60
4157 1361 0 70
4158 464 0 142
4159 361 0 11
4160 1360 0 39
4161 2089 0 10
4162 4994 0 9
4163 1504 0 30
4164 2567 0 9
4165 1419 0 38
4166 7369 0 12
4167 1021 0 32
4168 405 0 104
4169 1085 0 7
4170 430 0 19
4171 677 0 12
4172 1288 0 11
4173 5047 0 9
4174 994 0 10
4175 167 0 98
4176 7772 0 11
4177 2942 0 7
4178 937 0 11
4179 300 0 14
4180 3227 0 7
4181 1351 0 11
4182 1921 0 41
4183 1642 0 8
4184 1426 0 12
4185 2452 0 11
4186 662 0 153
4187 1969 0 63
4188 1180 0 14
4189 899 0 33
4190 1867 0 10
4191 5315 1 604
4192 814 0 8
4193 3309 0 15
4194 227 0 27
4195 943 0 37
4196 1286 0 9
4197 2237 0 11
4198 3102 0 16
4199 3306 0 9
4200 770 0 8
4201 642 0 12
4202 3291 0 20
4203 864 0 37
4204 2931 0 12
4205 1057 0 14
4206 449 0 29
4207 1063 0 8
4208 239 0 8
4209 1437 0 11
4210 793 0 23
4211 2837 1 27
4212 3045 0 35
4213 452 0 45
4214 2874 0 16
4215 520 0 11
4216 1426 0 51
4217 2193 0 41
4218 1420 0 170
4219 8841 0 8
4220 3379 0 15
4221 2532 0 33
4222 3223 0 10
4223 1517 0 11
4224 1204 0 7
4225 1874 0 11
4226 1516 0 53
4227 5151 0 19
4228 864 0 153
4229 1603 0 67
4230 8018 0 11
4231 1961 0 129
4232 850 0 12
4233 2787 0 8
4234 1581 0 211
4235 6372 0 61
4236 589 0 9
4237 378 0 20
4238 3342 0 69
4239 780 0 36
4240 12509 0 38
4241 1845 0 9
4242 1961 1 61
4243 607 0 32
4244 518 0 40
4245 1956 0 11
4246 2505 0 22
4247 1007 0 9
4248 762 0 13
4249 183 0 40
4250 585 0 25
4251 1150 0 6
4252 1193 0 67
4253 1571 1 452
4254 5140 0 14
4255 766 0 26
4256 1970 0 7
4257 7644 0 37
4258 989 0 18
4259 1014 0 17
4260 1695 0 27
4261 2925 0 22
4262 3254 0 12
4263 6801 0 6
4264 13592 0 11
4265 1537 0 12
4266 541 0 9
4267 4300 0 8
4268 2541 0 143
4269 1502 0 28
4270 246 0 12
4271 8023 1 19
4272 501 0 11
4273 1705 0 11
4274 1194 0 217
4275 1527 0 9
4276 1962 0 10
4277 829 0 12
4278 2679 0 70
4279 1551 0 13
4280 582 0 13
4281 538 0 22
4282 1237 0 80
4283 1398 0 8
4284 202 0 11
4285 5054 0 13
4286 2828 0 38
4287 1287 0 17
4288 7390 0 7
4289 541 0 41
4290 1935 0 39
4291 405 0 28
4292 1108 0 103
4293 2519 0 11
4294 1955 0 7
4295 1191 0 11
4296 483 1 118
4297 384 0 62
4298 961 0 10
4299 3159 0 9
4300 2181 0 12
4301 2092 0 5
4302 8829 0 39
4303 8839 1 396
4304 983 0 75
4305 3116 0 51
4306 1293 0 28
4307 1356 1 567
4308 347 0 13
4309 1291 0 15
4310 630 0 9
4311 351 0 10
4312 6144 0 153
4313 7340 0 139
4314 1887 0 41
4315 442 0 21
4316 1482 0 131
4317 943 1 92
4318 1411 0 30
4319 3529 0 142
4320 623 0 10
4321 941 0 16
4322 1568 0 14
4323 1973 0 8
4324 923 0 13
4325 1284 0 11
4326 5153 0 60
4327 1811 0 24
4328 671 0 93
4329 1504 0 11
4330 2814 0 110
4331 3334 0 16
4332 1212 0 10
4333 2478 0 8
4334 3194 0 23
4335 3188 1 400
4336 767 0 10
4337 12583 0 22
4338 1204 0 20
4339 5138 0 68
4340 338 0 119
4341 523 0 40
4342 6529 0 54
4343 887 0 105
4344 560 0 73
4345 138 0 10
4346 532 0 10
4347 7051 0 8
4348 686 0 80
4349 323 0 16
4350 235 0 35
4351 1513 0 60
4352 1377 1 48
4353 2468 0 37
4354 1937 0 85
4355 21 0 13
4356 5094 0 8
4357 2600 0 216
4358 2406 0 17
4359 1375 0 22
4360 2610 1 0
4361 11930 0 12
4362 865 0 132
4363 2002 0 11
4364 374 0 17
4365 978 1 0
4366 504 0 36
4367 7049 0 18
4368 1070 0 13
4369 1625 0 44
4370 7048 0 75
4371 702 0 10
4372 1117 0 110
4373 2396 0 68
4374 259 0 173
4375 795 0 70
4376 1765 0 14
4377 887 0 10
4378 7979 0 13
4379 577 0 137
4380 2067 0 10
4381 3270 0 39
4382 1082 0 11
4383 1224 0 7
4384 3437 0 29
4385 2934 0 11
4386 507 0 71
4387 374 1 0
4388 5032 0 7
4389 401 0 14
4390 575 0 8
4391 2570 0 318
4392 1260 0 40
4393 545 0 37
4394 7532 0 73
4395 1522 0 79
4396 6364 0 66
4397 3234 0 5
4398 575 0 14
4399 989 0 11
4400 3144 0 9
4401 1513 0 78
4402 2381 0 12
4403 1943 0 69
4404 613 0 8
4405 1338 0 166
4406 663 0 15
4407 1293 0 12
4408 597 0 39
4409 187 0 78
4410 441 0 11
4411 2574 0 23
4412 3223 1 28
4413 6765 0 92
4414 507 0 12
4415 1073 0 29
4416 1059 0 23
4417 286 0 13
4418 1045 0 7
4419 2913 0 11
4420 197 0 252
4421 740 0 78
4422 7812 0 9
4423 759 0 17
4424 94 0 93
4425 12390 0 11
4426 2220 1 517
4427 1683 0 28
4428 3231 0 70
4429 826 0 617
4430 989 0 7
4431 934 0 8
4432 893 0 21
4433 3333 0 16
4434 500 0 29
4435 551 0 7
4436 1275 0 8
4437 2810 0 18
4438 493 0 6
4439 1042 0 11
4440 1425 0 73
4441 1356 1 0
4442 717 0 7
4443 6364 0 77
4444 3378 0 37
4445 738 0 141
4446 2748 0 93
4447 3202 0 132
4448 2928 0 13
4449 958 0 24
4450 442 0 77
4451 989 0 13
4452 1826 0 87
4453 14450 0 8
4454 1377 0 9
4455 1256 0 8
4456 2256 0 43
4457 5044 0 7
4458 650 0 37
4459 622 0 10
4460 895 0 12
4461 480 0 12
4462 1465 0 290
4463 3172 0 133
4464 2296 0 12
4465 2108 0 75
4466 360 1 0
4467 1088 0 130
4468 1976 0 12
4469 2783 0 11
4470 967 0 38
4471 1045 0 13
4472 1353 0 10
4473 7407 0 9
4474 2238 0 8
4475 441 0 10
4476 1226 0 16
4477 660 0 63
4478 1061 0 29
4479 3359 0 13
4480 2889 0 41
4481 9706 0 11
4482 911 1 598
4483 417 0 8
4484 597 0 63
4485 435 0 15
4486 1311 0 11
4487 416 0 13
4488 1943 0 8
4489 3346 0 167
4490 1262 0 9
4491 3358 0 13
4492 1726 0 16
4493 2232 0 11
4494 1211 0 9
4495 1983 0 11
4496 860 0 9
4497 2184 0 8
4498 1511 0 11
4499 3603 0 10
4500 3242 0 23
4501 1150 0 15
4502 6729 0 13
4503 785 0 10
4504 989 0 130
4505 668 0 30
4506 5086 0 8
4507 1008 1 515
4508 980 0 10
4509 7877 0 30
4510 869 0 8
4511 1959 0 8
4512 551 0 39
4513 1806 0 78
4514 1720 0 29
4515 963 0 12
4516 110 0 88
4517 2799 0 31
4518 2045 0 143
4519 2871 0 20
4520 1256 0 11
4521 203 0 25
4522 911 0 41
4523 1651 0 13
4524 1756 0 40
4525 1567 0 10
4526 3258 0 8
4527 2865 0 12
4528 2526 0 14
4529 920 0 33
4530 20 0 13
4531 1608 0 20
4532 333 0 48
4533 1640 0 95
4534 368 0 11
4535 914 0 14
4536 257 0 16
4537 766 0 10
4538 365 0 13
4539 1986 0 142
4540 3376 0 12
4541 964 0 10
4542 3352 0 8
4543 1956 0 14
4544 666 0 9
4545 1967 0 105
4546 2873 0 69
4547 1194 0 37
4548 618 0 36
4549 1374 0 11
4550 5869 0 12
4551 1511 0 13
4552 546 0 59
4553 471 0 71
4554 1511 0 39
4555 1486 0 9
4556 1935 0 64
4557 3711 0 13
4558 5070 1 81
4559 1694 0 11
4560 2793 0 8
4561 387 0 11
4562 2131 0 27
4563 2882 0 10
4564 1451 0 7
4565 1403 0 13
4566 1938 0 12
4567 1143 0 8
4568 2542 0 11
4569 7263 0 31
4570 1371 0 11
4571 1024 0 16
4572 3234 0 20
4573 1294 0 12
4574 6898 0 10
4575 7048 0 14
4576 258 0 162
4577 638 0 9
4578 1939 0 8
4579 533 0 7
4580 5088 0 13
4581 1137 0 15
4582 3146 0 8
4583 5093 0 23
4584 330 0 27
4585 2236 0 48
4586 1510 0 26
4587 5015 0 8
4588 6447 0 44
4589 13918 0 13
4590 911 0 10
4591 2281 0 7
4592 1392 0 12
4593 7051 0 11
4594 2830 0 57
4595 276 0 7
4596 3207 0 7
4597 1308 0 69
4598 5127 1 62
4599 1844 0 143
4600 579 0 12
4601 989 0 11
4602 392 0 43
4603 1149 0 12
4604 2787 0 14
4605 6455 0 7
4606 825 1 27
4607 1423 0 13
4608 1513 0 9
4609 1982 0 13
4610 1523 0 14
4611 1099 0 16
4612 478 0 10
4613 1992 0 7
4614 115 0 20
4615 926 0 22
4616 1428 1 6
4617 699 1 346
4618 1310 0 13
4619 1053 0 38
4620 619 0 54
4621 1522 1 0
4622 663 0 118
4623 831 0 22
4624 5963 0 11
4625 1338 0 96
4626 5078 0 42
4627 8 0 14
4628 246 0 157
4629 1402 0 13
4630 15769 0 11
4631 242 0 13
4632 711 0 9
4633 609 0 17
4634 3345 0 21
4635 3280 0 13
4636 313 1 477
4637 732 0 110
4638 854 0 10
4639 1359 0 19
4640 1204 0 8
4641 1509 0 9
4642 716 0 8
4643 669 0 82
4644 3067 0 47
4645 2366 0 9
4646 1194 0 6
4647 200 0 10
4648 1915 0 16
4649 1436 0 78
4650 1654 0 98
4651 1949 0 15
4652 1536 0 31
4653 6137 0 28
4654 3253 0 10
4655 1616 0 295
4656 836 0 8
4657 440 0 86
4658 1248 0 9
4659 1195 0 18
4660 1716 0 91
4661 607 0 9
4662 365 0 48
4663 382 0 75
4664 524 0 11
4665 894 0 11
4666 1304 0 214
4667 2958 0 11
4668 1260 0 10
4669 805 0 50
4670 12375 0 27
4671 1426 0 16
4672 734 0 11
4673 442 0 10
4674 430 0 85
4675 1478 0 56
4676 531 0 151
4677 2250 0 13
4678 616 1 18
4679 572 0 15
4680 1206 0 10
4681 778 0 75
4682 7509 0 30
4683 8886 0 191
4684 905 0 20
4685 644 0 13
4686 410 0 58
4687 7270 0 12
4688 2314 0 145
4689 843 0 114
4690 831 0 19
4691 2757 0 17
4692 1983 0 7
4693 2304 0 9
4694 919 0 8
4695 954 0 13
4696 3186 0 18
4697 472 1 219
4698 1246 0 63
4699 11091 0 8
4700 1201 0 69
4701 989 0 66
4702 2204 0 16
4703 1324 0 7
4704 982 0 45
4705 3313 0 10

19 0 2313
8
4706 7853 0 23
4707 1669 0 75
4708 936 0 11
4709 1959 0 11
4710 1970 0 10
4711 837 0 16
4712 829 0 41
4713 1684 0 12

20 1 2469
1
4714 1954 0 34

21 0 2510
20
4715 10679 0 7
4716 3015 0 19
4717 1972 0 11
4718 786 0 9
4719 695 0 15
4720 3608 0 97
4721 6188 0 12
4722 459 0 11
4723 1312 0 9
4724 479 0 7
4725 998 0 11
4726 783 0 11
4727 3370 0 11
4728 1336 0 160
4729 943 0 11
4730 3373 0 12
4731 3268 0 52
4732 1333 0 12
4733 1963 0 24
4734 1244 0 7

22 1 2583
4
4735 1423 0 10
4736 10010 0 10
4737 1399 0 15
4738 989 0 10

23 1 2592
54
4739 3313 0 9
4740 1174 0 143
4741 898 0 13
4742 884 0 11
4743 1098 0 30
4744 1416 0 9
4745 633 0 10
4746 1267 0 32
4747 1095 0 8
4748 6952 0 143
4749 7937 0 7
4750 1335 0 167
4751 2515 0 131
4752 1425 0 15
4753 1089 0 14
4754 670 0 8
4755 7327 0 53
4756 7384 0 13
4757 513 0 10
4758 261 0 13
4759 1659 0 13
4760 6799 0 19
4761 1099 0 10
4762 1532 0 7
4763 8498 0 41
4764 1536 1 30
4765 568 0 12
4766 1193 0 131
4767 1407 0 13
4768 200 0 11
4769 421 0 69
4770 1399 0 12
4771 2014 0 18
4772 1110 0 10
4773 545 0 179
4774 5774 0 84
4775 2810 0 65
4776 2830 0 7
4777 1029 0 15
4778 1134 0 30
4779 1199 0 266
4780 1105 0 12
4781 3148 0 131
4782 416 1 0
4783 2835 0 13
4784 2490 0 8
4785 756 0 175
4786 1559 0 40
4787 185 0 13
4788 2913 0 15
4789 717 0 22
4790 1216 0 64
4791 2000 0 14
4792 247 1 597

24 1 2595
190
4793 3011 0 52
4794 2551 1 201
4795 1739 0 12
4796 1536 0 225
4797 1067 0 11
4798 1079 0 13
4799 1520 0 7
4800 6781 0 9
4801 2763 0 8
4802 4999 0 12
4803 6106 0 12
4804 1195 0 51
4805 838 0 17
4806 1419 0 48
4807 3225 0 11
4808 815 0 38
4809 1965 0 9
4810 1364 0 18
4811 12442 0 48
4812 2950 0 7
4813 16143 0 19
4814 1412 0 27
4815 167 0 71
4816 3631 0 19
4817 469 0 13
4818 1273 0 32
4819 408 0 77
4820 1941 0 30
4821 621 0 59
4822 654 0 11
4823 107 0 15
4824 3375 0 41
4825 1032 1 0
4826 1267 0 11
4827 3216 0 8
4828 179 0 10
4829 587 0 13
4830 468 0 9
4831 660 0 75
4832 664 0 10
4833 1582 0 9
4834 907 0 110
4835 1513 0 41
4836 2952 0 42
4837 941 0 36
4838 1974 0 11
4839 2841 0 92
4840 2555 0 38
4841 3395 0 42
4842 671 0 7
4843 1399 0 9
4844 1360 0 8
4845 7406 0 15
4846 1504 0 16
4847 198 0 23
4848 1526 0 142
4849 469 0 9
4850 1414 0 11
4851 6454 0 40
4852 1864 0 10
4853 1942 0 11
4854 945 1 112
4855 1056 0 19
4856 187 0 12
4857 1164 0 17
4858 6081 0 14
4859 484 0 12
4860 902 0 19
4861 665 0 9
4862 566 0 70
4863 706 0 41
4864 751 0 7
4865 3106 0 8
4866 3306 0 20
4867 2805 0 8
4868 6571 0 32
4869 790 0 12
4870 598 0 69
4871 2598 0 8
4872 400 0 45
4873 290 0 18
4874 2692 0 157
4875 1588 0 20
4876 303 0 216
4877 1320 0 36
4878 599 0 29
4879 246 0 22
4880 1412 0 73
4881 3309 0 82
4882 3334 0 109
4883 1033 0 19
4884 554 0 9
4885 661 0 826
4886 833 0 11
4887 595 0 8
4888 1177 0 70
4889 5160 0 8
4890 6841 0 31
4891 1342 0 68
4892 1516 0 1
4893 1532 0 16
4894 2847 0 217
4895 3376 0 30
4896 2199 0 13
4897 2142 0 6
4898 3160 0 261
4899 460 0 68
4900 851 0 83
4901 274 0 8
4902 790 0 15
4903 886 0 11
4904 2931 0 10
4905 309 0 11
4906 3401 0 32
4907 3374 1 0
4908 787 0 8
4909 989 0 116
4910 2957 0 111
4911 565 0 170
4912 480 0 71
4913 477 0 38
4914 1794 0 34
4915 1022 0 14
4916 2821 0 17
4917 603 1 0
4918 16926 0 9
4919 3304 0 68
4920 2487 0 7
4921 1365 0 39
4922 2603 0 10
4923 1110 0 8
4924 1237 0 13
4925 662 0 9
4926 2436 0 9
4927 6552 0 37
4928 26 0 8
4929 69 0 61
4930 1359 0 122
4931 5060 0 142
4932 1390 0 11
4933 261 0 11
4934 1962 0 15
4935 1976 0 12
4936 1971 0 19
4937 201 1 30
4938 507 0 54
4939 3390 0 11
4940 557 0 190
4941 549 0 11
4942 2844 0 37
4943 8907 0 13
4944 2883 0 13
4945 1729 0 18
4946 730 0 14
4947 3442 0 12
4948 613 0 12
4949 1075 0 291
4950 685 0 19
4951 1031 0 7
4952 576 0 139
4953 1513 0 33
4954 1971 0 68
4955 6579 0 10
4956 1029 0 11
4957 1689 0 247
4958 2392 0 7
4959 924 0 28
4960 1121 0 12
4961 3263 0 58
4962 21 0 9
4963 1008 0 33
4964 860 0 20
4965 1947 0 10
4966 3225 0 8
4967 960 0 101
4968 1163 0 12
4969 168 0 88
4970 1294 0 10
4971 6926 0 29
4972 514 0 11
4973 648 0 65
4974 1954 0 9
4975 1446 0 70
4976 3376 0 9
4977 3701 0 268
4978 1043 0 72
4979 6238 0 10
4980 923 0 13
4981 833 1 0
4982 1344 0 10

25 1 2615
115
4983 766 0 22
4984 959 0 314
4985 1226 0 67
4986 266 0 31
4987 661 0 10
4988 694 0 38
4989 869 0 12
4990 939 0 8
4991 568 0 86
4992 852 0 11
4993 1516 0 8
4994 1270 0 44
4995 1328 0 13
4996 1265 0 11
4997 985 0 10
4998 1491 0 17
4999 9488 0 24
5000 264 0 40
5001 3340 0 10
5002 1067 0 16
5003 208 0 10
5004 2793 0 12
5005 659 0 54
5006 616 0 130
5007 685 0 13
5008 1983 0 175
5009 1969 0 63
5010 1705 0 30
5011 2136 0 29
5012 1132 0 137
5013 2835 0 8
5014 871 0 11
5015 344 0 24
5016 2732 0 12
5017 3452 0 12
5018 1172 0 98
5019 1290 1 0
5020 6226 0 16
5021 954 0 182
5022 186 0 31
5023 854 0 13
5024 648 0 15
5025 1516 0 13
5026 1957 0 15
5027 8839 0 13
5028 1524 1 0
5029 1168 0 20
5030 1052 0 13
5031 7171 0 6
5032 1951 0 8
5033 7669 0 11
5034 3064 1 27
5035 3015 0 6
5036 989 0 10
5037 1069 0 9
5038 2912 0 38
5039 989 0 29
5040 5136 0 244
5041 2808 0 44
5042 6551 0 7
5043 12379 0 14
5044 1054 0 46
5045 1803 0 11
5046 930 0 8
5047 1955 0 10
5048 816 0 8
5049 6194 0 8
5050 628 0 9
5051 1766 0 17
5052 2522 0 231
5053 1151 0 18
5054 1210 0 11
5055 7469 0 67
5056 1674 0 52
5057 713 0 12
5058 255 0 11
5059 1117 0 8
5060 980 1 453
5061 1313 0 46
5062 1515 0 11
5063 1292 0 7
5064 1092 0 24
5065 408 0 8
5066 338 0 11
5067 2380 0 20
5068 2499 0 6
5069 1405 0 46
5070 877 0 44
5071 2295 0 77
5072 2477 0 79
5073 1421 0 15
5074 105 0 11
5075 817 0 40
5076 1221 0 10
5077 518 0 143
5078 2936 0 11
5079 2443 0 7
5080 13571 0 13
5081 1114 0 80
5082 1076 0 83
5083 733 0 13
5084 989 0 10
5085 2380 0 11
5086 352 0 12
5087 2231 0 134
5088 1007 0 7
5089 2250 0 71
5090 371 0 10
5091 1049 0 8
5092 7319 0 8
5093 447 0 8
5094 824 0 83
5095 2426 0 20
5096 17240 0 26
5097 498 1 27

26 1 2617
4
5098 684 0 9
5099 13969 0 11
5100 2891 0 244
5101 931 0 11

27 0 2623
186
5102 759 0 84
5103 1780 0 279
5104 448 0 13
5105 505 0 10
5106 1407 1 25
5107 7802 0 29
5108 564 0 7
5109 1370 0 11
5110 3376 0 138
5111 1263 0 10
5112 5140 0 8
5113 315 0 57
5114 3922 0 10
5115 3297 0 36
5116 433 0 38
5117 1984 0 10
5118 3546 0 30
5119 2806 0 11
5120 950 0 103
5121 1386 0 12
5122 1379 0 42
5123 1431 0 79
5124 3289 0 11
5125 447 0 8
5126 3264 0 55
5127 3759 0 12
5128 740 0 8
5129 323 0 12
5130 1357 0 32
5131 985 0 7
5132 2387 0 12
5133 6366 0 10
5134 3150 0 37
5135 751 0 36
5136 862 0 127
5137 1307 0 8
5138 2147 0 27
5139 2808 0 12
5140 395 0 99
5141 13376 0 71
5142 1319 0 10
5143 1375 0 13
5144 2557 0 16
5145 1030 0 113
5146 1314 0 11
5147 2532 0 36
5148 1992 0 82
5149 3191 0 11
5150 202 0 15
5151 180 0 38
5152 1246 0 12
5153 3346 0 15
5154 480 1 60
5155 656 0 149
5156 477 0 11
5157 1867 0 12
5158 924 0 11
5159 548 0 13
5160 696 0 67
5161 511 0 8
5162 5114 0 10
5163 8134 0 11
5164 2820 0 8
5165 955 0 9
5166 164 0 19
5167 973 0 14
5168 361 0 10
5169 1244 0 97
5170 255 0 6
5171 775 0 24
5172 1935 0 11
5173 846 0 12
5174 170 0 42
5175 4995 0 96
5176 12506 0 13
5177 1625 0 41
5178 1585 0 8
5179 2199 0 8
5180 867 0 78
5181 607 0 76
5182 3306 0 38
5183 683 0 9
5184 183 0 70
5185 1353 0 98
5186 938 0 73
5187 2790 0 13
5188 738 1 78
5189 1255 0 92
5190 14377 0 9
5191 286 0 96
5192 3175 0 12
5193 3205 0 7
5194 8052 0 18
5195 2936 0 12
5196 2098 0 34
5197 3245 0 158
5198 1967 0 17
5199 646 0 11
5200 544 0 12
5201 1969 0 14
5202 2418 0 85
5203 579 0 16
5204 3376 0 7
5205 183 0 87
5206 3297 0 196
5207 2692 0 11
5208 12210 0 158
5209 917 0 113
5210 1299 0 36
5211 954 0 10
5212 911 0 156
5213 2560 0 12
5214 2362 0 7
5215 3455 1 21
5216 1138 0 29
5217 343 0 12
5218 982 0 13
5219 1758 0 72
5220 1416 0 44
5221 7565 0 163
5222 2251 0 66
5223 435 0 12
5224 298 0 10
5225 635 0 37
5226 975 0 7
5227 1027 0 315
5228 2493 0 8
5229 3248 0 89
5230 1274 0 9
5231 1371 0 11
5232 1815 0 8
5233 7048 0 71
5234 3225 0 108
5235 712 0 12
5236 300 0 16
5237 648 0 62
5238 906 0 12
5239 1964 0 11
5240 1865 0 10
5241 1529 0 110
5242 1949 0 70
5243 1203 0 18
5244 3219 0 11
5245 431 0 10
5246 2005 0 10
5247 2586 0 15
5248 1943 0 10
5249 422 0 156
5250 2465 0 12
5251 929 0 7
5252 825 1 4
5253 429 0 14
5254 662 0 71
5255 907 0 11
5256 1312 0 22
5257 3661 0 13
5258 5023 0 8
5259 1463 0 1
5260 1429 0 9
5261 1003 0 90
5262 1664 0 9
5263 982 0 42
5264 809 0 216
5265 1604 0 40
5266 2962 0 54
5267 1031 0 7
5268 1033 0 26
5269 1952 0 21
5270 646 0 7
5271 1351 0 9
5272 427 0 13
5273 7243 0 12
5274 1400 0 10
5275 265 0 26
5276 2838 0 7
5277 989 0 56
5278 1145 0 11
5279 2379 0 20
5280 755 0 35
5281 516 0 12
5282 876 0 44
5283 1887 0 11
5284 2176 0 8
5285 171 0 212
5286 3172 0 20
5287 669 0 9

28 1 2626
23
5288 546 0 8
5289 602 0 10
5290 2977 0 10
5291 1984 0 77
5292 3731 0 65
5293 1324 0 34
5294 775 0 9
5295 6193 0 11
5296 442 1 0
5297 447 0 57
5298 7679 0 19
5299 907 0 16
5300 1032 0 29
5301 537 0 13
5302 2268 0 10
5303 1107 0 35
5304 3178 0 138
5305 3548 0 54
5306 1136 0 91
5307 1029 0 37
5308 1511 0 56
5309 854 0 9
5310 1567 0 119

29 1 2630
51
5311 948 0 17
5312 1971 0 7
5313 2431 0 47
5314 2254 0 23
5315 6248 0 13
5316 1513 0 47
5317 561 0 14
5318 1518 0 342
5319 989 0 13
5320 985 0 93
5321 720 0 24
5322 1399 0 64
5323 231 0 13
5324 582 0 111
5325 2898 0 111
5326 651 0 13
5327 1092 0 16
5328 322 0 20
5329 6574 0 14
5330 3365 0 8
5331 2340 0 9
5332 1312 0 11
5333 14915 0 10
5334 1952 0 9
5335 1235 0 63
5336 12670 1 25
5337 171 0 10
5338 646 0 129
5339 1101 1 0
5340 1513 0 10
5341 17437 0 12
5342 825 0 130
5343 765 0 75
5344 788 0 11
5345 1312 0 7
5346 507 0 15
5347 1475 0 30
5348 1070 0 11
5349 2864 0 62
5350 2784 0 8
5351 2260 1 41
5352 927 0 8
5353 3176 0 11
5354 9303 0 10
5355 420 0 36
5356 2117 0 29
5357 6674 0 22
5358 404 0 20
5359 1982 0 82
5360 678 0 37
5361 1549 0 9

30 1 2633
48
5362 1292 0 11
5363 3354 0 36
5364 789 0 13
5365 1346 0 42
5366 1125 0 13
5367 1018 0 11
5368 1408 0 34
5369 2894 0 8
5370 1049 0 54
5371 1245 0 15
5372 12861 0 27
5373 568 0 8
5374 3147 0 10
5375 5094 0 13
5376 3226 0 11
5377 7905 0 183
5378 2528 0 10
5379 1271 0 10
5380 989 0 43
5381 1961 0 8
5382 376 0 11
5383 517 0 12
5384 1283 0 11
5385 360 0 28
5386 1657 0 12
5387 234 0 23
5388 646 0 7
5389 171 0 9
5390 1374 0 14
5391 2060 0 8
5392 166 0 28
5393 6801 0 12
5394 672 0 8
5395 3309 0 12
5396 740 0 8
5397 3225 0 12
5398 1329 0 172
5399 1567 0 33
5400 1421 0 11
5401 1538 1 6
5402 1513 0 37
5403 1006 0 12
5404 2470 0 10
5405 2495 0 142
5406 663 0 31
5407 1375 0 10
5408 813 0 13
5409 2829 0 27

31 1 2635
6
5410 1017 0 8
5411 3260 0 2
5412 1516 0 11
5413 3369 0 13
5414 3306 0 20
5415 194 0 10

32 1 2635
6
5416 1873 0 16
5417 603 0 108
5418 2802 0 9
5419 860 0 11
5420 1424 0 13
5421 5068 0 8

33 1 2773
20
5422 826 0 13
5423 14375 0 70
5424 3296 0 70
5425 2303 0 99
5426 307 0 17
5427 1934 0 11
5428 800 0 15
5429 3019 0 41
5430 1430 0 14
5431 3212 0 111
5432 3428 0 10
5433 890 0 11
5434 960 0 11
5435 1431 0 74
5436 1460 0 10
5437 460 0 10
5438 19 0 11
5439 1403 0 18
5440 965 0 38
5441 5032 0 23

34 0 2780
200
5442 1364 0 10
5443 760 0 55
5444 1348 0 8
5445 908 0 11
5446 1044 0 9
5447 1459 0 184
5448 319 0 10
5449 1253 0 31
5450 1352 0 23
5451 7694 0 14
5452 447 0 33
5453 12629 0 170
5454 629 0 9
5455 1128 0 32
5456 5114 0 7
5457 765 0 7
5458 2336 0 85
5459 3003 0 10
5460 12200 0 67
5461 1301 0 149
5462 1164 0 11
5463 1228 0 11
5464 7883 0 9
5465 7613 0 47
5466 5001 0 149
5467 462 0 44
5468 1986 0 7
5469 779 0 18
5470 1196 0 15
5471 2528 0 8
5472 933 1 0
5473 2834 0 9
5474 3365 0 10
5475 774 0 11
5476 1130 0 13
5477 2928 0 241
5478 989 0 32
5479 2553 1 18
5480 929 0 10
5481 9488 0 50
5482 1662 0 12
5483 1834 0 97
5484 2926 0 240
5485 1004 0 247
5486 1516 0 10
5487 667 0 616
5488 998 0 11
5489 1195 0 10
5490 4133 0 14
5491 502 0 33
5492 1308 0 149
5493 1947 0 22
5494 661 0 29
5495 593 0 10
5496 1685 0 10
5497 3614 0 13
5498 422 0 13
5499 1843 0 8
5500 470 0 25
5501 1529 0 5
5502 3317 0 10
5503 1238 0 64
5504 1200 0 220
5505 1414 0 9
5506 1982 0 12
5507 1059 0 15
5508 666 0 7
5509 1285 0 11
5510 3151 0 90
5511 850 0 42
5512 1108 0 2
5513 537 0 127
5514 828 0 16
5515 1660 0 98
5516 5774 0 8
5517 3023 0 51
5518 1919 1 0
5519 770 0 10
5520 184 0 12
5521 1137 1 422
5522 1423 0 278
5523 1219 0 8
5524 1946 0 282
5525 1279 0 18
5526 1988 0 12
5527 408 0 16
5528 894 0 283
5529 1528 0 613
5530 12528 0 10
5531 1032 0 107
5532 944 1 0
5533 1549 0 9
5534 972 0 13
5535 852 0 12
5536 521 0 39
5537 2489 0 44
5538 731 0 13
5539 942 0 19
5540 1945 0 13
5541 1067 0 8
5542 3326 0 73
5543 947 0 35
5544 722 0 35
5545 556 0 15
5546 653 0 10
5547 735 0 9
5548 2251 0 22
5549 1950 0 11
5550 3361 0 10
5551 2099 0 81
5552 348 0 14
5553 6119 0 27
5554 1942 0 13
5555 13075 0 19
5556 1369 0 12
5557 1300 0 11
5558 656 1 0
5559 2050 0 23
5560 1175 0 129
5561 757 0 55
5562 3211 0 14
5563 1014 0 8
5564 698 0 7
5565 1074 0 12
5566 1294 0 17
5567 337 0 108
5568 3625 0 7
5569 3143 0 46
5570 3366 0 50
5571 3143 0 11
5572 1287 0 11
5573 1339 1 601
5574 3261 0 7
5575 1420 0 13
5576 692 0 96
5577 969 0 11
5578 2552 0 12
5579 2891 0 14
5580 1336 0 78
5581 3222 0 12
5582 1006 0 12
5583 1959 0 12
5584 2071 1 0
5585 867 0 101
5586 536 0 47
5587 1953 0 11
5588 17376 0 10
5589 2805 0 48
5590 5091 0 109
5591 7914 0 8
5592 407 0 13
5593 5108 0 8
5594 924 0 13
5595 631 0 11
5596 12759 0 9
5597 1961 0 33
5598 2793 0 61
5599 852 0 9
5600 553 0 16
5601 813 0 14
5602 1406 0 45
5603 203 0 17
5604 3683 0 8
5605 1221 0 51
5606 507 0 18
5607 697 0 24
5608 1073 0 14
5609 989 0 12
5610 707 0 17
5611 904 0 12
5612 1047 1 400
5613 636 0 12
5614 2118 0 72
5615 1366 1 163
5616 2602 0 57
5617 1742 0 2
5618 1909 0 8
5619 454 0 29
5620 7641 0 78
5621 2926 0 31
5622 3358 0 78
5623 1978 1 28
5624 4108 0 18
5625 3022 0 9
5626 913 0 11
5627 3172 0 70
5628 263 0 9
5629 989 0 14
5630 2616 0 211
5631 839 0 11
5632 1230 0 99
5633 1057 0 14
5634 3319 0 73
5635 7295 0 12
5636 688 0 12
5637 953 0 10
5638 2395 1 0
5639 654 0 34
5640 1070 0 32
5641 648 0 11

35 1 2783
25
5642 2518 0 79
5643 7402 0 18
5644 3152 0 13
5645 1172 0 8
5646 1205 0 9
5647 185 0 48
5648 1005 0 9
5649 7359 0 10
5650 2821 0 13
5651 1237 0 141
5652 955 0 14
5653 669 0 13
5654 628 0 13
5655 1281 0 85
5656 1337 0 9
5657 7310 0 10
5658 1960 1 30
5659 689 0 17
5660 989 0 131
5661 751 0 18
5662 542 0 94
5663 2736 0 27
5664 1054 0 11
5665 3245 0 63
5666 7502 0 8

36 0 2795
85
5667 956 0 11
5668 300 0 12
5669 172 0 93
5670 420 0 11
5671 2797 0 11
5672 912 0 12
5673 5054 0 30
5674 1408 0 13
5675 1938 0 84
5676 1624 0 12
5677 1063 0 13
5678 746 0 7
5679 841 0 40
5680 231 0 12
5681 1231 0 17
5682 7292 0 10
5683 9258 0 164
5684 1990 0 10
5685 2035 0 12
5686 875 0 27
5687 1442 1 0
5688 983 0 109
5689 1191 0 245
5690 7275 0 12
5691 341 0 13
5692 2171 0 8
5693 339 0 50
5694 2772 0 13
5695 1860 0 8
5696 1399 0 63
5697 3625 0 9
5698 1528 0 31
5699 484 0 248
5700 989 0 3
5701 3144 0 7
5702 3372 0 10
5703 1584 0 48
5704 305 0 170
5705 12580 0 9
5706 2463 0 17
5707 508 0 45
5708 6112 0 71
5709 1872 0 48
5710 564 0 7
5711 2198 0 10
5712 1162 0 72
5713 1239 0 7
5714 417 0 297
5715 714 0 12
5716 656 0 11
5717 1225 0 70
5718 989 0 8
5719 14529 0 11
5720 681 0 24
5721 562 0 9
5722 1383 0 27
5723 6081 0 9
5724 2639 0 9
5725 1149 0 29
5726 1637 0 218
5727 1106 0 35
5728 12370 0 6
5729 533 0 8
5730 2206 0 7
5731 897 0 13
5732 1081 0 38
5733 1115 0 10
5734 763 0 153
5735 473 0 16
5736 1735 0 9
5737 122 0 110
5738 16718 0 222
5739 783 0 10
5740 1131 0 70
5741 1882 0 11
5742 12241 0 9
5743 1378 0 30
5744 1065 0 617
5745 3457 0 8
5746 1117 0 11
5747 587 0 8
5748 1317 0 13
5749 356 0 40
5750 1318 0 95
5751 1832 0 134

37 0 2809
25
5752 715 0 67
5753 2335 0 41
5754 709 0 67
5755 16773 1 502
5756 1199 0 13
5757 1367 0 10
5758 989 0 16
5759 2004 0 13
5760 1511 0 11
5761 1390 0 63
5762 2892 0 67
5763 1516 0 15
5764 2709 0 145
5765 2082 0 200
5766 5000 0 13
5767 2395 1 476
5768 2286 0 39
5769 1055 0 76
5770 1984 0 14
5771 456 0 14
5772 557 0 6
5773 3250 0 23
5774 1520 0 124
5775 641 0 13
5776 1407 0 33

38 1 133443
1
5777 2259 0 59

39 1 358274
109
5778 2393 0 14
5779 944 0 17
5780 1160 0 51
5781 1935 0 16
5782 3928 0 9
5783 3132 0 7
5784 1501 0 15
5785 269 0 38
5786 450 0 19
5787 1972 0 10
5788 7867 0 54
5789 1277 0 8
5790 1001 0 9
5791 654 0 16
5792 1789 0 13
5793 655 0 52
5794 2079 0 47
5795 255 0 11
5796 2893 0 71
5797 2902 0 10
5798 2390 0 11
5799 1341 1 0
5800 6365 0 54
5801 1639 0 129
5802 1338 0 8
5803 599 0 13
5804 411 0 14
5805 1003 0 37
5806 7049 0 172
5807 610 0 283
5808 7892 0 10
5809 1322 0 12
5810 1981 1 30
5811 3379 0 178
5812 177 0 11
5813 1306 0 151
5814 3065 1 30
5815 3274 0 93
5816 2812 0 33
5817 1258 0 94
5818 2441 0 16
5819 13833 0 7
5820 5024 0 107
5821 8585 0 17
5822 3200 0 12
5823 416 0 9
5824 560 0 13
5825 5929 0 10
5826 1085 0 29
5827 1179 0 14
5828 17650 0 13
5829 5084 0 17
5830 682 1 477
5831 1210 0 13
5832 926 0 145
5833 1513 0 16
5834 5134 0 92
5835 5116 0 113
5836 1313 0 18
5837 367 0 20
5838 1817 0 106
5839 731 0 112
5840 308 0 7
5841 1096 0 45
5842 1241 0 9
5843 5001 0 20
5844 11796 0 14
5845 1970 0 9
5846 1018 0 17
5847 326 0 45
5848 593 0 10
5849 783 0 8
5850 478 0 0
5851 1238 0 12
5852 1032 0 12
5853 1336 0 10
5854 867 0 65
5855 843 0 70
5856 12562 0 18
5857 548 0 7
5858 1222 0 87
5859 1320 0 82
5860 3141 0 29
5861 1400 0 132
5862 705 0 18
5863 171 0 18
5864 1977 0 148
5865 192 0 18
5866 1054 0 12
5867 1293 0 28
5868 2843 0 45
5869 1049 0 20
5870 1687 0 13
5871 1061 0 43
5872 1538 0 17
5873 2814 0 12
5874 1530 0 36
5875 410 0 78
5876 8907 0 42
5877 3310 0 37
5878 1964 0 8
5879 1839 0 13
5880 1979 0 33
5881 1231 0 92
5882 1581 0 87
5883 2164 0 71
5884 989 0 19
5885 1506 0 38
5886 442 0 28

