10

0 0 251
2
0 1965 0 80
1 7596 0 11

1 1 259
5
2 223 0 112
3 1116 0 14
4 1312 0 16
5 529 0 10
6 3243 0 32

2 0 275
5
7 438 0 52
8 171 0 9
9 1025 0 8
10 1179 0 95
11 970 0 11

3 1 286
130
12 634 0 9
13 1938 0 79
14 3318 0 11
15 654 0 97
16 1813 0 10
17 411 0 13
18 1135 0 9
19 6359 0 10
20 1945 0 13
21 342 0 11
22 569 0 11
23 1835 0 11
24 989 0 303
25 1805 0 27
26 1340 0 12
27 3776 0 58
28 194 0 10
29 1508 0 11
30 469 0 9
31 1091 1 29
32 1958 0 47
33 3251 0 44
34 3337 0 18
35 588 0 33
36 201 0 70
37 3363 0 118
38 2913 0 7
39 1318 0 8
40 831 0 13
41 438 0 10
42 1260 0 37
43 3853 0 17
44 2369 1 0
45 1906 0 70
46 1660 0 1
47 442 0 9
48 1212 0 87
49 360 0 13
50 5075 0 29
51 3284 0 178
52 1646 0 34
53 3225 0 74
54 881 0 5
55 1883 0 9
56 3011 0 7
57 785 0 76
58 1966 0 18
59 2567 0 112
60 3070 0 27
61 1534 0 8
62 1030 0 78
63 568 1 339
64 548 0 8
65 3060 0 11
66 1632 0 15
67 1384 0 128
68 1098 0 7
69 643 0 19
70 1230 0 9
71 1165 0 146
72 1372 0 36
73 1654 0 7
74 1050 0 14
75 9978 0 136
76 1410 0 20
77 1184 0 32
78 1522 1 0
79 569 0 8
80 286 0 29
81 5110 0 10
82 5096 0 12
83 8260 0 19
84 3023 0 52
85 17354 0 9
86 1523 0 9
87 599 0 6
88 699 0 10
89 2462 0 10
90 617 0 102
91 16311 0 13
92 5094 0 11
93 1338 1 30
94 1307 0 30
95 998 0 10
96 17796 0 151
97 431 0 47
98 3478 0 10
99 1969 0 23
100 1092 0 9
101 669 0 18
102 1305 0 7
103 5761 0 27
104 2792 0 8
105 6751 0 8
106 731 1 0
107 2320 0 35
108 574 1 0
109 3566 0 12
110 1513 0 171
111 857 0 13
112 5007 0 11
113 675 1 22
114 3306 0 129
115 1773 0 23
116 487 0 8
117 794 0 11
118 2023 0 12
119 1365 0 97
120 2589 0 8
121 3276 0 7
122 164 0 8
123 409 0 257
124 2309 0 10
125 1513 0 14
126 1570 0 32
127 192 0 9
128 1983 0 9
129 3269 0 56
130 1058 0 74
131 1157 0 52
132 1652 0 91
133 453 0 21
134 1002 0 8
135 1191 0 10
136 10018 0 19
137 760 0 59
138 8209 0 13
139 561 0 11
140 1609 0 12
141 3148 0 18

4 1 509
178
142 1939 0 11
143 281 0 3
144 833 0 24
145 1121 0 13
146 7487 0 28
147 3172 0 9
148 1275 0 52
149 3301 0 36
150 3051 0 8
151 2620 0 11
152 1119 0 6
153 1209 0 12
154 244 0 22
155 13076 0 31
156 308 0 10
157 3669 0 38
158 17383 0 9
159 3760 1 0
160 1395 0 143
161 2819 0 9
162 2023 0 9
163 2418 0 7
164 569 0 15
165 3156 0 24
166 869 0 52
167 18 0 41
168 12791 0 134
169 1801 1 0
170 464 0 9
171 807 0 10
172 1034 0 11
173 1778 0 40
174 1946 0 64
175 2510 0 85
176 661 0 8
177 844 0 9
178 1409 0 52
179 5124 0 9
180 7302 0 29
181 17470 0 40
182 12210 0 12
183 515 0 8
184 1528 0 326
185 3275 0 68
186 640 0 13
187 2252 0 149
188 3511 0 11
189 587 0 86
190 719 0 43
191 1149 0 18
192 1566 0 9
193 277 0 20
194 1405 0 16
195 1336 0 72
196 121 0 68
197 3565 0 54
198 1229 0 15
199 2070 0 221
200 1242 0 12
201 1599 0 63
202 5073 0 8
203 1267 0 37
204 1177 0 11
205 1368 0 127
206 1217 0 42
207 347 0 13
208 1430 0 6
209 3655 0 11
210 1065 0 10
211 3202 0 8
212 723 0 18
213 1245 0 11
214 1419 0 117
215 6258 0 30
216 989 0 13
217 1969 0 7
218 1978 0 20
219 1333 0 32
220 163 0 12
221 6471 0 15
222 1839 0 103
223 2185 0 10
224 7186 0 40
225 310 0 22
226 7806 0 10
227 2594 0 12
228 2915 0 103
229 1462 1 0
230 499 1 62
231 870 0 71
232 7336 0 42
233 1516 0 7
234 2622 0 7
235 1246 0 14
236 3300 0 48
237 845 0 37
238 2317 0 16
239 502 0 32
240 2916 0 8
241 894 0 16
242 1253 0 32
243 7243 0 10
244 1717 0 13
245 1248 0 7
246 12560 1 598
247 360 0 26
248 615 0 74
249 576 0 14
250 1309 0 102
251 606 0 76
252 2776 0 10
253 1528 0 8
254 1682 0 73
255 583 0 319
256 15985 0 11
257 865 0 9
258 1876 0 77
259 1957 0 11
260 1980 0 29
261 994 0 16
262 1560 0 9
263 1942 0 32
264 846 0 11
265 2924 0 41
266 1408 0 49
267 6089 0 0
268 5105 0 38
269 1023 0 242
270 1373 0 11
271 5028 0 129
272 12844 0 28
273 1407 0 135
274 483 0 8
275 1295 1 0
276 1253 0 54
277 193 0 298
278 950 0 9
279 1174 0 7
280 150 0 67
281 1071 0 9
282 1290 0 9
283 13003 0 161
284 1012 0 10
285 1522 0 9
286 7618 0 38
287 1780 0 11
288 3172 0 8
289 2157 0 10
290 3378 0 10
291 3157 0 11
292 2524 1 0
293 867 0 14
294 366 0 6
295 1176 0 20
296 9 1 45
297 866 0 18
298 1322 0 11
299 472 0 11
300 1084 0 9
301 1230 0 34
302 1678 0 37
303 1233 0 52
304 3649 0 20
305 3933 0 9
306 367 0 2
307 272 0 27
308 737 0 14
309 456 0 16
310 997 1 0
311 143 0 5
312 666 0 70
313 1047 0 6
314 7469 0 49
315 1351 0 367
316 1095 0 11
317 1352 0 10
318 7871 0 37
319 3051 0 11

5 1 518
54
320 451 0 16
321 1976 0 74
322 1495 0 7
323 2603 0 18
324 3376 0 9
325 11603 0 9
326 1237 0 28
327 3278 0 11
328 636 0 9
329 1208 1 27
330 1040 0 7
331 2493 0 49
332 1330 0 23
333 5000 0 13
334 736 0 11
335 319 0 313
336 5948 0 37
337 1301 0 10
338 6136 0 6
339 762 0 12
340 3073 0 49
341 3379 0 12
342 1151 1 0
343 3173 0 39
344 7986 0 18
345 737 0 37
346 1382 0 177
347 840 1 35
348 494 0 33
349 949 1 18
350 1961 0 25
351 1397 0 13
352 2871 0 14
353 2901 0 13
354 1949 0 43
355 536 0 138
356 1671 0 9
357 2373 0 8
358 366 0 8
359 956 0 66
360 863 0 70
361 205 0 29
362 766 0 10
363 1206 0 38
364 1137 0 10
365 5026 0 31
366 1165 0 8
367 5054 0 232
368 1895 0 9
369 1030 0 16
370 1863 0 11
371 833 0 8
372 2104 0 20
373 749 0 9

6 1 688
29
374 3170 0 26
375 193 0 7
376 5101 0 11
377 1265 0 11
378 236 0 38
379 1411 0 8
380 1350 0 22
381 989 0 9
382 2228 0 19
383 7086 0 71
384 1961 0 153
385 6521 0 390
386 1736 0 162
387 561 0 129
388 647 0 7
389 3377 0 75
390 1727 0 7
391 6179 0 12
392 3369 0 29
393 1214 0 11
394 1212 0 11
395 1738 0 16
396 1324 0 60
397 1625 0 19
398 3019 0 149
399 1984 0 41
400 840 0 47
401 3558 0 9
402 1822 0 11

7 1 16560
176
403 1187 0 148
404 1293 0 18
405 1419 0 11
406 519 1 101
407 985 0 13
408 2294 1 18
409 786 0 11
410 794 0 102
411 534 0 12
412 733 0 6
413 7258 0 10
414 865 0 141
415 5127 0 26
416 1713 0 70
417 1555 0 9
418 7050 0 9
419 1076 0 33
420 222 0 9
421 2117 0 37
422 1025 0 164
423 1108 0 139
424 416 0 33
425 1467 0 32
426 912 0 48
427 715 0 11
428 2271 0 294
429 3205 0 402
430 699 0 14
431 747 0 16
432 283 0 7
433 2694 0 48
434 787 0 34
435 8209 0 11
436 1112 0 18
437 1965 0 15
438 3195 0 35
439 1176 0 36
440 5949 0 7
441 1246 0 10
442 1702 0 123
443 1198 0 129
444 2417 0 13
445 1912 0 23
446 6360 0 72
447 1399 0 165
448 2878 0 9
449 846 0 141
450 3192 0 11
451 821 0 12
452 1978 0 14
453 1480 0 8
454 887 0 16
455 1368 0 31
456 1421 0 9
457 1992 0 213
458 1521 0 73
459 2248 0 17
460 6496 0 16
461 1975 0 127
462 6484 0 10
463 1177 0 19
464 2761 0 11
465 575 0 9
466 3221 0 24
467 465 0 14
468 1338 0 7
469 676 0 9
470 1265 0 36
471 2831 0 9
472 1005 0 35
473 1138 0 22
474 6480 0 9
475 5028 0 7
476 7257 0 21
477 1563 0 14
478 861 0 12
479 2689 0 10
480 1362 1 0
481 6254 0 33
482 6179 0 8
483 2948 0 18
484 3743 0 18
485 1111 0 66
486 1060 0 17
487 704 1 4
488 1970 0 8
489 2791 0 11
490 9981 0 9
491 1127 0 10
492 12879 1 220
493 1080 0 11
494 537 0 69
495 5119 0 11
496 1568 0 12
497 170 0 20
498 10574 0 24
499 2879 0 59
500 6776 0 8
501 2009 0 66
502 271 0 12
503 1796 0 31
504 1586 0 11
505 944 0 86
506 1307 0 14
507 850 0 37
508 1685 0 8
509 560 0 80
510 1538 0 72
511 787 0 18
512 1817 0 8
513 1191 0 14
514 6557 0 33
515 869 0 147
516 2918 0 13
517 1975 0 6
518 1201 0 56
519 6189 1 16
520 2392 0 22
521 5026 0 11
522 6365 0 27
523 5038 0 12
524 1955 0 17
525 1296 0 12
526 943 0 6
527 6955 0 29
528 2195 0 9
529 1991 0 31
530 3258 0 8
531 568 0 73
532 2101 0 99
533 576 0 10
534 614 1 0
535 5125 1 41
536 1269 0 13
537 3556 0 11
538 1152 0 63
539 289 0 10
540 2430 0 18
541 545 0 21
542 1638 0 9
543 3315 0 11
544 239 0 147
545 1518 0 9
546 2801 0 202
547 3796 0 12
548 3372 0 8
549 1205 0 51
550 171 0 30
551 1347 0 9
552 1453 0 17
553 1986 0 70
554 1520 0 35
555 7390 0 17
556 608 0 40
557 3320 0 21
558 1273 0 11
559 1723 1 0
560 1151 0 11
561 1827 0 19
562 577 0 412
563 1949 0 8
564 1291 1 414
565 1497 0 10
566 1831 0 86
567 5005 0 12
568 12933 0 40
569 1534 0 12
570 2388 0 23
571 1271 0 237
572 762 0 9
573 776 0 73
574 6575 0 36
575 1464 0 7
576 1047 0 7
577 1373 0 155
578 1982 0 42

8 1 225396
25
579 17484 1 0
580 5143 0 29
581 644 0 98
582 617 0 17
583 1969 0 26
584 714 0 9
585 18 0 75
586 3319 0 7
587 411 0 142
588 2076 0 50
589 413 1 126
590 260 0 12
591 541 0 17
592 2387 0 8
593 1227 0 74
594 1983 1 81
595 2067 0 19
596 1573 0 320
597 779 1 0
598 9 0 41
599 887 0 6
600 3183 0 11
601 3650 0 63
602 1177 0 147
603 1327 0 13

9 1 495088
22
604 516 0 7
605 1150 0 10
606 1113 0 9
607 944 0 11
608 1409 0 10
609 135 0 129
610 901 0 10
611 2103 1 0
612 1513 0 16
613 2507 0 11
614 5095 0 52
615 5054 0 109
616 534 0 617
617 7017 0 17
618 6649 0 11
619 971 0 20
620 3223 0 33
621 1370 0 11
622 1242 0 9
623 1408 0 9
624 13064 0 9
625 12831 0 37

