10

0 1 295
24
0 15985 0 10
1 3357 0 37
2 6454 0 13
3 2552 0 9
4 1205 0 10
5 910 0 16
6 1045 0 32
7 760 0 11
8 171 0 14
9 1232 0 23
10 1276 0 250
11 9984 0 11
12 1335 0 20
13 1429 0 69
14 2722 0 22
15 21 0 0
16 1973 0 14
17 1935 0 11
18 997 0 11
19 1222 0 45
20 298 0 13
21 1769 0 53
22 2177 0 103
23 12481 0 7

1 1 298
6
24 491 0 11
25 12199 0 30
26 560 0 94
27 3301 0 13
28 3449 0 10
29 5097 0 11

2 1 495
176
30 2985 0 11
31 253 0 28
32 206 0 33
33 2071 0 45
34 1593 0 9
35 17 0 10
36 428 0 19
37 1369 0 20
38 1503 0 11
39 1001 0 28
40 912 0 38
41 1525 0 7
42 554 0 14
43 2509 0 143
44 656 0 10
45 3204 0 11
46 1148 0 9
47 749 0 11
48 712 1 18
49 934 0 8
50 1943 0 31
51 1919 0 78
52 1546 0 28
53 2169 0 38
54 1215 0 9
55 1157 0 7
56 409 0 82
57 7051 0 7
58 6234 0 40
59 3163 0 36
60 5022 0 9
61 1235 0 27
62 2444 0 11
63 403 0 8
64 1946 0 145
65 3703 0 66
66 430 0 11
67 3410 0 12
68 1001 1 0
69 2115 0 19
70 1419 1 0
71 1326 0 32
72 1616 0 11
73 942 0 21
74 2913 0 30
75 458 0 13
76 3200 0 10
77 6804 0 18
78 823 1 0
79 506 0 11
80 1420 0 44
81 431 0 12
82 519 0 7
83 1983 0 10
84 57 0 176
85 2802 0 9
86 950 0 9
87 627 0 389
88 441 0 219
89 510 0 6
90 815 0 87
91 1072 0 7
92 6735 0 19
93 7295 1 30
94 2223 0 10
95 1388 0 405
96 1234 0 10
97 1988 0 70
98 1986 0 26
99 1898 0 11
100 1972 0 10
101 1974 0 29
102 2844 0 20
103 862 0 99
104 449 0 8
105 1333 0 13
106 673 0 10
107 3749 0 67
108 2864 0 42
109 258 0 87
110 2316 0 122
111 2531 0 107
112 384 0 19
113 207 0 17
114 378 0 151
115 1300 0 35
116 1598 0 11
117 840 0 12
118 1049 0 37
119 420 0 41
120 173 0 12
121 3842 0 14
122 1518 0 8
123 2758 0 9
124 760 0 10
125 1123 0 45
126 1944 0 10
127 2710 0 14
128 6473 0 12
129 912 1 30
130 12775 0 45
131 444 0 9
132 648 0 8
133 523 0 15
134 1405 0 49
135 645 1 503
136 17619 0 12
137 236 0 20
138 6455 0 27
139 1022 0 65
140 460 0 9
141 479 0 10
142 888 0 12
143 653 0 7
144 1111 0 13
145 1240 0 12
146 1955 0 11
147 8191 0 12
148 890 0 38
149 2167 0 92
150 1260 0 12
151 785 0 10
152 694 0 40
153 17479 0 13
154 430 0 11
155 1527 0 7
156 508 0 35
157 2153 0 171
158 891 0 41
159 3335 0 23
160 1090 0 11
161 259 0 9
162 1529 0 10
163 639 0 24
164 340 0 15
165 2756 0 18
166 5105 0 22
167 1181 0 11
168 482 0 20
169 8914 1 154
170 1090 0 59
171 1226 0 13
172 1221 0 368
173 2603 0 7
174 615 0 18
175 540 0 22
176 171 0 33
177 1730 0 50
178 500 0 12
179 885 0 38
180 670 0 327
181 786 0 83
182 578 0 19
183 1504 0 69
184 1554 0 12
185 1369 0 21
186 7626 0 8
187 1264 0 73
188 1516 0 57
189 3277 0 19
190 3926 0 16
191 1416 0 12
192 970 0 10
193 676 0 6
194 2945 0 19
195 1833 0 9
196 1505 0 49
197 1677 0 8
198 1350 0 6
199 5100 0 8
200 2249 0 112
201 3124 0 17
202 7314 0 237
203 1109 0 12
204 1979 0 9
205 2910 0 56

3 1 501
120
206 2226 0 17
207 787 0 12
208 1948 0 23
209 1256 0 174
210 3262 0 43
211 3661 0 8
212 648 0 13
213 861 0 208
214 360 1 0
215 2573 0 13
216 1968 0 33
217 1610 1 0
218 888 0 13
219 14812 0 9
220 7931 0 7
221 998 0 189
222 484 0 100
223 706 0 16
224 989 0 30
225 1516 0 189
226 9658 0 103
227 1207 0 72
228 1633 0 19
229 550 0 9
230 1991 0 11
231 1945 0 31
232 176 0 74
233 1285 0 12
234 1530 0 9
235 4136 0 9
236 655 0 11
237 1184 0 49
238 1214 0 11
239 3099 0 41
240 1121 0 18
241 1375 0 7
242 888 0 51
243 1162 0 29
244 1523 0 13
245 494 0 248
246 570 0 35
247 16772 0 86
248 458 0 7
249 3264 0 129
250 821 0 130
251 2911 0 14
252 1190 0 27
253 2708 0 19
254 1516 0 19
255 648 0 17
256 1522 0 7
257 657 0 21
258 1244 0 8
259 3914 0 38
260 403 0 14
261 693 0 11
262 1425 0 13
263 1267 0 11
264 3276 0 34
265 1525 0 14
266 3256 0 6
267 1029 0 44
268 1163 0 13
269 870 0 196
270 9148 0 11
271 571 1 0
272 9488 0 69
273 3574 0 20
274 2026 0 24
275 1618 0 11
276 54 0 23
277 1123 0 51
278 985 0 128
279 6745 0 12
280 413 0 29
281 576 0 25
282 1356 0 8
283 721 0 26
284 3300 0 8
285 12914 0 13
286 436 0 10
287 1247 0 8
288 3632 0 14
289 1970 0 20
290 332 0 11
291 895 0 12
292 1149 0 14
293 1937 0 49
294 989 0 10
295 472 1 16
296 415 0 7
297 926 0 7
298 2034 0 36
299 1618 0 11
300 2789 0 8
301 3258 0 7
302 1733 0 14
303 972 0 203
304 1064 0 12
305 1165 0 53
306 1846 0 37
307 2643 0 15
308 1352 0 122
309 2872 0 13
310 652 0 6
311 569 0 10
312 971 0 26
313 1989 0 14
314 1965 0 14
315 2739 0 8
316 3155 0 11
317 1378 0 13
318 5075 1 0
319 1504 0 38
320 2877 0 8
321 2299 0 11
322 368 0 9
323 554 0 17
324 1842 0 8
325 517 0 67

4 0 518
54
326 1885 0 77
327 1894 0 64
328 2755 0 32
329 2756 0 172
330 1953 0 9
331 2456 0 47
332 5136 0 45
333 548 1 40
334 171 0 12
335 641 0 11
336 783 0 48
337 1654 0 10
338 187 0 8
339 3065 0 8
340 754 1 477
341 1898 0 382
342 5054 0 13
343 2859 0 8
344 842 0 69
345 1157 0 15
346 1972 0 7
347 556 0 13
348 5014 0 24
349 1005 0 11
350 369 0 15
351 1129 0 12
352 6477 0 8
353 2109 0 15
354 1742 0 8
355 1352 0 13
356 1152 0 22
357 2863 0 5
358 722 0 9
359 12686 0 138
360 702 0 8
361 1404 0 7
362 317 0 11
363 758 0 13
364 725 0 11
365 406 0 29
366 2193 0 8
367 1988 0 7
368 7049 0 7
369 1341 0 8
370 3677 0 8
371 700 0 8
372 429 0 31
373 434 0 7
374 181 0 8
375 1940 0 9
376 2924 0 27
377 197 1 23
378 593 0 14
379 2191 0 28

5 1 523
160
380 3249 0 8
381 1260 0 13
382 1829 0 18
383 992 0 13
384 1356 0 40
385 1984 0 13
386 907 0 9
387 196 0 8
388 189 0 106
389 21 0 13
390 561 0 8
391 1808 0 13
392 1206 0 9
393 5080 0 13
394 1119 0 11
395 136 0 10
396 2387 0 2
397 3216 0 5
398 1538 0 105
399 7477 1 0
400 1815 0 42
401 6549 0 14
402 2791 0 14
403 1348 0 11
404 1267 0 71
405 1688 1 53
406 2805 0 8
407 3645 0 9
408 1151 0 19
409 1045 0 11
410 2794 0 182
411 1881 0 7
412 1037 0 8
413 1202 0 13
414 722 0 30
415 2973 0 99
416 244 0 8
417 826 0 73
418 7040 1 0
419 550 0 12
420 780 0 27
421 2348 0 58
422 1068 0 120
423 3259 0 173
424 2706 0 14
425 3286 0 38
426 252 0 11
427 5018 0 23
428 1764 0 34
429 1161 0 47
430 3213 0 150
431 309 1 17
432 6202 1 0
433 16873 0 152
434 7729 0 37
435 1136 0 52
436 572 0 12
437 620 0 49
438 1060 0 9
439 5047 1 0
440 1431 0 11
441 198 0 63
442 1888 0 28
443 14456 0 42
444 868 0 26
445 1116 0 74
446 729 0 77
447 571 0 105
448 1327 0 13
449 1978 0 91
450 2477 0 11
451 1650 0 57
452 1511 0 157
453 3245 0 70
454 3376 0 8
455 406 0 17
456 997 1 521
457 814 1 478
458 503 0 7
459 1197 0 10
460 719 0 8
461 233 0 14
462 1468 0 41
463 7369 0 12
464 1751 0 12
465 3797 0 7
466 1706 0 11
467 1139 0 14
468 1035 0 11
469 5843 0 10
470 1355 0 29
471 1534 0 7
472 1593 0 8
473 7410 0 12
474 370 0 8
475 955 0 16
476 1410 0 310
477 513 0 10
478 1124 0 9
479 2165 0 278
480 14533 0 10
481 1958 0 8
482 1822 0 27
483 784 1 17
484 424 0 83
485 1511 0 10
486 1205 0 294
487 1231 0 54
488 689 0 118
489 682 0 273
490 2501 0 137
491 5147 0 32
492 6451 0 13
493 13015 0 22
494 2788 0 9
495 986 1 596
496 3373 0 7
497 172 0 12
498 3231 0 8
499 738 0 15
500 119 0 8
501 252 0 10
502 641 0 10
503 1720 0 8
504 4043 0 27
505 1992 0 43
506 7039 0 11
507 1715 0 6
508 6466 0 13
509 5517 0 16
510 3365 0 104
511 1294 0 7
512 447 0 38
513 1162 0 0
514 1185 0 138
515 1127 0 18
516 777 0 41
517 5077 0 38
518 1815 0 129
519 1005 0 11
520 469 0 50
521 318 0 8
522 3379 0 227
523 1943 0 17
524 1516 0 15
525 919 0 72
526 5026 0 38
527 924 0 7
528 1359 1 0
529 7034 0 20
530 1742 0 16
531 1063 0 13
532 1254 0 24
533 1419 0 147
534 200 0 222
535 673 1 0
536 928 0 19
537 5836 0 254
538 7340 0 41
539 708 1 0

6 1 524
6
540 527 0 17
541 1897 0 130
542 572 0 12
543 1963 0 8
544 972 0 26
545 442 0 18

7 1 525
1
546 7985 0 19

8 1 692
54
547 3206 0 91
548 994 0 27
549 2266 0 7
550 3339 0 50
551 1672 0 27
552 1496 0 30
553 7503 0 39
554 687 0 68
555 3414 0 40
556 1530 1 1
557 1220 0 12
558 1623 0 96
559 3420 0 11
560 734 0 11
561 1035 0 18
562 1524 0 9
563 9368 0 43
564 2926 0 6
565 1308 0 10
566 297 0 27
567 2870 0 9
568 2318 0 98
569 931 0 10
570 11790 0 10
571 731 1 127
572 2541 0 9
573 1530 0 15
574 9312 0 23
575 2546 0 20
576 3642 0 17
577 1126 0 128
578 1222 0 49
579 3177 0 58
580 3163 0 21
581 2506 0 14
582 271 1 0
583 1002 0 111
584 3089 1 31
585 211 0 31
586 272 0 32
587 1254 0 13
588 495 0 77
589 755 0 38
590 1967 0 9
591 2923 0 617
592 1689 0 33
593 2124 0 10
594 1344 0 27
595 229 0 6
596 774 0 139
597 2287 0 8
598 989 0 66
599 1050 0 9
600 1523 0 19

9 0 703
52
601 970 0 25
602 2873 0 78
603 2763 0 55
604 7491 0 18
605 798 0 13
606 12457 0 63
607 1139 0 57
608 1978 0 151
609 3152 0 10
610 744 0 7
611 1504 0 8
612 1246 0 14
613 895 0 22
614 2848 0 13
615 883 0 12
616 1019 0 12
617 1332 0 7
618 1663 0 42
619 1160 0 32
620 268 0 17
621 693 0 27
622 2871 1 9
623 1295 0 9
624 3218 0 7
625 2882 0 8
626 626 0 9
627 325 0 175
628 327 0 42
629 532 0 12
630 5136 0 11
631 804 0 221
632 915 1 54
633 714 0 9
634 3117 0 7
635 1059 0 27
636 1085 0 8
637 3372 0 9
638 237 0 9
639 1253 0 23
640 3724 0 11
641 1421 0 14
642 1134 0 11
643 794 0 7
644 1248 0 20
645 2889 0 30
646 214 0 8
647 1457 0 13
648 812 0 39
649 581 0 2
650 2338 0 13
651 1060 0 18
652 3824 0 68

