80

0 1 689
31
0 968 0 32
1 1525 1 0
2 3378 0 9
3 1973 0 14
4 7264 0 50
5 453 0 66
6 190 0 19
7 7512 0 7
8 684 0 10
9 561 0 11
10 1305 0 43
11 1982 0 36
12 13381 0 13
13 538 0 10
14 989 0 12
15 12612 0 86
16 1258 0 157
17 1516 0 7
18 3450 0 111
19 1378 0 12
20 6550 0 43
21 2853 0 10
22 377 0 77
23 3459 0 19
24 386 0 8
25 1981 0 70
26 3620 0 162
27 2259 0 70
28 1113 0 171
29 1333 0 9
30 559 0 12

1 1 690
52
31 2542 0 9
32 897 0 39
33 5017 0 9
34 1272 0 114
35 599 0 23
36 1537 0 17
37 64 0 27
38 2911 0 13
39 6154 0 12
40 3365 0 72
41 832 0 77
42 3172 0 63
43 5090 0 13
44 1624 0 617
45 3182 0 54
46 3372 0 13
47 3177 0 10
48 1428 0 43
49 892 0 9
50 12890 0 102
51 637 1 0
52 210 0 11
53 1964 0 8
54 1524 0 154
55 1848 0 39
56 2466 0 10
57 929 0 2
58 3260 0 12
59 938 0 37
60 671 0 11
61 900 0 8
62 1379 0 55
63 7541 0 72
64 972 0 12
65 1172 0 28
66 796 0 342
67 994 0 102
68 783 0 79
69 1982 0 79
70 282 0 12
71 659 1 30
72 1888 0 8
73 2825 0 7
74 993 0 63
75 167 0 11
76 3440 0 33
77 639 0 107
78 1043 0 14
79 1239 0 47
80 513 0 13
81 7336 0 10
82 2408 0 38

2 1 1445
1
83 1241 0 13

3 1 1469
22
84 9187 0 11
85 5795 0 206
86 633 1 23
87 692 1 595
88 8163 0 11
89 660 0 11
90 2910 0 98
91 3608 0 20
92 876 0 8
93 3360 0 6
94 6951 0 41
95 3794 0 33
96 1411 0 18
97 660 0 12
98 8191 0 7
99 624 0 298
100 250 0 175
101 273 0 13
102 1266 0 12
103 267 0 39
104 582 0 8
105 1176 0 219

4 1 1491
184
106 11606 0 17
107 1030 0 41
108 1872 0 8
109 2920 0 8
110 582 0 34
111 950 0 113
112 640 1 596
113 1522 0 15
114 1396 0 31
115 995 0 58
116 2379 1 18
117 1323 0 7
118 336 0 12
119 2260 0 7
120 1858 0 11
121 6259 0 40
122 1557 0 50
123 227 0 42
124 1513 0 11
125 179 0 13
126 647 0 12
127 179 0 9
128 594 0 14
129 9545 0 7
130 6123 0 11
131 1722 0 36
132 1513 0 110
133 1419 0 51
134 848 0 91
135 2534 0 46
136 1954 0 49
137 1520 1 0
138 960 0 8
139 1905 0 11
140 653 0 12
141 7262 0 74
142 3505 0 10
143 805 0 74
144 1717 0 17
145 2426 0 12
146 1695 0 54
147 1099 0 12
148 1804 0 11
149 1374 0 8
150 1538 0 12
151 1536 0 14
152 1330 0 67
153 1263 0 73
154 506 0 48
155 822 0 7
156 1961 0 39
157 247 0 9
158 1042 0 110
159 924 0 16
160 888 0 11
161 1933 0 10
162 1150 0 11
163 2865 0 176
164 198 0 123
165 1055 0 14
166 825 0 72
167 685 0 19
168 2026 0 35
169 2605 0 43
170 1786 0 34
171 749 0 8
172 2211 0 52
173 1309 0 14
174 83 0 10
175 733 0 68
176 783 0 66
177 668 0 14
178 1569 0 9
179 3324 0 13
180 7468 0 24
181 1316 0 8
182 2615 0 13
183 3036 0 6
184 3352 0 13
185 1788 0 19
186 892 0 22
187 1562 0 10
188 2409 0 12
189 873 0 11
190 3833 0 8
191 1044 0 63
192 2592 0 15
193 2346 0 11
194 1 0 30
195 1520 0 10
196 820 0 9
197 525 0 13
198 1128 0 10
199 1551 1 26
200 431 0 8
201 722 0 57
202 292 1 30
203 2484 0 59
204 6143 0 13
205 9982 0 44
206 12498 1 41
207 2486 0 119
208 1398 0 13
209 7930 0 8
210 3162 0 11
211 3278 0 14
212 1426 0 13
213 167 0 7
214 2586 0 147
215 1303 0 37
216 429 0 12
217 3366 0 73
218 989 0 30
219 3604 0 11
220 1563 1 0
221 1511 0 11
222 842 0 363
223 945 0 9
224 1431 0 11
225 894 0 23
226 2034 0 9
227 1284 0 94
228 1527 0 8
229 2307 0 9
230 472 0 1
231 457 0 8
232 2021 0 12
233 171 1 0
234 805 0 10
235 924 0 133
236 584 0 10
237 275 0 14
238 1551 0 16
239 1057 0 12
240 2144 0 13
241 1246 0 19
242 3225 0 10
243 3350 0 14
244 2072 0 10
245 1225 0 26
246 729 0 29
247 5013 0 9
248 578 0 7
249 7330 0 160
250 1530 0 13
251 1954 0 8
252 6508 0 36
253 1282 0 82
254 1136 0 15
255 1322 1 0
256 1344 0 34
257 2473 0 10
258 779 0 43
259 2110 0 22
260 3526 0 17
261 7406 0 105
262 8847 0 17
263 2081 0 16
264 1506 0 36
265 1282 0 21
266 2561 0 8
267 464 0 11
268 3305 0 75
269 5774 0 50
270 1394 1 597
271 3763 0 11
272 1018 0 8
273 1429 0 8
274 1288 0 40
275 574 0 12
276 1822 0 8
277 1480 0 5
278 180 1 123
279 729 0 45
280 2605 0 9
281 2868 0 15
282 3373 0 21
283 1983 0 16
284 508 0 8
285 1530 0 14
286 1010 0 114
287 13055 0 13
288 2969 0 7
289 2317 0 12

5 1 1808
25
290 989 0 51
291 3608 0 117
292 1522 0 109
293 1504 0 3
294 1954 0 11
295 1306 0 73
296 1122 0 116
297 1088 0 83
298 1511 0 8
299 1288 0 7
300 863 0 14
301 676 0 11
302 1951 0 13
303 564 0 17
304 1053 0 11
305 776 0 16
306 8829 0 79
307 7700 0 9
308 924 0 7
309 988 0 10
310 1378 0 19
311 2604 0 17
312 1398 0 63
313 818 0 20
314 17098 0 11

6 1 1808
1
315 7551 0 38

7 1 1813
176
316 594 0 9
317 1182 0 18
318 442 0 7
319 1143 0 40
320 1968 0 9
321 7353 0 11
322 1003 0 12
323 5066 0 42
324 729 0 11
325 3169 0 9
326 2825 0 13
327 901 0 8
328 743 0 11
329 2327 0 24
330 205 1 204
331 852 0 13
332 3725 0 9
333 1299 0 6
334 16655 0 67
335 196 0 7
336 1208 0 10
337 2929 0 54
338 34 0 11
339 1104 0 12
340 3548 0 10
341 1425 0 10
342 2975 0 31
343 1028 0 54
344 7727 1 0
345 2053 0 9
346 728 0 28
347 1972 0 19
348 1516 0 22
349 556 0 122
350 3367 0 19
351 2839 0 23
352 1279 0 50
353 2209 0 13
354 919 0 7
355 145 0 27
356 823 0 9
357 2123 0 44
358 923 0 8
359 5148 0 47
360 1980 0 16
361 12226 0 9
362 2005 0 9
363 17473 0 11
364 1175 0 9
365 511 0 30
366 3304 0 71
367 7509 0 18
368 1320 0 32
369 440 0 10
370 1280 0 353
371 1353 0 9
372 1953 0 22
373 3271 0 7
374 1513 0 10
375 669 0 179
376 1202 0 11
377 915 0 12
378 1481 0 10
379 777 0 29
380 1316 0 68
381 683 0 139
382 3226 0 7
383 2130 0 9
384 865 0 12
385 3319 0 13
386 2005 0 12
387 341 0 7
388 2511 0 10
389 2599 0 171
390 9980 0 17
391 291 0 7
392 1475 0 14
393 1532 0 14
394 1189 0 19
395 508 0 165
396 698 1 473
397 2090 0 8
398 1250 0 21
399 966 0 15
400 2645 0 12
401 1057 0 8
402 2799 0 6
403 921 0 9
404 3526 0 67
405 10708 0 12
406 1025 0 67
407 734 1 665
408 1131 1 201
409 2577 0 17
410 746 0 9
411 1841 0 14
412 1057 0 34
413 2297 0 42
414 1022 0 40
415 592 0 8
416 191 0 24
417 991 0 19
418 5129 0 12
419 1045 0 9
420 1295 0 10
421 1435 0 44
422 16367 1 30
423 710 0 12
424 1039 0 319
425 829 0 12
426 356 0 11
427 1132 0 14
428 5084 0 14
429 1420 0 41
430 7734 0 19
431 2811 0 37
432 1118 0 21
433 9980 0 28
434 6453 0 16
435 1426 0 28
436 3268 0 9
437 3676 0 50
438 1221 0 41
439 11798 0 10
440 1832 0 15
441 2947 0 22
442 3614 0 19
443 5120 0 19
444 408 1 0
445 1336 0 147
446 508 0 233
447 1798 0 22
448 3351 0 10
449 9115 0 7
450 5820 0 9
451 1879 0 7
452 989 0 82
453 8149 0 15
454 3233 0 7
455 539 0 25
456 1033 0 11
457 1322 0 69
458 1223 0 13
459 386 0 9
460 758 0 218
461 7244 0 43
462 2358 0 11
463 1788 0 9
464 907 0 9
465 1282 0 11
466 838 0 39
467 1959 0 14
468 1489 0 8
469 1744 0 204
470 400 0 83
471 12729 0 27
472 1391 0 154
473 1945 0 8
474 1324 0 82
475 2893 0 21
476 1949 0 7
477 1869 0 70
478 370 1 437
479 17658 0 10
480 2552 0 11
481 3920 0 9
482 444 0 12
483 500 0 11
484 426 0 324
485 7948 0 19
486 632 0 72
487 1988 1 0
488 542 0 31
489 2643 0 11
490 2650 0 11
491 846 0 14

8 0 1813
1
492 2917 0 107

9 1 1826
25
493 581 0 147
494 1801 0 24
495 1298 0 6
496 2811 0 11
497 989 0 12
498 1571 0 7
499 1824 0 11
500 3353 0 33
501 458 0 10
502 7396 0 173
503 1408 0 12
504 1684 0 35
505 1513 0 39
506 3295 0 11
507 3313 0 7
508 766 0 70
509 1178 0 12
510 5014 0 28
511 3178 0 54
512 173 0 167
513 1023 0 20
514 703 0 109
515 784 0 13
516 1506 0 176
517 287 0 32

10 1 1827
104
518 11795 0 42
519 1504 0 8
520 2140 0 14
521 606 0 146
522 1161 0 13
523 3216 0 12
524 2903 0 11
525 347 0 17
526 9979 0 28
527 727 0 84
528 8024 0 8
529 442 0 17
530 9303 0 16
531 2710 0 53
532 761 0 10
533 106 0 7
534 310 0 112
535 1590 0 14
536 6467 0 13
537 1600 0 7
538 674 0 141
539 3667 0 52
540 636 0 19
541 941 0 26
542 3225 0 15
543 1368 0 11
544 1282 0 11
545 3245 0 10
546 1071 0 155
547 1628 1 16
548 1199 0 9
549 3476 0 20
550 468 0 55
551 1950 0 8
552 3142 1 16
553 3006 0 9
554 6135 0 30
555 1218 0 18
556 6842 0 13
557 181 0 78
558 5093 0 67
559 5088 0 8
560 3545 1 477
561 1422 1 518
562 3202 0 12
563 1071 0 9
564 5030 0 174
565 1184 0 18
566 136 0 28
567 2300 0 23
568 1140 0 38
569 2508 0 77
570 560 0 11
571 5005 0 10
572 268 0 14
573 1129 0 79
574 280 0 11
575 1875 0 39
576 1046 0 17
577 1514 0 28
578 2591 0 182
579 994 0 26
580 2929 0 13
581 5060 0 10
582 575 0 10
583 2574 0 29
584 1285 0 9
585 1323 0 12
586 1009 0 138
587 1051 1 0
588 606 0 10
589 1324 0 37
590 1954 0 52
591 2925 1 0
592 1036 0 9
593 1094 0 12
594 988 0 108
595 1516 0 147
596 913 0 41
597 1206 0 12
598 606 0 136
599 2751 0 9
600 1334 0 23
601 619 0 10
602 601 0 11
603 1293 0 17
604 694 0 32
605 544 0 9
606 7556 0 26
607 1558 0 45
608 1873 0 39
609 1989 0 17
610 739 0 13
611 3354 0 12
612 2307 0 10
613 1410 0 38
614 444 0 41
615 985 0 15
616 3369 0 10
617 1414 0 10
618 663 0 35
619 1963 0 10
620 194 0 49
621 1097 0 49

11 1 1837
110
622 2574 0 150
623 1109 0 13
624 1217 0 6
625 1513 0 117
626 264 0 8
627 1982 0 12
628 962 0 26
629 1514 0 77
630 1452 0 13
631 849 0 55
632 733 0 50
633 238 0 5
634 1418 1 101
635 682 0 7
636 895 0 33
637 3344 0 9
638 463 0 149
639 1428 0 12
640 1947 0 18
641 3297 0 17
642 204 0 6
643 1542 0 17
644 7493 0 8
645 1223 0 12
646 1232 0 12
647 678 0 241
648 2461 0 11
649 12490 0 11
650 2541 0 36
651 2414 0 39
652 2250 0 13
653 2773 0 49
654 792 0 72
655 2142 1 773
656 877 0 14
657 17489 0 11
658 1567 0 209
659 1107 0 7
660 1228 0 32
661 1977 0 16
662 3262 0 17
663 1416 0 14
664 2561 0 22
665 1089 0 8
666 575 0 37
667 3371 0 8
668 1977 0 24
669 407 0 7
670 693 0 158
671 2892 0 8
672 804 0 27
673 667 0 21
674 455 0 29
675 1534 0 8
676 3722 0 66
677 7050 0 12
678 942 1 6
679 1992 0 11
680 133 0 33
681 1078 0 10
682 1012 0 14
683 3152 0 2
684 738 0 8
685 3212 1 0
686 455 0 8
687 1980 0 27
688 537 0 429
689 855 0 53
690 2599 0 17
691 8191 0 71
692 2454 0 69
693 27 0 147
694 6951 0 19
695 1431 0 11
696 957 0 18
697 1097 0 54
698 14920 0 24
699 989 1 0
700 1637 0 29
701 1063 0 11
702 843 0 14
703 1119 0 42
704 1562 0 13
705 676 0 14
706 446 0 201
707 3191 0 112
708 1424 0 149
709 5054 0 102
710 1885 0 43
711 1865 0 11
712 913 0 11
713 430 0 12
714 6719 0 448
715 3152 0 153
716 1420 0 160
717 1326 0 6
718 961 0 11
719 800 0 37
720 1334 0 76
721 1103 0 46
722 1328 0 8
723 1621 0 5
724 2547 0 18
725 5010 0 157
726 2019 0 14
727 3642 0 11
728 1977 0 63
729 1363 0 54
730 1726 0 13
731 1339 1 526

12 1 1841
52
732 913 0 9
733 19 0 18
734 7894 0 26
735 1795 0 7
736 648 0 9
737 502 0 18
738 3345 1 18
739 287 0 41
740 2381 0 13
741 470 0 10
742 953 0 10
743 2188 0 34
744 1815 0 158
745 1887 0 14
746 831 0 35
747 1596 0 10
748 12722 0 109
749 977 0 19
750 9303 0 8
751 523 0 18
752 1947 0 8
753 5064 0 9
754 1294 0 9
755 1530 0 7
756 236 0 171
757 1058 0 41
758 1981 1 20
759 7390 0 13
760 984 0 79
761 949 0 20
762 528 0 9
763 528 0 9
764 518 1 0
765 2481 0 11
766 892 0 7
767 934 1 154
768 2200 0 9
769 3062 0 12
770 357 0 19
771 726 0 14
772 5019 0 11
773 1343 0 9
774 220 0 44
775 3199 0 9
776 1513 0 97
777 1984 0 30
778 1914 0 9
779 966 0 25
780 2541 0 54
781 494 0 8
782 1346 0 12
783 1323 0 7

13 1 1869
1256
784 806 0 44
785 1938 0 8
786 932 0 145
787 3245 0 13
788 1300 0 6
789 206 0 10
790 3001 0 162
791 1332 0 39
792 7947 0 23
793 2535 0 150
794 168 0 75
795 2579 0 19
796 688 0 7
797 2839 0 11
798 1886 0 11
799 461 0 14
800 709 0 7
801 6120 0 69
802 5152 0 194
803 3175 0 9
804 5040 0 33
805 471 0 62
806 961 0 212
807 18049 0 66
808 255 0 16
809 509 0 55
810 950 0 9
811 11795 0 162
812 1596 0 27
813 1805 0 140
814 2575 0 117
815 246 0 9
816 349 0 39
817 2116 1 19
818 3212 0 7
819 2974 0 10
820 3199 0 68
821 1689 0 109
822 1940 0 106
823 3208 0 20
824 235 0 8
825 978 0 145
826 1687 0 9
827 1234 0 12
828 2528 0 37
829 1529 0 35
830 1076 0 7
831 544 0 15
832 171 0 133
833 8096 0 28
834 372 0 17
835 1336 0 24
836 1430 0 7
837 1191 0 14
838 2352 0 54
839 1516 0 22
840 538 0 59
841 1307 0 36
842 1528 1 47
843 2360 0 37
844 942 0 11
845 5145 0 8
846 12417 0 9
847 195 0 16
848 1005 0 8
849 3162 0 106
850 2946 0 13
851 1047 0 9
852 7789 0 15
853 1521 0 8
854 2421 0 11
855 1529 0 17
856 1524 0 11
857 2057 0 29
858 12200 0 24
859 989 0 32
860 2176 1 0
861 1007 0 37
862 1226 0 10
863 14400 0 11
864 636 0 17
865 1620 0 219
866 3142 0 12
867 1838 0 15
868 1530 0 11
869 848 0 10
870 7744 0 11
871 514 0 17
872 1543 0 14
873 1009 0 8
874 232 0 14
875 1 0 7
876 582 0 11
877 1475 0 98
878 2286 0 74
879 1154 0 43
880 7970 0 12
881 2867 0 21
882 2756 0 25
883 255 0 19
884 12702 0 7
885 457 0 88
886 1518 0 10
887 802 0 9
888 1984 0 181
889 934 0 8
890 1471 0 8
891 5095 0 76
892 521 0 12
893 2389 0 37
894 553 0 9
895 798 0 96
896 1961 0 32
897 12746 0 72
898 404 0 9
899 3576 0 53
900 1351 0 12
901 1317 0 9
902 2611 0 12
903 1641 0 46
904 1882 0 149
905 343 0 11
906 832 0 42
907 3060 0 152
908 1349 0 27
909 3149 0 2
910 1419 0 6
911 2079 0 7
912 1175 0 44
913 1062 0 7
914 12869 0 399
915 184 0 11
916 3359 0 188
917 12583 0 122
918 2329 0 12
919 362 0 13
920 1177 0 8
921 1071 0 24
922 145 0 7
923 1357 0 26
924 1170 0 29
925 515 0 98
926 635 0 16
927 945 0 27
928 2851 0 147
929 7341 0 42
930 3194 0 11
931 3146 0 46
932 618 0 13
933 1306 0 178
934 1306 0 69
935 2288 0 77
936 11217 0 38
937 17483 0 10
938 1195 1 0
939 1518 0 12
940 972 0 154
941 3325 0 7
942 930 0 41
943 2932 0 77
944 4146 0 33
945 1872 0 8
946 420 0 13
947 1953 0 13
948 1099 0 38
949 1431 0 178
950 694 0 24
951 670 0 11
952 858 0 10
953 701 0 10
954 3324 0 254
955 16 0 15
956 181 0 9
957 1511 0 12
958 2460 0 34
959 7919 0 20
960 876 0 39
961 1174 0 23
962 1910 0 8
963 991 0 40
964 955 0 89
965 1026 1 0
966 799 0 29
967 9980 0 1
968 841 0 6
969 2353 0 71
970 592 0 20
971 1201 1 14
972 3935 1 0
973 1694 0 22
974 1377 0 75
975 1052 0 273
976 260 0 21
977 671 0 29
978 1529 0 125
979 785 0 11
980 5078 0 11
981 1519 0 12
982 3747 0 10
983 468 0 8
984 499 0 25
985 1981 0 100
986 1973 0 18
987 1021 0 13
988 3234 0 12
989 1236 0 11
990 691 0 94
991 16126 0 15
992 2713 0 14
993 457 0 16
994 1380 0 41
995 714 0 43
996 1172 0 12
997 1409 0 29
998 456 0 11
999 1716 0 12
1000 561 0 70
1001 2866 0 62
1002 1189 0 11
1003 1133 0 8
1004 1511 0 74
1005 786 0 13
1006 2878 0 8
1007 442 0 9
1008 5331 0 36
1009 185 0 111
1010 208 0 13
1011 553 0 110
1012 631 0 105
1013 554 0 11
1014 452 0 25
1015 5078 0 38
1016 6158 0 11
1017 1106 0 12
1018 1296 0 32
1019 583 0 30
1020 1376 0 20
1021 1253 0 20
1022 894 0 75
1023 1071 0 31
1024 12481 0 7
1025 2193 0 75
1026 2269 0 12
1027 2017 0 10
1028 1232 0 115
1029 595 0 60
1030 1405 0 9
1031 1424 0 29
1032 1108 0 8
1033 1195 0 8
1034 618 0 7
1035 1241 0 13
1036 517 0 15
1037 38 0 13
1038 475 0 13
1039 1107 0 7
1040 1332 0 12
1041 6530 0 145
1042 195 0 12
1043 1844 0 14
1044 1522 0 9
1045 1493 0 22
1046 1217 0 13
1047 546 0 147
1048 1349 0 11
1049 938 0 15
1050 2009 0 77
1051 9488 0 157
1052 2193 0 11
1053 6493 0 10
1054 341 0 13
1055 821 0 12
1056 12728 0 9
1057 2373 0 13
1058 3228 0 66
1059 7366 0 8
1060 317 0 36
1061 7500 0 277
1062 2829 0 13
1063 597 0 11
1064 208 0 15
1065 5085 0 31
1066 2782 1 0
1067 1270 0 11
1068 442 0 10
1069 1970 0 62
1070 778 0 784
1071 5007 0 59
1072 703 0 8
1073 346 0 32
1074 3373 0 22
1075 1856 0 110
1076 12887 0 12
1077 2854 1 595
1078 2665 0 59
1079 1526 0 13
1080 1045 1 0
1081 2831 0 36
1082 1279 1 295
1083 1422 0 12
1084 3448 0 27
1085 1381 0 11
1086 3423 0 11
1087 2836 0 33
1088 316 0 48
1089 1147 0 77
1090 423 0 7
1091 16096 0 104
1092 2295 0 27
1093 283 0 33
1094 2034 1 79
1095 1127 0 7
1096 858 0 90
1097 778 0 141
1098 1180 0 38
1099 1352 1 503
1100 908 0 8
1101 1972 0 153
1102 838 0 13
1103 1269 0 66
1104 25 0 18
1105 560 0 10
1106 17005 0 8
1107 899 0 35
1108 1300 0 13
1109 709 0 10
1110 733 0 8
1111 188 0 11
1112 3441 0 9
1113 805 0 12
1114 711 0 10
1115 641 0 22
1116 190 0 33
1117 710 0 65
1118 1685 0 97
1119 3371 0 7
1120 1965 0 14
1121 3294 0 9
1122 904 0 17
1123 3000 0 9
1124 239 0 13
1125 1625 0 39
1126 302 0 54
1127 1081 0 14
1128 2061 0 284
1129 229 0 8
1130 1980 0 13
1131 2191 1 28
1132 419 0 11
1133 2788 0 6
1134 3218 0 110
1135 12870 0 11
1136 1529 0 36
1137 1379 1 0
1138 2153 0 63
1139 62 0 18
1140 5057 0 9
1141 1037 0 36
1142 1073 0 17
1143 5072 0 75
1144 1356 0 14
1145 1410 0 7
1146 1186 0 71
1147 650 0 13
1148 1659 0 7
1149 1821 0 59
1150 838 0 12
1151 3401 0 23
1152 187 0 14
1153 942 0 19
1154 3220 1 0
1155 3011 0 9
1156 1063 0 13
1157 2009 0 57
1158 1784 0 12
1159 17480 0 8
1160 1238 0 67
1161 1887 0 8
1162 12901 0 27
1163 1412 0 12
1164 1136 0 125
1165 898 0 35
1166 2772 0 11
1167 2648 0 10
1168 409 1 0
1169 3450 0 9
1170 994 0 9
1171 711 0 13
1172 2474 0 11
1173 2551 0 11
1174 3363 0 9
1175 923 0 32
1176 1029 0 101
1177 1047 0 156
1178 446 0 7
1179 550 0 45
1180 2857 0 40
1181 953 0 43
1182 1582 0 149
1183 3402 0 9
1184 2037 0 27
1185 4999 0 11
1186 1193 0 13
1187 1068 0 34
1188 1024 0 31
1189 1530 0 7
1190 1359 1 26
1191 1390 0 25
1192 632 0 19
1193 2922 0 11
1194 1734 0 36
1195 645 0 49
1196 7392 0 10
1197 3919 0 18
1198 3141 0 42
1199 1960 0 42
1200 1522 0 7
1201 614 0 18
1202 966 0 156
1203 421 0 12
1204 700 0 128
1205 1505 0 9
1206 1380 0 27
1207 1704 1 30
1208 729 0 110
1209 1972 0 9
1210 3236 0 27
1211 899 1 0
1212 989 0 9
1213 1084 0 22
1214 3447 0 19
1215 1807 0 28
1216 7050 0 439
1217 1965 0 6
1218 1425 0 12
1219 1230 0 11
1220 1527 0 3
1221 630 0 10
1222 1207 0 125
1223 2711 0 7
1224 9980 0 12
1225 1225 0 9
1226 594 0 10
1227 1305 0 31
1228 2889 0 8
1229 1364 0 23
1230 3347 0 248
1231 1936 0 26
1232 870 0 63
1233 673 0 21
1234 1009 0 8
1235 691 0 10
1236 2495 0 8
1237 1515 0 8
1238 1199 0 76
1239 748 0 13
1240 705 0 9
1241 2736 0 11
1242 3184 0 11
1243 454 0 80
1244 313 0 6
1245 2996 0 73
1246 791 0 11
1247 833 0 32
1248 665 0 11
1249 784 1 0
1250 6951 0 15
1251 13598 0 25
1252 1343 0 11
1253 1110 0 27
1254 1959 0 19
1255 546 0 220
1256 2042 0 9
1257 1012 0 5
1258 1147 0 40
1259 7824 0 7
1260 1180 0 12
1261 257 0 24
1262 3215 0 44
1263 3995 0 151
1264 628 0 16
1265 615 0 8
1266 7390 0 11
1267 1094 0 12
1268 429 0 45
1269 3379 0 37
1270 692 0 13
1271 577 0 0
1272 2911 0 15
1273 866 0 9
1274 1567 0 318
1275 2940 0 21
1276 7392 0 11
1277 1241 0 10
1278 2905 0 24
1279 5075 0 9
1280 1127 0 6
1281 3773 0 17
1282 1940 0 13
1283 331 0 12
1284 1934 0 15
1285 1366 0 19
1286 1977 0 13
1287 3278 0 20
1288 1075 0 32
1289 487 0 12
1290 2382 0 36
1291 151 0 8
1292 1971 0 24
1293 738 0 9
1294 1190 0 9
1295 1844 0 12
1296 809 0 9
1297 1184 0 7
1298 685 0 13
1299 1096 1 315
1300 7306 0 99
1301 1413 0 35
1302 208 0 75
1303 647 0 108
1304 3267 1 8
1305 601 0 11
1306 823 0 105
1307 7321 0 10
1308 1001 0 11
1309 277 0 30
1310 1505 0 9
1311 681 0 73
1312 12464 0 19
1313 2084 0 11
1314 3376 0 28
1315 409 0 62
1316 182 0 173
1317 3006 0 38
1318 1054 0 39
1319 12551 0 67
1320 312 0 16
1321 1417 0 89
1322 730 0 71
1323 3558 0 52
1324 1585 0 8
1325 675 0 37
1326 2239 0 97
1327 7263 0 37
1328 375 0 6
1329 1144 0 7
1330 1320 0 13
1331 1404 0 6
1332 1945 0 9
1333 1148 0 71
1334 2938 0 12
1335 564 0 27
1336 1140 0 28
1337 1362 0 9
1338 823 0 8
1339 3193 0 9
1340 3377 0 24
1341 3196 0 8
1342 1123 0 10
1343 620 0 317
1344 7341 0 10
1345 665 0 211
1346 6733 0 79
1347 624 0 7
1348 640 0 69
1349 619 0 11
1350 3750 0 54
1351 3242 0 13
1352 852 0 10
1353 2840 0 18
1354 731 0 7
1355 1265 0 11
1356 8886 0 146
1357 888 0 71
1358 13 0 25
1359 8182 0 172
1360 806 0 146
1361 1024 0 12
1362 1299 0 31
1363 21 0 10
1364 7389 0 13
1365 3255 0 12
1366 3202 0 8
1367 3785 0 137
1368 2065 0 13
1369 9303 0 10
1370 299 0 29
1371 12605 0 83
1372 1045 0 10
1373 1522 0 81
1374 2860 0 8
1375 1084 0 11
1376 6952 0 13
1377 1427 0 133
1378 622 0 72
1379 409 0 1
1380 3655 1 0
1381 1364 0 71
1382 7371 0 14
1383 1951 0 11
1384 6366 0 14
1385 2346 0 19
1386 603 0 12
1387 9228 1 132
1388 2076 0 68
1389 3375 0 9
1390 434 0 43
1391 3317 0 28
1392 989 0 13
1393 547 0 10
1394 1519 0 20
1395 441 0 12
1396 2933 0 42
1397 756 0 16
1398 900 0 137
1399 11610 0 16
1400 2896 0 30
1401 1775 0 13
1402 272 0 24
1403 1981 0 38
1404 1432 0 12
1405 484 0 9
1406 3601 0 12
1407 3156 0 10
1408 518 0 8
1409 5085 0 10
1410 559 1 0
1411 3176 1 856
1412 640 0 47
1413 12698 0 63
1414 961 0 10
1415 830 0 34
1416 501 0 10
1417 1200 0 91
1418 3225 0 9
1419 1092 0 67
1420 795 0 131
1421 475 0 12
1422 932 0 9
1423 3496 0 13
1424 3773 0 13
1425 998 0 11
1426 893 0 34
1427 259 0 13
1428 4995 0 16
1429 801 0 15
1430 3194 0 9
1431 540 0 12
1432 2972 0 11
1433 672 0 10
1434 1974 0 6
1435 532 0 11
1436 1307 0 25
1437 1429 0 32
1438 11934 0 11
1439 1321 0 12
1440 303 0 9
1441 670 0 12
1442 2459 0 8
1443 5096 1 40
1444 1323 0 34
1445 1941 0 9
1446 680 0 9
1447 1273 0 171
1448 1516 0 114
1449 12206 0 57
1450 3348 0 46
1451 934 0 12
1452 1158 0 8
1453 1251 0 18
1454 465 0 805
1455 2160 1 46
1456 1019 0 6
1457 3377 0 12
1458 5098 0 7
1459 826 0 22
1460 5114 0 71
1461 5779 1 6
1462 1947 0 10
1463 805 0 31
1464 796 0 32
1465 7790 0 185
1466 406 0 12
1467 1474 0 8
1468 1404 0 11
1469 1023 0 9
1470 3352 0 103
1471 666 1 453
1472 1537 0 12
1473 3372 0 34
1474 1408 0 9
1475 1445 0 73
1476 1955 0 12
1477 984 0 29
1478 604 0 107
1479 699 0 3
1480 2815 0 18
1481 6892 0 31
1482 403 0 35
1483 1104 0 10
1484 1023 0 38
1485 344 0 30
1486 2446 0 13
1487 918 0 10
1488 940 0 90
1489 438 0 7
1490 697 0 88
1491 8025 0 103
1492 498 0 14
1493 894 0 7
1494 1057 0 162
1495 2560 0 12
1496 989 0 12
1497 552 0 9
1498 3195 0 26
1499 1078 0 17
1500 1408 0 31
1501 1147 0 12
1502 884 0 80
1503 3142 0 19
1504 2504 0 10
1505 9534 0 15
1506 12573 0 30
1507 1299 0 8
1508 598 0 10
1509 1899 0 182
1510 1713 0 12
1511 940 0 13
1512 6056 0 29
1513 7277 0 13
1514 279 0 2
1515 216 0 222
1516 462 1 17
1517 761 0 9
1518 373 0 12
1519 3323 0 15
1520 1622 0 11
1521 598 0 22
1522 2931 0 79
1523 1345 0 17
1524 440 0 10
1525 750 0 9
1526 1132 0 8
1527 5130 0 71
1528 1281 0 10
1529 2914 0 11
1530 1133 0 8
1531 6180 0 44
1532 3191 1 265
1533 1340 0 25
1534 678 0 55
1535 1623 0 7
1536 12 0 45
1537 5125 0 41
1538 1294 0 16
1539 1430 0 10
1540 3166 0 69
1541 2340 0 11
1542 282 0 32
1543 1990 0 11
1544 1390 0 172
1545 3163 0 21
1546 406 0 70
1547 1790 0 11
1548 1511 0 14
1549 2797 0 16
1550 194 0 27
1551 3432 0 9
1552 7289 0 224
1553 3221 0 20
1554 880 0 12
1555 1633 0 12
1556 3347 0 13
1557 1163 0 7
1558 1516 0 12
1559 1814 0 71
1560 1290 0 13
1561 682 0 13
1562 816 0 28
1563 2946 0 63
1564 755 0 83
1565 1513 0 45
1566 1628 0 7
1567 6206 0 13
1568 5031 0 10
1569 1863 0 10
1570 2824 0 219
1571 791 0 11
1572 3426 0 54
1573 573 0 7
1574 1306 0 10
1575 1289 0 11
1576 2704 0 23
1577 13595 0 19
1578 1522 0 14
1579 2788 0 142
1580 669 1 0
1581 5073 0 10
1582 5118 0 98
1583 782 0 19
1584 1176 0 13
1585 2442 0 77
1586 2567 0 17
1587 825 0 617
1588 1635 0 73
1589 1180 1 395
1590 1398 0 137
1591 2929 0 39
1592 2256 0 7
1593 1522 0 5
1594 1518 1 315
1595 3340 0 11
1596 1126 0 15
1597 711 0 7
1598 1861 0 10
1599 739 0 9
1600 1975 0 73
1601 431 0 8
1602 1384 0 7
1603 1375 0 122
1604 1555 0 11
1605 633 0 9
1606 5063 0 12
1607 165 0 11
1608 856 0 71
1609 1067 0 12
1610 365 0 43
1611 2546 1 96
1612 507 0 10
1613 1971 0 73
1614 1003 0 10
1615 2294 0 40
1616 1205 0 450
1617 6207 0 157
1618 3581 0 13
1619 1564 0 204
1620 2612 0 12
1621 7883 0 278
1622 2796 0 11
1623 485 0 7
1624 3141 0 18
1625 2638 1 25
1626 7545 0 33
1627 1018 1 0
1628 3282 0 7
1629 1205 0 7
1630 489 0 11
1631 489 0 9
1632 184 0 24
1633 1273 0 16
1634 660 0 36
1635 3158 0 11
1636 3283 0 48
1637 516 0 8
1638 1784 0 12
1639 1102 0 35
1640 5048 0 9
1641 1200 0 32
1642 3930 0 63
1643 703 0 12
1644 609 0 39
1645 5101 0 40
1646 1225 0 11
1647 1517 0 75
1648 581 0 17
1649 1958 0 11
1650 6359 0 10
1651 2033 0 14
1652 3428 0 10
1653 2536 0 93
1654 5160 0 63
1655 7851 0 26
1656 2582 0 12
1657 1144 0 7
1658 1306 0 40
1659 2924 0 304
1660 1945 0 9
1661 170 0 10
1662 2803 0 8
1663 1380 0 11
1664 521 0 10
1665 2993 0 128
1666 1426 0 11
1667 652 1 0
1668 797 0 9
1669 993 0 11
1670 7669 0 74
1671 1397 0 69
1672 3319 0 32
1673 933 0 11
1674 2996 0 12
1675 487 0 31
1676 390 0 38
1677 719 0 12
1678 1530 0 181
1679 1075 0 177
1680 3278 0 9
1681 953 0 19
1682 3372 0 7
1683 12901 0 10
1684 5157 1 0
1685 1110 0 148
1686 1685 0 10
1687 2369 0 28
1688 495 0 9
1689 782 1 91
1690 1469 0 72
1691 3193 0 144
1692 1320 0 13
1693 9982 0 171
1694 6538 0 19
1695 1348 0 38
1696 1545 0 115
1697 909 0 10
1698 492 0 11
1699 5041 0 116
1700 864 0 10
1701 1189 0 62
1702 2567 0 8
1703 2067 0 6
1704 638 0 10
1705 3377 0 262
1706 305 0 28
1707 184 0 22
1708 510 0 11
1709 2340 0 22
1710 492 0 10
1711 773 0 33
1712 7390 0 15
1713 1016 0 22
1714 3737 0 15
1715 506 0 22
1716 1425 0 10
1717 8830 0 8
1718 731 0 128
1719 6127 0 18
1720 1969 0 12
1721 3232 0 28
1722 1931 0 163
1723 9979 0 18
1724 762 0 38
1725 207 0 10
1726 1721 0 140
1727 3309 0 2
1728 2394 0 9
1729 1555 0 6
1730 5760 0 10
1731 1383 0 19
1732 1346 0 13
1733 514 0 8
1734 1402 0 177
1735 550 0 71
1736 1015 0 11
1737 2069 0 74
1738 496 0 8
1739 2869 0 49
1740 3658 0 9
1741 1418 0 12
1742 968 0 11
1743 3315 0 12
1744 1081 0 182
1745 1211 0 16
1746 2421 0 11
1747 717 0 12
1748 1853 0 18
1749 3332 1 15
1750 989 0 8
1751 428 0 11
1752 989 0 11
1753 1368 0 9
1754 8 0 23
1755 2438 0 13
1756 355 0 9
1757 1515 0 8
1758 2453 1 4
1759 2049 0 7
1760 599 0 53
1761 5085 0 7
1762 555 0 8
1763 6877 0 69
1764 872 0 8
1765 944 0 35
1766 1537 0 19
1767 1633 0 359
1768 3370 0 30
1769 1057 0 14
1770 2265 0 7
1771 7350 0 8
1772 1356 0 23
1773 1268 0 11
1774 3378 1 19
1775 1272 0 11
1776 676 0 161
1777 1566 0 19
1778 25 0 8
1779 1187 0 12
1780 1280 0 134
1781 1415 0 12
1782 530 0 26
1783 1167 0 32
1784 7048 0 77
1785 11606 0 8
1786 1287 0 11
1787 664 1 596
1788 208 1 0
1789 1540 0 9
1790 1387 0 19
1791 2950 0 10
1792 896 1 23
1793 1095 0 8
1794 1529 0 30
1795 1082 0 40
1796 1529 0 12
1797 2614 0 74
1798 285 0 10
1799 1026 0 79
1800 493 0 18
1801 618 0 9
1802 11272 0 11
1803 11286 0 7
1804 750 0 10
1805 1360 0 47
1806 455 0 9
1807 1723 0 7
1808 3498 0 8
1809 11819 0 12
1810 613 0 51
1811 1907 0 19
1812 3250 0 8
1813 199 0 12
1814 3374 0 33
1815 799 0 62
1816 1044 0 11
1817 1525 0 9
1818 4053 0 6
1819 1106 0 13
1820 8915 0 7
1821 1261 0 67
1822 2846 0 11
1823 1419 0 43
1824 1673 0 10
1825 1619 0 8
1826 571 0 128
1827 606 1 0
1828 14371 0 14
1829 1171 0 68
1830 701 0 327
1831 192 0 52
1832 1944 0 9
1833 1970 0 13
1834 3377 0 9
1835 6106 0 8
1836 1703 0 32
1837 761 0 8
1838 9554 0 83
1839 468 0 29
1840 2546 0 10
1841 1390 0 45
1842 1524 1 0
1843 707 0 69
1844 1046 0 11
1845 1057 0 10
1846 1042 0 24
1847 5956 0 47
1848 1957 0 11
1849 989 0 7
1850 1374 0 7
1851 1244 0 14
1852 694 0 8
1853 6366 0 15
1854 633 0 11
1855 3698 0 10
1856 1360 0 99
1857 3488 0 19
1858 13516 0 313
1859 3373 0 18
1860 1288 0 19
1861 2321 0 11
1862 3359 0 105
1863 416 0 134
1864 1422 0 16
1865 1664 0 17
1866 614 0 18
1867 1025 0 128
1868 1522 0 11
1869 2288 0 73
1870 989 0 8
1871 840 0 5
1872 460 0 10
1873 973 0 84
1874 226 0 42
1875 3278 0 6
1876 3223 0 81
1877 2552 0 34
1878 3286 0 10
1879 3206 0 13
1880 1790 0 22
1881 12396 0 11
1882 7302 0 8
1883 2914 0 11
1884 3326 0 8
1885 7368 0 7
1886 636 0 83
1887 1373 0 2
1888 1111 0 8
1889 3408 0 17
1890 2926 0 18
1891 1518 0 30
1892 590 0 40
1893 6885 0 10
1894 780 0 9
1895 1553 0 10
1896 1230 0 20
1897 1226 0 46
1898 2253 0 15
1899 1166 0 7
1900 1306 0 34
1901 13571 0 77
1902 2804 0 15
1903 780 1 267
1904 5761 0 12
1905 531 0 11
1906 414 0 21
1907 746 0 37
1908 203 0 14
1909 2029 0 99
1910 661 0 151
1911 946 0 11
1912 1978 1 20
1913 761 0 38
1914 559 0 18
1915 1349 0 13
1916 678 0 10
1917 278 0 13
1918 2895 0 12
1919 1483 0 79
1920 1142 0 101
1921 1015 0 193
1922 1389 0 10
1923 1043 0 91
1924 1529 0 8
1925 7726 0 9
1926 1041 0 36
1927 1093 0 38
1928 989 0 38
1929 1085 0 15
1930 1200 0 140
1931 1070 0 9
1932 1835 1 20
1933 648 0 109
1934 142 0 12
1935 692 0 6
1936 915 0 8
1937 793 0 38
1938 2223 0 16
1939 3153 0 54
1940 480 0 11
1941 1344 0 12
1942 909 0 11
1943 4016 0 37
1944 755 0 184
1945 3343 0 23
1946 2803 0 12
1947 817 0 12
1948 5029 0 14
1949 2835 0 6
1950 1259 0 11
1951 1318 0 107
1952 5031 0 6
1953 444 0 11
1954 14371 0 11
1955 1429 0 101
1956 306 0 9
1957 775 0 7
1958 863 1 108
1959 654 0 68
1960 1412 0 8
1961 1409 0 68
1962 1963 0 8
1963 1042 0 38
1964 7317 1 620
1965 3166 0 67
1966 1962 0 38
1967 228 0 9
1968 1040 0 92
1969 1238 0 9
1970 788 0 12
1971 860 0 9
1972 3672 0 13
1973 3164 0 79
1974 1411 0 79
1975 5054 0 12
1976 3303 0 11
1977 16343 0 12
1978 1086 0 10
1979 1948 0 10
1980 2253 0 20
1981 1050 1 40
1982 1320 0 10
1983 7659 0 19
1984 415 0 17
1985 1397 0 9
1986 839 0 19
1987 1451 0 3
1988 2850 0 10
1989 2822 0 24
1990 687 0 268
1991 1779 0 9
1992 781 0 40
1993 1324 0 12
1994 945 0 6
1995 6742 0 10
1996 2369 0 13
1997 1081 0 12
1998 1956 0 26
1999 165 0 9
2000 1976 0 38
2001 1246 0 42
2002 2309 0 276
2003 7033 0 10
2004 254 0 19
2005 824 0 16
2006 1421 0 18
2007 3224 0 10
2008 1417 0 11
2009 733 0 17
2010 2394 0 42
2011 14924 1 376
2012 1062 0 29
2013 3198 0 41
2014 260 0 12
2015 969 0 6
2016 2925 0 70
2017 921 0 10
2018 195 0 213
2019 1191 0 40
2020 974 0 13
2021 1412 0 11
2022 1935 1 400
2023 2918 1 473
2024 433 0 45
2025 6107 0 14
2026 1016 0 11
2027 1135 0 42
2028 609 0 17
2029 922 0 7
2030 1504 0 11
2031 810 0 10
2032 1197 0 11
2033 1364 0 11
2034 469 0 65
2035 1082 0 58
2036 893 0 23
2037 754 0 8
2038 3266 0 13
2039 1256 0 34

14 1 1883
1
2040 3651 0 11

15 1 1912
31
2041 989 0 10
2042 181 0 38
2043 2409 0 26
2044 7548 0 10
2045 1493 0 67
2046 931 0 11
2047 1260 0 13
2048 1352 0 11
2049 730 0 19
2050 1339 0 11
2051 620 0 24
2052 633 0 10
2053 3709 0 15
2054 698 0 15
2055 1392 0 13
2056 1111 1 8
2057 161 0 78
2058 1166 0 13
2059 268 0 16
2060 106 0 11
2061 2231 0 87
2062 1057 0 131
2063 354 0 8
2064 1946 0 29
2065 1214 0 26
2066 1948 0 39
2067 2489 0 14
2068 1518 0 32
2069 594 0 12
2070 681 0 9
2071 2228 0 9

16 1 1919
1060
2072 446 0 13
2073 1092 0 15
2074 172 0 42
2075 1516 0 9
2076 442 0 12
2077 817 0 11
2078 460 0 20
2079 539 0 8
2080 1010 0 45
2081 1284 0 11
2082 2770 0 33
2083 822 0 148
2084 3929 0 14
2085 855 0 32
2086 3147 0 128
2087 180 1 0
2088 1253 0 29
2089 1410 0 16
2090 1296 0 70
2091 1317 0 8
2092 1626 0 12
2093 3314 0 79
2094 2537 0 21
2095 1652 0 101
2096 3907 0 37
2097 2111 1 147
2098 1301 0 9
2099 208 1 0
2100 357 0 11
2101 517 0 7
2102 1142 0 12
2103 1757 0 81
2104 5057 0 7
2105 1047 0 11
2106 1047 0 9
2107 644 0 7
2108 493 0 28
2109 989 1 17
2110 1528 1 315
2111 452 0 171
2112 706 0 11
2113 421 0 114
2114 1335 0 11
2115 7933 0 8
2116 549 0 14
2117 391 0 11
2118 411 0 29
2119 1101 0 71
2120 2554 0 26
2121 950 1 0
2122 504 0 41
2123 989 0 8
2124 6203 0 14
2125 553 0 19
2126 304 0 10
2127 1395 0 22
2128 1998 0 10
2129 1977 0 34
2130 5041 0 8
2131 972 0 81
2132 2497 0 39
2133 1429 0 36
2134 3915 0 11
2135 468 0 8
2136 902 1 89
2137 599 0 40
2138 3230 0 109
2139 886 0 11
2140 641 0 163
2141 2172 0 9
2142 1376 0 11
2143 667 0 167
2144 501 0 223
2145 1688 0 16
2146 1332 0 7
2147 974 0 45
2148 3197 0 10
2149 2025 0 41
2150 1269 0 16
2151 1427 0 248
2152 621 0 11
2153 204 0 13
2154 612 0 45
2155 1183 0 12
2156 710 0 69
2157 3273 0 8
2158 707 0 35
2159 1325 0 8
2160 2928 0 14
2161 2233 0 17
2162 7930 0 291
2163 5093 0 16
2164 644 0 7
2165 178 0 11
2166 5077 0 195
2167 739 0 12
2168 598 0 150
2169 5031 0 99
2170 1373 0 8
2171 579 0 33
2172 219 0 47
2173 9986 0 116
2174 1533 0 11
2175 2531 0 221
2176 1398 0 5
2177 211 0 13
2178 1982 0 10
2179 701 0 141
2180 562 0 9
2181 7556 0 13
2182 5000 0 27
2183 2827 0 130
2184 1899 0 30
2185 1040 0 8
2186 1583 0 10
2187 1011 0 8
2188 809 0 168
2189 869 1 199
2190 2431 0 35
2191 1144 0 34
2192 767 0 10
2193 1092 0 284
2194 1426 0 71
2195 1221 0 75
2196 373 0 27
2197 698 0 14
2198 1990 0 11
2199 1205 0 10
2200 1247 1 128
2201 2483 0 99
2202 1407 0 76
2203 761 1 515
2204 2093 0 12
2205 6241 0 79
2206 12735 0 70
2207 3163 0 17
2208 2831 0 7
2209 1513 0 292
2210 3229 0 12
2211 304 0 9
2212 2054 0 10
2213 1672 0 16
2214 857 0 45
2215 2005 0 23
2216 932 0 8
2217 971 0 188
2218 1953 0 17
2219 4117 0 52
2220 854 0 13
2221 6911 0 83
2222 4343 0 69
2223 12926 0 19
2224 15985 0 740
2225 5527 0 9
2226 1039 0 55
2227 246 0 16
2228 5040 0 13
2229 3194 0 211
2230 11836 0 7
2231 16871 0 48
2232 930 0 14
2233 609 0 11
2234 1426 0 10
2235 336 0 11
2236 492 0 78
2237 1528 0 7
2238 774 0 27
2239 7665 0 94
2240 1504 0 74
2241 2247 0 126
2242 3517 0 7
2243 1199 0 8
2244 1963 1 91
2245 2066 0 26
2246 6099 0 18
2247 952 0 11
2248 1982 0 13
2249 3158 1 20
2250 8839 0 8
2251 5070 0 11
2252 1409 0 11
2253 1033 0 9
2254 1165 0 17
2255 2488 0 45
2256 17472 0 111
2257 1359 0 55
2258 1178 0 38
2259 12481 0 22
2260 1120 0 13
2261 7494 0 152
2262 2499 0 111
2263 770 0 12
2264 1350 0 13
2265 1953 0 55
2266 504 1 0
2267 1518 0 11
2268 1253 0 63
2269 1225 0 10
2270 1013 0 12
2271 2924 0 19
2272 436 0 13
2273 447 0 8
2274 7474 0 8
2275 194 0 31
2276 1598 0 13
2277 185 0 36
2278 5027 0 7
2279 555 0 7
2280 2085 0 19
2281 1371 0 29
2282 2240 0 13
2283 649 0 28
2284 3191 0 12
2285 1205 0 10
2286 142 0 11
2287 541 0 11
2288 2299 0 10
2289 3459 0 11
2290 1425 0 14
2291 1060 0 9
2292 3338 0 17
2293 1326 0 11
2294 6733 0 29
2295 190 0 8
2296 420 0 11
2297 910 0 62
2298 3306 0 12
2299 2441 0 76
2300 621 0 10
2301 968 0 8
2302 3478 0 19
2303 647 0 11
2304 3539 0 11
2305 1841 0 68
2306 1728 0 10
2307 1989 0 110
2308 2892 0 7
2309 476 0 12
2310 1402 0 13
2311 375 0 11
2312 1213 0 9
2313 2556 0 8
2314 1294 0 42
2315 1229 0 9
2316 3235 0 10
2317 1095 0 14
2318 556 0 70
2319 514 0 77
2320 1186 1 0
2321 2033 0 17
2322 2456 0 72
2323 1007 0 33
2324 682 0 14
2325 1013 0 8
2326 2839 0 8
2327 417 0 9
2328 202 0 7
2329 13377 0 44
2330 3554 0 11
2331 1355 0 11
2332 4022 0 9
2333 1192 0 44
2334 1321 0 71
2335 17184 0 13
2336 616 0 10
2337 1526 1 0
2338 1136 0 617
2339 1804 1 0
2340 1092 0 71
2341 3764 0 13
2342 1950 0 23
2343 889 0 13
2344 1280 0 7
2345 875 0 11
2346 2849 0 37
2347 1240 0 13
2348 1016 0 13
2349 563 0 110
2350 6569 0 10
2351 634 0 68
2352 3087 0 30
2353 3143 0 322
2354 632 0 14
2355 1361 0 36
2356 554 0 219
2357 7396 0 11
2358 1284 0 275
2359 567 0 11
2360 1515 0 12
2361 553 0 53
2362 398 0 112
2363 3372 0 23
2364 2719 0 19
2365 597 0 10
2366 1341 0 7
2367 989 0 8
2368 1198 0 10
2369 982 0 23
2370 948 0 32
2371 665 0 171
2372 1969 0 31
2373 2562 0 119
2374 800 0 75
2375 1985 0 205
2376 321 0 29
2377 673 0 16
2378 658 0 17
2379 2787 0 47
2380 989 0 16
2381 1216 0 13
2382 948 0 17
2383 7772 0 8
2384 3316 0 132
2385 1754 0 60
2386 2272 0 38
2387 669 0 8
2388 2839 0 8
2389 1428 1 28
2390 1320 0 9
2391 1348 0 13
2392 458 0 30
2393 1429 0 11
2394 3176 0 8
2395 3243 0 11
2396 1211 0 75
2397 1805 0 6
2398 1579 0 36
2399 894 0 18
2400 2537 0 10
2401 613 0 16
2402 5078 0 113
2403 1513 0 73
2404 1090 0 7
2405 986 0 177
2406 869 0 10
2407 1984 0 10
2408 648 0 6
2409 689 0 23
2410 701 0 14
2411 905 0 9
2412 1277 1 16
2413 1080 1 0
2414 907 0 11
2415 1431 0 9
2416 1117 0 10
2417 3372 0 0
2418 1156 0 18
2419 2717 0 107
2420 2430 0 8
2421 1790 0 9
2422 432 0 12
2423 1325 0 8
2424 5032 0 9
2425 14372 0 11
2426 526 0 15
2427 1647 0 21
2428 1483 0 11
2429 1132 0 13
2430 6956 0 10
2431 917 0 18
2432 621 0 10
2433 898 0 8
2434 1723 0 168
2435 1313 0 41
2436 650 0 14
2437 1192 0 60
2438 706 0 155
2439 1978 0 60
2440 1193 0 27
2441 684 0 52
2442 960 0 11
2443 1279 0 9
2444 1012 0 11
2445 6749 0 617
2446 8191 0 7
2447 601 0 218
2448 10018 0 75
2449 898 0 11
2450 172 1 503
2451 719 0 14
2452 989 0 11
2453 6951 0 20
2454 1224 0 8
2455 94 0 13
2456 1976 0 37
2457 669 0 10
2458 1512 0 63
2459 2972 0 8
2460 2955 0 9
2461 6137 0 59
2462 1862 0 13
2463 6895 0 207
2464 1127 0 389
2465 1947 0 23
2466 1516 0 105
2467 16678 0 39
2468 646 0 12
2469 379 1 17
2470 10434 0 10
2471 421 0 137
2472 1884 0 5
2473 334 1 319
2474 905 0 7
2475 1041 0 9
2476 1680 0 23
2477 1289 0 7
2478 1933 0 8
2479 1346 1 28
2480 707 0 26
2481 14375 0 11
2482 1155 0 7
2483 648 0 13
2484 1643 0 12
2485 1214 0 17
2486 6366 0 11
2487 3390 0 12
2488 647 0 85
2489 1179 0 55
2490 171 0 103
2491 1731 1 0
2492 6184 0 7
2493 7231 0 9
2494 970 0 10
2495 1086 0 30
2496 697 1 46
2497 1518 0 145
2498 224 0 103
2499 3109 0 69
2500 2134 0 45
2501 1423 0 106
2502 2852 0 70
2503 1140 0 275
2504 515 0 10
2505 1964 0 7
2506 261 0 18
2507 389 0 10
2508 1114 0 11
2509 324 0 37
2510 2876 0 15
2511 2957 0 110
2512 1960 0 11
2513 1528 0 10
2514 333 0 17
2515 1172 0 14
2516 7346 0 86
2517 2123 0 13
2518 2793 0 9
2519 2557 0 6
2520 1429 0 9
2521 1026 0 27
2522 3482 1 28
2523 2146 0 10
2524 733 0 11
2525 361 0 13
2526 983 0 12
2527 3377 0 83
2528 5039 0 63
2529 989 0 80
2530 7746 0 7
2531 444 0 15
2532 174 0 60
2533 3549 0 11
2534 1073 0 18
2535 8183 0 12
2536 377 0 18
2537 989 0 223
2538 184 0 168
2539 986 0 33
2540 3304 0 69
2541 539 0 12
2542 12847 0 12
2543 1854 0 17
2544 1280 0 46
2545 672 1 0
2546 1948 0 10
2547 1983 0 11
2548 832 0 8
2549 526 0 11
2550 935 0 17
2551 1245 0 15
2552 1310 1 0
2553 597 0 14
2554 562 0 145
2555 1841 0 12
2556 3222 0 11
2557 488 0 11
2558 995 0 37
2559 3451 0 30
2560 1304 1 0
2561 597 0 11
2562 206 0 7
2563 2537 0 50
2564 1081 0 44
2565 502 0 46
2566 1129 0 37
2567 1000 0 10
2568 3204 0 131
2569 931 0 10
2570 690 0 10
2571 3374 0 93
2572 6566 0 12
2573 2715 0 11
2574 999 0 13
2575 2371 0 11
2576 1195 0 30
2577 1111 0 8
2578 462 0 15
2579 850 0 9
2580 1410 0 59
2581 639 0 47
2582 1864 1 6
2583 905 0 41
2584 1958 0 299
2585 7553 0 7
2586 3493 0 12
2587 710 0 9
2588 1537 0 32
2589 8829 0 111
2590 1475 0 13
2591 1291 0 7
2592 2519 0 24
2593 6730 0 186
2594 846 0 9
2595 1046 0 10
2596 1961 0 9
2597 3215 0 11
2598 1756 0 6
2599 1002 0 9
2600 1513 0 10
2601 12255 0 12
2602 1523 0 214
2603 525 0 12
2604 372 0 9
2605 1349 0 42
2606 2307 0 17
2607 715 0 40
2608 2342 0 34
2609 1200 0 44
2610 5005 0 16
2611 1537 0 11
2612 8839 0 57
2613 1524 0 24
2614 1411 0 86
2615 262 0 11
2616 872 0 31
2617 379 0 10
2618 1402 0 85
2619 441 0 9
2620 509 0 163
2621 1204 0 11
2622 5027 0 59
2623 171 0 28
2624 346 0 11
2625 3183 0 54
2626 6238 0 12
2627 3178 0 12
2628 1957 0 11
2629 1065 0 7
2630 2748 0 12
2631 1391 0 12
2632 2441 0 19
2633 3078 0 23
2634 184 0 49
2635 1718 0 101
2636 472 0 12
2637 1030 0 12
2638 12836 0 10
2639 1767 0 13
2640 1259 0 72
2641 507 0 130
2642 750 0 11
2643 3553 0 8
2644 5013 0 10
2645 1149 1 596
2646 1108 0 66
2647 446 0 7
2648 881 0 20
2649 1950 0 15
2650 9581 0 8
2651 2863 0 11
2652 17783 0 89
2653 1383 0 9
2654 998 0 10
2655 3824 0 12
2656 4997 0 51
2657 1325 0 19
2658 13005 1 517
2659 739 0 7
2660 1530 0 109
2661 747 0 16
2662 2032 0 8
2663 7816 0 24
2664 1810 0 73
2665 2229 0 161
2666 886 0 8
2667 897 0 8
2668 2465 0 18
2669 930 0 12
2670 1708 0 51
2671 2919 0 81
2672 993 0 11
2673 542 0 7
2674 15 0 7
2675 1173 0 14
2676 1415 0 11
2677 5133 0 71
2678 819 0 8
2679 2200 0 14
2680 3253 0 29
2681 5124 0 8
2682 16172 0 8
2683 405 0 128
2684 2152 0 13
2685 866 0 23
2686 1265 0 30
2687 920 0 11
2688 1771 0 49
2689 1298 0 9
2690 931 0 8
2691 3140 0 14
2692 1202 0 23
2693 965 0 178
2694 2894 0 27
2695 2727 0 145
2696 339 0 19
2697 4685 0 41
2698 1185 0 12
2699 7309 0 12
2700 3181 0 25
2701 1513 0 15
2702 2536 0 12
2703 2957 0 18
2704 1197 0 8
2705 6568 0 12
2706 2588 0 20
2707 1951 0 42
2708 3719 0 22
2709 418 1 13
2710 6167 0 7
2711 1665 0 7
2712 1140 0 42
2713 3293 0 94
2714 5004 0 12
2715 1953 0 130
2716 6744 0 42
2717 4052 0 38
2718 46 1 41
2719 2782 0 10
2720 394 0 37
2721 12241 0 79
2722 183 0 6
2723 2160 0 12
2724 1426 0 9
2725 698 0 29
2726 1657 0 112
2727 810 0 28
2728 169 0 16
2729 1111 0 8
2730 804 1 201
2731 1124 0 13
2732 939 0 67
2733 980 0 28
2734 171 0 11
2735 1371 0 39
2736 1537 0 11
2737 508 0 28
2738 17449 0 10
2739 1025 0 98
2740 381 0 9
2741 1374 0 11
2742 918 0 9
2743 1660 0 12
2744 553 0 27
2745 622 0 5
2746 656 0 23
2747 5031 0 16
2748 887 0 62
2749 2800 0 48
2750 787 0 270
2751 713 0 62
2752 411 0 34
2753 3128 0 27
2754 6122 0 11
2755 889 0 14
2756 16469 0 39
2757 1184 0 23
2758 6772 0 11
2759 2034 0 10
2760 2556 0 15
2761 1272 0 7
2762 18 0 53
2763 27 0 10
2764 2393 0 49
2765 1035 0 12
2766 993 0 23
2767 804 0 12
2768 648 0 22
2769 3259 0 105
2770 856 0 372
2771 297 0 7
2772 3334 0 6
2773 202 1 7
2774 1084 0 35
2775 558 0 11
2776 989 0 63
2777 1513 0 37
2778 720 0 8
2779 835 0 22
2780 1529 0 41
2781 6147 0 9
2782 2052 0 42
2783 1518 0 109
2784 693 0 40
2785 3605 0 10
2786 942 0 52
2787 1279 0 20
2788 514 1 0
2789 1869 0 14
2790 935 0 15
2791 405 0 52
2792 5067 0 308
2793 422 0 11
2794 1359 0 12
2795 1235 0 11
2796 3199 0 10
2797 2836 0 68
2798 1333 0 17
2799 2828 0 11
2800 239 0 16
2801 1254 0 6
2802 1533 0 72
2803 722 0 37
2804 1107 0 13
2805 747 0 51
2806 416 0 13
2807 839 0 72
2808 1355 0 16
2809 1210 0 11
2810 2352 0 8
2811 1971 0 11
2812 2935 0 35
2813 981 0 69
2814 1537 0 6
2815 3735 0 74
2816 2837 0 11
2817 1234 0 38
2818 1284 0 7
2819 347 0 11
2820 896 0 10
2821 3163 0 10
2822 3316 0 21
2823 1370 0 21
2824 2458 0 8
2825 1513 0 18
2826 1521 0 13
2827 1846 0 13
2828 2537 0 172
2829 1533 0 11
2830 504 0 9
2831 2045 0 45
2832 1155 0 134
2833 8915 1 0
2834 3331 0 9
2835 1288 0 88
2836 190 0 7
2837 2581 0 9
2838 3410 0 8
2839 989 0 7
2840 7183 0 7
2841 463 0 12
2842 500 0 34
2843 1342 0 12
2844 1593 0 8
2845 2117 0 10
2846 3525 0 110
2847 1967 0 107
2848 932 0 11
2849 3247 0 161
2850 438 0 15
2851 7662 0 71
2852 3808 0 9
2853 748 0 13
2854 3156 0 10
2855 1429 0 26
2856 1992 0 20
2857 12744 0 617
2858 641 0 78
2859 1337 0 110
2860 761 0 52
2861 1044 0 10
2862 3258 0 9
2863 7363 0 12
2864 1974 0 13
2865 1858 0 37
2866 400 0 24
2867 2797 0 40
2868 394 0 11
2869 7039 1 61
2870 967 0 12
2871 3242 0 211
2872 2985 0 8
2873 1182 0 12
2874 628 0 20
2875 1177 0 33
2876 1968 0 9
2877 522 0 8
2878 1195 0 11
2879 3168 0 7
2880 488 0 29
2881 3507 0 12
2882 2029 0 11
2883 1125 0 158
2884 420 0 8
2885 1198 0 14
2886 859 0 16
2887 1987 0 7
2888 333 0 12
2889 1317 0 111
2890 946 0 12
2891 1265 0 10
2892 1160 0 12
2893 887 0 57
2894 1138 0 10
2895 310 0 22
2896 1206 0 11
2897 1690 0 29
2898 989 0 45
2899 9310 1 16
2900 404 1 0
2901 793 0 11
2902 706 1 85
2903 3279 0 8
2904 687 0 8
2905 2246 0 7
2906 1840 0 3
2907 13070 0 9
2908 2572 0 9
2909 12580 0 10
2910 1013 0 23
2911 536 0 12
2912 862 0 13
2913 1196 1 0
2914 1161 0 110
2915 1320 0 12
2916 2879 0 375
2917 339 0 12
2918 971 0 18
2919 572 0 24
2920 916 0 67
2921 1510 0 17
2922 1381 0 25
2923 2787 0 20
2924 422 1 38
2925 671 0 13
2926 1506 0 10
2927 1194 0 40
2928 1322 0 9
2929 1029 0 11
2930 2922 0 66
2931 3533 0 146
2932 2948 0 11
2933 1106 0 10
2934 1325 0 31
2935 843 0 35
2936 2888 0 35
2937 951 0 9
2938 2416 0 262
2939 3658 1 25
2940 5055 0 75
2941 1127 0 22
2942 3352 0 9
2943 2838 0 13
2944 2526 0 21
2945 2932 0 131
2946 1405 0 11
2947 5148 0 8
2948 1026 0 13
2949 695 0 66
2950 4148 0 35
2951 6447 0 8
2952 3323 0 13
2953 3225 0 11
2954 27 0 8
2955 518 0 216
2956 1251 0 10
2957 12531 0 7
2958 8922 0 13
2959 7098 0 11
2960 564 0 39
2961 1409 0 68
2962 591 0 43
2963 2897 0 11
2964 7046 0 35
2965 929 0 18
2966 364 0 37
2967 2259 0 25
2968 286 0 15
2969 170 0 7
2970 581 0 9
2971 11424 0 17
2972 305 0 23
2973 1910 0 298
2974 1543 0 17
2975 3157 0 251
2976 2901 0 10
2977 412 0 37
2978 12121 0 12
2979 2151 0 63
2980 927 0 13
2981 801 0 134
2982 2119 0 12
2983 1209 0 41
2984 653 0 98
2985 1276 0 63
2986 1363 0 67
2987 1185 0 13
2988 738 0 54
2989 353 0 10
2990 1367 0 16
2991 1538 0 19
2992 1712 0 11
2993 627 0 27
2994 1900 0 48
2995 1511 0 9
2996 3326 0 14
2997 1537 0 39
2998 2871 0 11
2999 807 0 13
3000 2069 0 7
3001 1519 1 0
3002 7050 0 23
3003 1317 1 15
3004 11610 0 10
3005 1690 0 49
3006 2917 0 10
3007 821 0 7
3008 688 0 27
3009 542 0 7
3010 1511 0 9
3011 1241 0 28
3012 655 0 38
3013 358 0 49
3014 758 0 108
3015 689 0 45
3016 1429 0 2
3017 1252 0 11
3018 800 0 63
3019 1678 0 174
3020 1835 0 112
3021 12073 0 64
3022 676 0 14
3023 2985 0 37
3024 763 0 11
3025 512 0 2
3026 3278 0 14
3027 2942 0 22
3028 757 0 7
3029 847 0 209
3030 1405 0 11
3031 290 0 153
3032 941 0 9
3033 1088 0 23
3034 2585 0 48
3035 466 0 12
3036 989 0 8
3037 580 0 83
3038 803 0 19
3039 1417 0 82
3040 1067 0 12
3041 1420 0 14
3042 6744 0 21
3043 973 0 56
3044 1371 1 25
3045 5036 0 15
3046 1003 0 14
3047 1080 0 8
3048 6780 0 8
3049 1274 0 35
3050 670 1 451
3051 2351 0 11
3052 7980 0 7
3053 515 0 38
3054 899 0 140
3055 1096 1 0
3056 1619 0 65
3057 3229 0 37
3058 3213 0 48
3059 2643 0 29
3060 1513 1 0
3061 389 0 10
3062 3312 0 15
3063 1373 0 110
3064 3262 0 44
3065 5002 0 50
3066 6125 0 39
3067 1857 0 13
3068 3266 0 57
3069 3158 0 95
3070 3324 0 8
3071 5022 0 8
3072 1136 0 27
3073 3240 0 167
3074 456 0 94
3075 1566 0 13
3076 536 0 53
3077 234 0 7
3078 793 1 0
3079 8081 0 73
3080 787 0 31
3081 1306 0 8
3082 2807 0 13
3083 783 0 42
3084 1428 0 13
3085 709 0 31
3086 494 0 53
3087 3289 0 30
3088 1965 0 83
3089 5038 0 8
3090 822 0 10
3091 2560 0 11
3092 653 0 9
3093 1505 0 11
3094 1076 0 9
3095 529 0 19
3096 229 0 9
3097 1556 0 10
3098 2371 0 14
3099 1278 0 21
3100 1240 0 8
3101 577 0 7
3102 528 0 11
3103 639 0 28
3104 913 0 21
3105 987 0 89
3106 3937 0 11
3107 1132 0 9
3108 2784 1 400
3109 1361 0 10
3110 2998 0 8
3111 275 0 10
3112 1275 1 0
3113 904 1 19
3114 2595 0 198
3115 591 0 9
3116 324 0 36
3117 1273 0 11
3118 358 0 17
3119 3320 0 110
3120 3197 0 8
3121 1953 0 18
3122 5125 0 20
3123 894 0 10
3124 6180 0 35
3125 5835 0 8
3126 1285 0 11
3127 1628 0 67
3128 1133 0 88
3129 1409 0 63
3130 1958 0 12
3131 823 0 11

17 0 1987
51
3132 1971 0 12
3133 810 0 37
3134 555 0 7
3135 825 0 10
3136 1976 0 17
3137 891 0 8
3138 261 0 17
3139 1546 0 11
3140 653 0 178
3141 1145 0 118
3142 655 0 7
3143 1260 0 34
3144 3372 0 10
3145 1055 0 9
3146 340 0 9
3147 2833 0 176
3148 3238 0 45
3149 1140 0 70
3150 947 0 19
3151 702 0 116
3152 2848 0 148
3153 1185 0 12
3154 186 0 12
3155 1280 0 19
3156 5127 0 109
3157 315 0 19
3158 6086 0 14
3159 16945 0 32
3160 1980 0 19
3161 276 0 14
3162 327 0 33
3163 1660 0 32
3164 2356 0 8
3165 1979 0 27
3166 5145 1 10
3167 2929 0 11
3168 1311 0 28
3169 1875 0 9
3170 1933 0 8
3171 1855 0 11
3172 1224 0 81
3173 851 0 16
3174 1167 0 8
3175 423 0 43
3176 1118 0 13
3177 1205 0 70
3178 3195 0 12
3179 787 0 10
3180 231 0 31
3181 12823 0 15
3182 1182 0 13

18 0 1999
2
3183 1511 0 24
3184 877 0 33

19 1 2013
1
3185 3917 0 29

20 1 2296
1
3186 407 0 16

21 1 2327
22
3187 1074 0 68
3188 1746 0 13
3189 2461 0 47
3190 1516 0 6
3191 1515 0 11
3192 679 0 9
3193 257 0 184
3194 1991 0 110
3195 3297 0 78
3196 9 0 112
3197 715 0 58
3198 1652 1 0
3199 442 0 162
3200 1045 0 12
3201 2605 0 7
3202 930 0 146
3203 972 0 38
3204 3315 0 9
3205 3248 0 68
3206 693 0 18
3207 561 1 396
3208 552 0 14

22 0 2327
6
3209 1236 0 13
3210 1768 0 8
3211 994 0 13
3212 738 0 71
3213 1706 0 181
3214 1091 0 119

23 1 2335
26
3215 1156 0 97
3216 806 0 14
3217 1565 0 8
3218 1621 0 26
3219 1736 0 33
3220 1256 0 9
3221 706 0 50
3222 821 0 10
3223 1286 0 27
3224 994 0 7
3225 1423 0 13
3226 1049 0 71
3227 8891 0 48
3228 1168 0 30
3229 505 0 11
3230 2337 0 71
3231 7470 0 52
3232 6749 0 23
3233 767 0 193
3234 999 0 115
3235 11792 1 30
3236 484 0 41
3237 974 0 7
3238 288 0 38
3239 3426 0 35
3240 1961 0 16

24 1 2475
31
3241 731 0 9
3242 1804 0 8
3243 2506 0 12
3244 1517 0 13
3245 1823 0 9
3246 607 0 10
3247 576 0 40
3248 1367 0 8
3249 2464 0 23
3250 1379 0 12
3251 1316 0 35
3252 271 0 14
3253 725 0 7
3254 1965 0 21
3255 2930 0 10
3256 1410 0 19
3257 991 0 13
3258 526 0 7
3259 2577 0 19
3260 794 0 19
3261 1805 0 10
3262 648 0 8
3263 7183 0 12
3264 1252 0 10
3265 5120 0 17
3266 863 1 147
3267 943 0 19
3268 1518 0 35
3269 1418 0 12
3270 12683 0 14
3271 3210 0 11

25 1 2588
130
3272 2868 0 17
3273 13071 0 16
3274 1241 0 12
3275 479 0 10
3276 2786 0 13
3277 2409 0 8
3278 1698 0 9
3279 2389 1 13
3280 1945 0 26
3281 445 0 40
3282 6919 0 27
3283 4361 0 71
3284 1944 0 10
3285 1544 0 17
3286 2833 0 11
3287 1361 0 44
3288 5017 0 187
3289 829 0 70
3290 858 0 76
3291 929 0 75
3292 1214 0 22
3293 672 0 38
3294 824 0 69
3295 1830 1 314
3296 832 0 7
3297 2884 0 12
3298 1353 0 50
3299 908 0 39
3300 2060 1 26
3301 7048 1 160
3302 2604 0 51
3303 2807 0 11
3304 2940 0 37
3305 506 0 10
3306 1173 0 9
3307 1021 0 117
3308 2251 0 11
3309 1129 0 67
3310 927 0 210
3311 1153 0 12
3312 1371 0 12
3313 2639 0 98
3314 206 0 161
3315 1427 0 11
3316 1429 0 102
3317 187 0 8
3318 1514 0 17
3319 1825 0 14
3320 1322 0 18
3321 9982 1 0
3322 974 0 13
3323 2428 0 9
3324 299 0 9
3325 833 0 6
3326 686 0 9
3327 1165 0 12
3328 574 0 29
3329 1036 0 63
3330 1633 0 18
3331 408 0 13
3332 1975 0 40
3333 6892 0 61
3334 8829 0 23
3335 859 0 28
3336 3273 0 5
3337 1006 0 8
3338 1944 0 13
3339 1265 0 10
3340 507 0 11
3341 5145 0 7
3342 771 0 10
3343 846 1 138
3344 5125 0 11
3345 2120 0 163
3346 147 0 41
3347 1328 0 796
3348 1680 0 3
3349 415 0 11
3350 3405 0 36
3351 1735 0 42
3352 2444 0 10
3353 712 0 11
3354 874 0 87
3355 1428 0 318
3356 1914 0 15
3357 306 0 8
3358 1979 0 8
3359 995 0 9
3360 2938 1 0
3361 1040 0 12
3362 2882 0 17
3363 387 0 38
3364 2871 0 22
3365 3344 0 11
3366 5026 0 11
3367 1299 0 9
3368 1101 0 48
3369 2254 0 20
3370 1200 0 28
3371 1258 0 10
3372 648 0 247
3373 1079 0 12
3374 5005 1 39
3375 544 0 10
3376 5070 0 13
3377 3173 0 13
3378 7478 0 16
3379 534 0 8
3380 2781 0 8
3381 893 0 69
3382 5802 0 9
3383 1116 0 8
3384 3470 0 10
3385 427 0 20
3386 1935 0 278
3387 562 0 12
3388 2726 0 283
3389 496 0 13
3390 2117 0 12
3391 2721 0 129
3392 1630 0 12
3393 999 0 9
3394 1290 0 13
3395 3374 0 12
3396 1401 0 11
3397 1979 0 237
3398 1972 0 74
3399 6954 0 12
3400 2340 0 13
3401 1148 0 62

26 1 2588
2
3402 883 0 24
3403 17262 0 68

27 1 2597
180
3404 1984 0 10
3405 1536 0 9
3406 502 0 12
3407 2263 0 62
3408 180 0 15
3409 1342 0 68
3410 1836 0 37
3411 1138 0 169
3412 928 0 9
3413 1625 0 12
3414 9488 0 17
3415 2390 0 90
3416 310 0 7
3417 1513 0 62
3418 1057 0 57
3419 3710 0 7
3420 507 0 62
3421 1990 0 13
3422 1158 0 25
3423 999 0 7
3424 1029 1 0
3425 17494 0 164
3426 3198 0 7
3427 10696 0 10
3428 3755 0 70
3429 1079 0 38
3430 1526 0 193
3431 2125 0 83
3432 1250 0 7
3433 1383 0 18
3434 672 0 11
3435 3198 0 270
3436 1210 0 16
3437 1990 0 13
3438 565 0 9
3439 1359 0 12
3440 483 1 0
3441 763 0 40
3442 969 0 14
3443 977 0 94
3444 1495 0 11
3445 746 0 11
3446 741 0 19
3447 2620 0 12
3448 2831 0 138
3449 991 0 13
3450 2794 0 69
3451 810 0 40
3452 2799 0 34
3453 775 0 14
3454 351 0 66
3455 541 0 22
3456 2848 0 18
3457 7385 0 9
3458 1108 0 11
3459 612 0 10
3460 599 0 29
3461 946 0 7
3462 1407 0 22
3463 1218 0 11
3464 983 0 13
3465 2747 0 7
3466 3187 0 9
3467 1971 0 9
3468 1538 0 11
3469 974 0 34
3470 1551 0 15
3471 955 0 12
3472 2468 0 46
3473 435 0 9
3474 940 0 62
3475 5068 0 28
3476 2559 0 11
3477 564 0 6
3478 1087 0 7
3479 1520 0 23
3480 1016 0 11
3481 2082 0 19
3482 308 0 33
3483 1514 0 30
3484 1398 0 15
3485 1836 0 26
3486 1089 0 36
3487 885 0 26
3488 5956 0 124
3489 2185 0 184
3490 802 0 38
3491 1141 0 61
3492 1252 0 46
3493 874 0 71
3494 1431 0 9
3495 965 0 9
3496 917 0 13
3497 572 0 53
3498 541 0 8
3499 122 0 39
3500 3313 0 92
3501 902 0 19
3502 1077 0 11
3503 559 0 13
3504 993 0 10
3505 1532 0 8
3506 323 0 18
3507 9312 0 11
3508 876 0 9
3509 1339 0 13
3510 2893 0 8
3511 3741 0 13
3512 7262 0 7
3513 1292 0 11
3514 1046 0 7
3515 795 0 9
3516 3210 0 80
3517 762 0 12
3518 264 0 118
3519 1826 1 597
3520 672 0 37
3521 1096 0 8
3522 2944 0 15
3523 850 0 400
3524 2026 0 38
3525 780 0 128
3526 897 0 294
3527 859 0 8
3528 1306 0 12
3529 588 0 73
3530 2890 0 8
3531 1094 0 71
3532 1102 0 12
3533 499 0 31
3534 3432 0 52
3535 1320 0 28
3536 2370 0 21
3537 547 0 39
3538 1502 0 23
3539 1390 0 33
3540 1478 0 25
3541 1947 0 11
3542 2585 1 7
3543 3546 1 102
3544 1977 0 38
3545 945 0 12
3546 747 0 16
3547 3159 0 9
3548 1940 0 8
3549 704 0 35
3550 528 0 10
3551 937 0 10
3552 1968 0 8
3553 1530 0 43
3554 1429 0 32
3555 1827 0 34
3556 1410 0 7
3557 2463 0 79
3558 1183 0 21
3559 186 0 11
3560 691 0 13
3561 1779 0 58
3562 44 0 17
3563 3323 0 9
3564 1040 0 20
3565 2260 0 7
3566 1105 0 12
3567 470 0 9
3568 1969 0 20
3569 951 0 8
3570 6084 0 7
3571 1956 0 225
3572 1842 0 100
3573 556 0 135
3574 65 0 24
3575 340 0 28
3576 522 0 6
3577 1385 0 7
3578 919 0 8
3579 3649 1 0
3580 231 0 46
3581 832 0 10
3582 2488 0 140
3583 936 0 38

28 1 2603
6
3584 819 0 7
3585 2844 0 2
3586 533 0 11
3587 1533 0 176
3588 827 1 0
3589 1671 0 22

29 1 2606
176
3590 5086 0 39
3591 978 0 9
3592 417 0 53
3593 1470 0 14
3594 1027 0 12
3595 2259 0 68
3596 1233 0 14
3597 503 0 11
3598 346 0 23
3599 298 0 28
3600 12868 0 13
3601 256 0 19
3602 2607 0 26
3603 8829 0 12
3604 246 0 41
3605 872 0 79
3606 1065 0 10
3607 872 0 42
3608 1948 0 56
3609 2568 0 8
3610 1145 0 9
3611 2777 0 11
3612 785 0 71
3613 1961 0 7
3614 1893 0 1
3615 1256 0 19
3616 1129 0 9
3617 330 0 9
3618 5153 0 12
3619 1567 0 8
3620 971 0 8
3621 625 0 95
3622 629 0 11
3623 1769 0 13
3624 3172 0 95
3625 1133 0 16
3626 2592 0 153
3627 1032 0 41
3628 403 1 0
3629 1954 0 10
3630 1886 0 9
3631 1256 0 9
3632 989 0 8
3633 1318 1 40
3634 2802 0 78
3635 7705 0 11
3636 2919 0 82
3637 761 0 161
3638 1057 0 10
3639 2873 0 13
3640 1293 0 16
3641 904 0 10
3642 8907 0 14
3643 365 0 12
3644 1978 0 8
3645 1239 0 55
3646 624 0 13
3647 1953 0 33
3648 1526 0 8
3649 748 0 18
3650 1967 1 27
3651 1520 0 38
3652 3331 0 39
3653 697 0 109
3654 1178 0 9
3655 1392 0 8
3656 5125 0 5
3657 810 0 59
3658 844 0 26
3659 162 0 8
3660 869 0 12
3661 1180 1 0
3662 3289 0 13
3663 533 0 13
3664 690 0 21
3665 5104 0 19
3666 975 0 71
3667 2855 0 8
3668 4138 0 18
3669 2976 0 96
3670 1325 0 71
3671 983 0 8
3672 4102 0 153
3673 206 0 23
3674 1915 0 11
3675 198 0 9
3676 2000 0 88
3677 1219 0 8
3678 1014 0 112
3679 601 0 8
3680 1168 0 39
3681 1959 0 9
3682 808 0 28
3683 1230 0 13
3684 688 0 69
3685 492 0 20
3686 1095 0 9
3687 546 0 9
3688 823 0 13
3689 743 0 10
3690 352 0 14
3691 859 1 30
3692 3668 0 38
3693 3778 0 16
3694 7854 0 8
3695 1636 0 57
3696 1223 0 10
3697 1555 0 6
3698 458 0 22
3699 6033 0 36
3700 1110 0 248
3701 2873 0 10
3702 1299 0 7
3703 260 0 12
3704 883 0 55
3705 2296 0 13
3706 961 0 326
3707 5130 0 9
3708 1427 0 11
3709 13571 0 79
3710 598 0 99
3711 902 0 12
3712 796 0 11
3713 416 0 7
3714 1111 0 71
3715 13326 0 9
3716 527 0 188
3717 579 0 8
3718 1174 0 27
3719 623 0 13
3720 1474 0 45
3721 1737 0 48
3722 1967 0 19
3723 719 0 34
3724 3632 0 11
3725 1375 0 9
3726 1129 0 10
3727 771 0 134
3728 921 0 7
3729 2915 0 80
3730 6108 1 0
3731 490 1 0
3732 1345 0 9
3733 2375 0 44
3734 1620 0 41
3735 11318 0 36
3736 1531 0 107
3737 3345 0 9
3738 520 0 12
3739 1320 0 10
3740 2012 1 0
3741 2837 0 28
3742 2828 0 7
3743 1409 0 66
3744 301 0 17
3745 1253 0 52
3746 833 0 142
3747 1308 0 12
3748 879 0 10
3749 1266 0 10
3750 2377 0 14
3751 3314 0 14
3752 1968 0 16
3753 1985 0 133
3754 2884 0 7
3755 972 0 7
3756 783 0 42
3757 1532 0 28
3758 637 0 11
3759 989 0 8
3760 1160 0 28
3761 825 0 152
3762 1043 0 39
3763 1413 0 12
3764 511 0 70
3765 1407 0 11

30 0 2608
23
3766 1059 0 13
3767 3215 1 0
3768 2880 0 9
3769 404 1 17
3770 2012 0 170
3771 578 0 24
3772 858 0 0
3773 1033 0 7
3774 450 1 0
3775 2878 0 12
3776 1196 0 31
3777 984 0 12
3778 12202 0 10
3779 1377 0 9
3780 1793 0 146
3781 1553 0 8
3782 2082 0 10
3783 772 0 36
3784 1210 0 70
3785 3365 0 10
3786 1057 0 10
3787 1132 0 18
3788 1373 0 24

31 1 2613
6
3789 629 0 27
3790 13568 0 12
3791 619 0 20
3792 3053 0 11
3793 2891 0 71
3794 2081 0 12

32 1 2613
132
3795 422 0 150
3796 101 0 9
3797 2362 0 13
3798 1030 0 12
3799 2822 0 199
3800 1431 0 23
3801 794 0 50
3802 13064 0 7
3803 997 1 0
3804 1400 0 13
3805 802 0 43
3806 1367 0 31
3807 3401 0 136
3808 992 0 11
3809 1424 1 29
3810 575 0 13
3811 165 0 14
3812 5118 0 8
3813 258 0 146
3814 1504 0 40
3815 3436 0 13
3816 345 0 65
3817 838 0 12
3818 7791 0 9
3819 1157 0 10
3820 378 0 199
3821 2438 0 16
3822 2379 0 7
3823 271 0 11
3824 605 0 125
3825 5112 0 12
3826 7297 0 28
3827 792 0 7
3828 2214 0 19
3829 1429 0 17
3830 416 0 23
3831 366 0 20
3832 2964 0 5
3833 383 0 11
3834 3148 0 84
3835 4993 0 10
3836 1834 0 8
3837 1637 0 214
3838 2954 0 7
3839 686 0 19
3840 1321 0 18
3841 1241 1 0
3842 2918 0 42
3843 1236 0 10
3844 1224 0 11
3845 2806 0 36
3846 1704 0 129
3847 5148 0 93
3848 2377 0 8
3849 6913 0 7
3850 1941 0 70
3851 941 0 75
3852 405 0 9
3853 757 0 7
3854 1165 0 118
3855 991 0 37
3856 930 0 24
3857 1028 0 72
3858 1343 0 41
3859 1513 0 13
3860 5032 0 13
3861 3751 0 7
3862 1030 0 10
3863 987 0 107
3864 6480 0 12
3865 1089 0 12
3866 659 0 29
3867 3375 0 12
3868 709 0 54
3869 538 0 10
3870 417 0 19
3871 12501 0 15
3872 1415 0 8
3873 3583 0 17
3874 416 0 11
3875 891 0 109
3876 1312 0 13
3877 331 0 14
3878 14920 0 21
3879 2028 0 7
3880 5143 0 12
3881 1407 0 12
3882 983 0 13
3883 903 0 14
3884 1418 0 16
3885 716 0 9
3886 2303 1 0
3887 376 0 28
3888 3174 0 8
3889 1962 0 231
3890 2387 0 163
3891 2916 0 16
3892 734 0 21
3893 963 0 8
3894 2597 0 11
3895 860 0 26
3896 5070 0 10
3897 1066 0 54
3898 772 0 19
3899 298 0 131
3900 865 0 18
3901 1381 0 10
3902 1526 0 18
3903 626 0 71
3904 169 0 72
3905 1931 0 13
3906 1526 0 8
3907 989 0 10
3908 12125 0 14
3909 642 0 107
3910 338 0 19
3911 689 0 12
3912 1233 0 13
3913 1213 0 33
3914 3735 0 30
3915 348 1 0
3916 186 0 34
3917 5078 0 52
3918 1406 0 151
3919 1358 0 8
3920 5112 0 20
3921 1737 0 30
3922 2783 0 71
3923 1977 0 10
3924 1899 0 30
3925 1016 0 66
3926 941 0 8

33 1 2618
5
3927 12074 0 9
3928 2925 0 20
3929 3351 0 7
3930 1902 0 8
3931 1196 0 38

34 1 2625
22
3932 988 1 16
3933 1309 1 15
3934 3227 0 31
3935 6555 0 122
3936 1429 1 65
3937 1412 0 27
3938 1862 0 15
3939 615 0 146
3940 1407 0 31
3941 1126 0 7
3942 3644 0 11
3943 850 0 11
3944 1274 0 139
3945 805 0 14
3946 1105 0 21
3947 409 0 22
3948 7 0 9
3949 868 1 0
3950 540 0 59
3951 1343 0 8
3952 1245 0 143
3953 1268 1 128

35 1 2630
11
3954 1389 0 11
3955 3204 0 11
3956 6360 0 12
3957 6747 0 13
3958 1654 0 82
3959 2462 0 7
3960 829 0 24
3961 560 0 221
3962 3018 0 12
3963 595 0 13
3964 696 0 53

36 1 2771
6
3965 7403 0 49
3966 1948 0 11
3967 1007 0 8
3968 409 0 94
3969 1391 0 60
3970 1021 0 11

37 1 2791
6
3971 166 0 10
3972 579 0 8
3973 1273 0 28
3974 2159 0 29
3975 1531 0 12
3976 645 0 10

38 1 2796
189
3977 2052 0 11
3978 1019 0 20
3979 1451 0 40
3980 886 0 103
3981 1535 0 7
3982 1093 0 7
3983 868 0 103
3984 7995 0 77
3985 8829 0 189
3986 1818 0 11
3987 3161 0 14
3988 521 0 10
3989 992 0 13
3990 772 1 0
3991 965 1 0
3992 2816 0 8
3993 1977 0 9
3994 7885 0 7
3995 2867 0 10
3996 1766 0 13
3997 414 0 18
3998 1441 0 11
3999 1268 0 35
4000 1806 0 23
4001 340 0 9
4002 1320 1 515
4003 2027 0 9
4004 165 0 10
4005 6447 0 40
4006 7032 0 9
4007 569 0 11
4008 1598 0 13
4009 314 0 9
4010 3264 0 13
4011 1199 0 10
4012 1876 0 8
4013 1282 0 83
4014 1174 0 79
4015 1197 0 22
4016 288 0 80
4017 444 0 11
4018 3297 0 21
4019 1506 0 32
4020 1863 0 8
4021 736 0 7
4022 1215 0 8
4023 1092 0 10
4024 1268 0 159
4025 3347 0 26
4026 753 0 174
4027 6544 0 7
4028 2696 0 10
4029 1054 0 8
4030 2000 0 8
4031 376 0 11
4032 13010 0 7
4033 157 0 12
4034 1973 0 7
4035 7723 0 11
4036 202 0 14
4037 1165 0 38
4038 3239 0 26
4039 1051 0 12
4040 1963 0 13
4041 2800 0 9
4042 610 0 10
4043 5093 0 72
4044 6476 1 0
4045 1976 0 62
4046 1076 0 17
4047 2815 0 7
4048 454 0 41
4049 765 0 17
4050 515 0 8
4051 1314 0 21
4052 12061 1 0
4053 3368 0 75
4054 1036 0 10
4055 3279 0 34
4056 365 0 47
4057 734 0 37
4058 3324 0 24
4059 1571 0 13
4060 1513 0 11
4061 5090 0 24
4062 3542 0 7
4063 696 0 23
4064 1389 0 137
4065 3213 0 8
4066 1385 0 9
4067 7730 0 18
4068 654 0 84
4069 29 0 94
4070 2793 0 19
4071 1333 0 7
4072 618 0 12
4073 975 0 79
4074 722 0 35
4075 2256 0 13
4076 620 0 40
4077 359 0 8
4078 1321 0 30
4079 838 0 9
4080 687 0 28
4081 846 0 10
4082 2455 0 6
4083 2003 0 10
4084 232 0 39
4085 989 0 12
4086 1901 0 14
4087 7694 0 21
4088 1150 0 175
4089 1627 0 44
4090 872 0 7
4091 738 0 15
4092 1581 0 295
4093 1170 0 99
4094 1199 0 11
4095 881 0 10
4096 1201 1 0
4097 189 0 18
4098 165 0 31
4099 989 0 11
4100 1343 0 24
4101 831 0 9
4102 1287 0 11
4103 1668 0 136
4104 3217 0 81
4105 5037 0 44
4106 2876 0 13
4107 1962 0 7
4108 1949 0 43
4109 595 0 33
4110 2849 0 12
4111 3376 0 32
4112 1320 0 14
4113 702 0 157
4114 429 0 18
4115 546 0 104
4116 1516 0 7
4117 8185 0 15
4118 5140 0 74
4119 1581 0 302
4120 542 0 18
4121 6903 0 8
4122 2175 0 12
4123 2814 0 170
4124 660 0 7
4125 5129 0 12
4126 3195 0 11
4127 830 1 0
4128 3460 0 174
4129 2981 1 400
4130 3351 0 12
4131 853 0 10
4132 1222 0 20
4133 1944 0 13
4134 1158 0 8
4135 1322 0 63
4136 14349 0 26
4137 955 0 30
4138 261 0 27
4139 989 0 67
4140 444 0 14
4141 1307 0 241
4142 7465 0 10
4143 1735 0 38
4144 787 0 24
4145 1507 0 14
4146 498 0 35
4147 3362 0 12
4148 858 0 7
4149 3436 0 17
4150 2310 1 150
4151 476 0 8
4152 969 0 42
4153 686 0 15
4154 1879 0 11
4155 9981 0 11
4156 681 0 40
4157 579 0 9
4158 465 0 43
4159 7497 0 7
4160 7041 0 11
4161 2799 0 7
4162 1499 0 0
4163 89 0 9
4164 1138 0 16
4165 7051 0 76

39 0 2809
149
4166 464 0 12
4167 810 0 11
4168 7970 0 8
4169 188 0 29
4170 382 0 10
4171 5086 0 12
4172 1047 0 134
4173 3379 0 17
4174 1526 0 2
4175 6185 0 49
4176 3316 0 29
4177 2122 0 86
4178 729 0 17
4179 1006 0 65
4180 1154 0 42
4181 1648 0 12
4182 7185 0 9
4183 1714 0 6
4184 874 0 31
4185 3163 0 13
4186 17130 0 38
4187 1233 0 9
4188 2499 0 8
4189 1023 0 140
4190 5081 0 13
4191 1051 0 67
4192 1474 0 28
4193 1050 0 8
4194 2831 0 36
4195 1312 0 148
4196 1516 0 53
4197 4270 0 19
4198 824 0 89
4199 1063 0 93
4200 1135 0 8
4201 238 0 32
4202 266 0 79
4203 2192 0 16
4204 12088 0 9
4205 585 0 40
4206 3141 0 9
4207 1343 0 53
4208 1979 0 30
4209 14988 0 12
4210 2584 0 80
4211 3286 0 18
4212 1779 0 36
4213 631 0 317
4214 2095 0 18
4215 1954 0 112
4216 6743 0 175
4217 506 0 33
4218 1258 0 133
4219 2822 0 39
4220 2892 0 21
4221 2413 0 32
4222 524 0 134
4223 786 0 17
4224 3127 0 218
4225 1369 0 16
4226 543 0 39
4227 180 0 12
4228 975 0 68
4229 1945 0 23
4230 1059 0 7
4231 294 0 179
4232 1990 0 12
4233 2404 0 9
4234 3117 0 14
4235 1220 0 8
4236 1329 0 36
4237 1979 0 24
4238 1422 0 111
4239 486 0 13
4240 3206 0 11
4241 478 0 97
4242 3281 0 111
4243 852 0 60
4244 1422 0 11
4245 1193 0 17
4246 1940 0 17
4247 2833 0 124
4248 1959 0 34
4249 878 0 29
4250 1824 0 13
4251 792 0 14
4252 2862 0 366
4253 923 0 30
4254 966 0 8
4255 1093 0 11
4256 1343 0 11
4257 1007 1 0
4258 507 0 14
4259 964 0 14
4260 8191 0 72
4261 6789 1 14
4262 1352 1 8
4263 1091 0 13
4264 2459 0 14
4265 173 0 10
4266 1263 0 18
4267 429 0 103
4268 2526 0 14
4269 1289 0 42
4270 1321 0 13
4271 13598 0 45
4272 7283 0 10
4273 9317 0 10
4274 1963 0 164
4275 840 0 11
4276 5954 0 27
4277 925 0 8
4278 30 0 37
4279 1791 0 22
4280 6952 0 48
4281 1158 0 13
4282 2832 0 10
4283 465 0 41
4284 13029 0 97
4285 1628 0 12
4286 867 0 8
4287 1383 0 53
4288 532 0 28
4289 1209 0 38
4290 12536 0 10
4291 3465 0 12
4292 3252 0 42
4293 6372 0 67
4294 470 0 12
4295 679 0 8
4296 880 0 10
4297 635 0 16
4298 3275 0 11
4299 208 0 40
4300 465 0 3
4301 1346 0 11
4302 3171 0 20
4303 2122 0 14
4304 765 0 9
4305 1990 0 11
4306 1914 0 7
4307 2605 0 11
4308 782 0 142
4309 1646 0 8
4310 783 0 8
4311 1981 0 11
4312 1516 0 39
4313 3174 0 7
4314 13030 0 57

40 1 3042
121
4315 1667 0 37
4316 6959 0 87
4317 2869 0 82
4318 883 0 11
4319 1287 0 9
4320 960 0 12
4321 1693 0 316
4322 3453 0 9
4323 1620 1 0
4324 126 0 107
4325 197 0 7
4326 2528 1 22
4327 882 0 30
4328 185 0 155
4329 7890 0 10
4330 2838 0 24
4331 3167 1 0
4332 830 0 42
4333 1313 0 13
4334 708 0 7
4335 1304 0 13
4336 841 0 13
4337 2211 0 8
4338 1504 0 34
4339 2940 0 70
4340 1270 0 13
4341 612 0 12
4342 2415 0 9
4343 13593 0 12
4344 354 0 9
4345 1403 0 10
4346 3218 0 40
4347 1103 0 14
4348 167 0 12
4349 1353 1 0
4350 3194 0 50
4351 640 0 13
4352 194 0 10
4353 1951 0 29
4354 5759 0 11
4355 1230 0 9
4356 7712 1 317
4357 5063 0 45
4358 1526 1 0
4359 733 0 71
4360 2853 0 140
4361 205 0 67
4362 1504 0 16
4363 95 0 29
4364 732 0 12
4365 2856 0 281
4366 1728 0 8
4367 718 0 39
4368 2839 0 11
4369 3206 0 17
4370 1235 0 11
4371 989 0 13
4372 2417 0 22
4373 545 0 35
4374 3195 0 12
4375 1064 0 30
4376 80 0 22
4377 581 0 13
4378 1458 0 18
4379 813 0 150
4380 541 0 25
4381 436 0 11
4382 2528 0 2
4383 1980 0 52
4384 2641 0 35
4385 1024 0 7
4386 3120 0 59
4387 1304 1 396
4388 989 1 27
4389 1221 0 11
4390 1518 0 8
4391 1762 0 8
4392 856 0 40
4393 6521 0 85
4394 1511 0 28
4395 6228 0 96
4396 584 0 23
4397 554 0 9
4398 17619 0 12
4399 758 0 14
4400 2596 1 0
4401 8209 0 226
4402 11810 0 25
4403 402 0 9
4404 364 0 8
4405 924 0 7
4406 444 0 37
4407 2910 0 9
4408 2635 0 10
4409 5087 0 11
4410 1756 0 12
4411 251 0 232
4412 761 0 61
4413 586 0 13
4414 1172 0 7
4415 1725 0 10
4416 358 0 8
4417 5012 0 18
4418 585 0 8
4419 3741 0 12
4420 2906 0 11
4421 1029 0 7
4422 972 0 19
4423 8192 0 10
4424 12058 1 0
4425 16280 0 27
4426 2930 0 40
4427 1978 0 180
4428 3177 0 10
4429 856 0 71
4430 841 0 38
4431 1401 0 32
4432 850 0 37
4433 5040 0 7
4434 1082 0 190
4435 1354 0 13

41 1 3052
3
4436 1340 0 23
4437 500 0 9
4438 981 0 79

42 1 3054
25
4439 729 0 11
4440 1513 0 13
4441 1363 0 22
4442 1592 1 30
4443 352 0 23
4444 1298 0 205
4445 2332 0 38
4446 7300 0 9
4447 1357 0 14
4448 633 0 110
4449 3178 0 27
4450 1116 0 11
4451 1032 0 13
4452 3171 0 9
4453 965 0 94
4454 3438 0 8
4455 1511 0 38
4456 529 0 19
4457 13055 0 9
4458 1504 0 54
4459 1687 1 29
4460 7387 0 129
4461 169 0 11
4462 1983 0 41
4463 6734 0 137

43 1 3358
100
4464 1509 0 7
4465 2919 0 8
4466 1375 0 12
4467 9980 0 12
4468 1121 0 135
4469 945 0 9
4470 16098 0 42
4471 581 0 114
4472 503 0 31
4473 618 0 162
4474 401 0 9
4475 1187 0 26
4476 1910 0 222
4477 1354 0 11
4478 1529 0 10
4479 2252 0 35
4480 664 0 54
4481 1410 1 18
4482 585 0 31
4483 1361 0 11
4484 7355 0 13
4485 12743 0 13
4486 1509 0 13
4487 2810 0 148
4488 1593 0 10
4489 1327 0 8
4490 814 0 94
4491 989 0 11
4492 1392 0 18
4493 2390 0 236
4494 657 0 19
4495 1095 0 56
4496 738 0 162
4497 1187 0 13
4498 2863 1 17
4499 735 0 72
4500 750 0 11
4501 2284 0 13
4502 718 0 23
4503 1380 0 13
4504 6952 0 10
4505 7037 0 12
4506 3333 0 98
4507 6099 0 13
4508 1263 0 9
4509 962 0 40
4510 685 0 11
4511 2932 0 312
4512 1407 0 377
4513 1598 0 30
4514 1810 0 14
4515 3254 0 11
4516 1859 0 10
4517 804 0 11
4518 1411 0 11
4519 870 0 29
4520 785 0 51
4521 1967 0 11
4522 14916 0 40
4523 924 0 10
4524 5037 0 9
4525 1136 0 12
4526 2139 1 154
4527 1133 0 43
4528 2918 0 18
4529 596 0 39
4530 1864 0 7
4531 1315 0 33
4532 1173 0 50
4533 3239 0 52
4534 5160 0 39
4535 1181 0 50
4536 13090 0 10
4537 5028 0 8
4538 200 0 22
4539 3336 0 21
4540 573 0 9
4541 2856 0 24
4542 1745 0 18
4543 197 0 13
4544 922 0 7
4545 667 0 40
4546 1150 0 11
4547 882 0 72
4548 86 0 67
4549 989 0 121
4550 171 0 73
4551 2932 0 11
4552 1023 0 8
4553 16096 0 37
4554 204 1 0
4555 1955 0 12
4556 1513 0 11
4557 1899 0 8
4558 1516 0 10
4559 1526 0 39
4560 947 0 11
4561 13016 0 69
4562 998 1 566
4563 1119 0 9

44 1 3360
25
4564 5047 0 8
4565 3543 0 78
4566 7727 0 29
4567 1151 0 7
4568 2858 0 183
4569 1675 0 37
4570 1148 0 14
4571 546 0 9
4572 615 0 11
4573 5129 0 8
4574 2405 0 6
4575 1970 0 37
4576 1180 0 28
4577 1114 0 22
4578 3309 0 10
4579 3140 0 24
4580 2839 0 10
4581 1528 0 16
4582 649 0 12
4583 1253 0 52
4584 1696 0 44
4585 318 0 9
4586 1515 0 27
4587 850 0 18
4588 6524 0 11

45 1 3378
25
4589 1332 0 104
4590 1385 0 10
4591 1165 0 16
4592 1652 0 13
4593 1416 0 11
4594 874 0 8
4595 707 1 60
4596 1251 0 9
4597 1291 0 12
4598 768 0 78
4599 521 0 8
4600 253 0 213
4601 2815 0 14
4602 2019 0 11
4603 1783 0 36
4604 2810 0 287
4605 884 0 10
4606 1567 0 8
4607 941 0 7
4608 6521 0 20
4609 7989 0 218
4610 970 0 14
4611 1325 1 25
4612 1265 0 12
4613 876 0 7

46 1 3390
61
4614 3206 0 53
4615 1667 0 11
4616 1946 0 170
4617 5077 0 11
4618 1684 0 9
4619 1110 0 65
4620 5086 0 9
4621 14387 1 50
4622 997 0 11
4623 700 0 32
4624 2474 0 10
4625 3195 0 73
4626 244 0 17
4627 7476 0 2
4628 489 0 8
4629 1513 0 37
4630 950 0 48
4631 5089 0 10
4632 798 0 43
4633 273 0 28
4634 1272 0 15
4635 1305 0 8
4636 5127 0 37
4637 177 0 10
4638 989 0 9
4639 4995 0 40
4640 2885 0 74
4641 1339 0 12
4642 14377 0 18
4643 1845 1 0
4644 2587 0 63
4645 171 1 0
4646 1313 0 11
4647 1114 0 126
4648 541 0 144
4649 524 0 10
4650 7603 0 167
4651 841 0 15
4652 719 0 11
4653 1315 0 12
4654 1984 0 13
4655 556 0 7
4656 1868 0 12
4657 7836 0 19
4658 455 0 37
4659 1059 0 17
4660 1344 0 11
4661 639 0 16
4662 2711 0 17
4663 989 0 9
4664 1801 0 11
4665 1256 0 38
4666 395 0 11
4667 727 0 2
4668 2297 0 8
4669 1537 0 13
4670 6742 0 110
4671 1430 0 8
4672 2354 0 19
4673 1556 0 18
4674 191 0 37

47 0 3391
25
4675 648 0 12
4676 996 0 12
4677 1305 0 10
4678 2788 0 39
4679 3160 0 21
4680 734 0 15
4681 1358 0 68
4682 3252 0 11
4683 3291 0 7
4684 1523 0 203
4685 3218 0 13
4686 2889 0 8
4687 3243 0 109
4688 975 0 121
4689 383 0 13
4690 221 0 11
4691 419 0 168
4692 171 0 152
4693 1811 0 24
4694 1241 0 199
4695 249 0 13
4696 1139 0 9
4697 765 0 76
4698 3221 0 14
4699 636 0 16

48 1 3392
130
4700 1401 0 27
4701 6923 0 34
4702 2183 0 39
4703 549 0 18
4704 5117 0 17
4705 2531 0 10
4706 721 0 26
4707 1986 0 8
4708 641 0 7
4709 298 0 46
4710 1513 0 12
4711 220 0 10
4712 3065 0 44
4713 2810 0 17
4714 1251 0 21
4715 1767 0 17
4716 8704 0 15
4717 246 0 16
4718 2805 0 44
4719 411 0 12
4720 962 0 20
4721 1981 0 68
4722 1816 0 19
4723 3295 0 12
4724 12212 0 27
4725 3218 0 12
4726 867 0 11
4727 1653 0 8
4728 1413 0 42
4729 714 0 130
4730 1985 0 8
4731 433 0 38
4732 529 0 9
4733 2795 0 8
4734 1947 0 7
4735 2840 0 35
4736 1903 0 14
4737 767 0 74
4738 1745 0 29
4739 6134 0 42
4740 2219 0 13
4741 191 0 9
4742 1174 0 20
4743 579 0 13
4744 17053 0 8
4745 1513 0 319
4746 4988 0 105
4747 27 0 38
4748 552 0 9
4749 5044 0 189
4750 656 0 207
4751 2873 0 12
4752 1506 0 43
4753 2425 0 80
4754 3209 0 7
4755 560 0 13
4756 2348 0 8
4757 11394 0 137
4758 1952 0 9
4759 701 0 7
4760 518 0 51
4761 685 0 199
4762 7825 0 99
4763 905 0 33
4764 3290 0 19
4765 12471 0 16
4766 424 0 69
4767 16545 0 67
4768 1054 0 11
4769 2169 0 140
4770 1992 0 11
4771 6199 0 56
4772 1076 0 73
4773 3168 0 15
4774 1461 0 157
4775 1267 0 32
4776 2330 0 9
4777 1520 0 13
4778 987 0 21
4779 726 0 9
4780 4141 0 13
4781 2590 0 116
4782 1970 0 152
4783 875 0 11
4784 7259 0 19
4785 1513 0 92
4786 1745 0 33
4787 252 1 0
4788 1868 0 32
4789 1308 1 0
4790 1296 0 7
4791 921 0 343
4792 1004 0 144
4793 1571 1 0
4794 5032 0 30
4795 707 0 9
4796 1009 0 37
4797 5078 0 11
4798 2249 0 36
4799 1074 0 7
4800 689 0 14
4801 1206 0 7
4802 897 0 40
4803 3371 0 14
4804 5086 0 72
4805 1212 0 10
4806 1226 0 264
4807 458 0 23
4808 1962 0 16
4809 12505 0 29
4810 1367 0 86
4811 1951 0 13
4812 1891 0 8
4813 746 0 12
4814 1012 0 8
4815 7410 0 7
4816 6734 0 12
4817 899 0 49
4818 343 0 8
4819 1085 0 42
4820 2739 0 39
4821 2917 0 8
4822 5141 0 127
4823 3162 0 11
4824 1838 0 10
4825 6447 0 11
4826 1548 0 56
4827 747 0 26
4828 5136 0 38
4829 6230 0 98

49 1 3396
4
4830 1388 0 12
4831 1424 0 12
4832 844 0 7
4833 1294 0 103

50 1 3754
52
4834 1227 0 7
4835 1095 0 17
4836 170 0 29
4837 1760 0 8
4838 2374 0 7
4839 1887 0 146
4840 549 0 9
4841 3196 0 12
4842 366 1 368
4843 649 0 13
4844 12812 0 7
4845 1017 0 6
4846 411 0 12
4847 1349 0 28
4848 1598 0 48
4849 761 0 300
4850 1790 0 26
4851 697 0 9
4852 2416 0 23
4853 2814 0 38
4854 1387 0 10
4855 998 1 217
4856 3182 0 17
4857 678 0 110
4858 666 0 20
4859 985 0 12
4860 1846 0 37
4861 1977 0 10
4862 2319 0 12
4863 7410 0 19
4864 2378 0 8
4865 3321 1 134
4866 860 0 141
4867 719 0 13
4868 1933 0 40
4869 62 0 11
4870 1513 0 72
4871 185 0 9
4872 916 0 8
4873 2465 0 7
4874 2995 0 69
4875 1431 0 13
4876 1231 0 9
4877 1168 0 27
4878 1372 0 55
4879 3522 0 9
4880 2540 0 32
4881 1062 0 8
4882 1241 0 54
4883 2079 0 12
4884 252 0 28
4885 2293 0 16

51 1 3828
5
4886 1915 0 39
4887 712 0 10
4888 853 0 12
4889 2816 0 10
4890 3651 0 18

52 1 3832
25
4891 7473 0 9
4892 221 0 10
4893 3390 1 216
4894 1291 0 8
4895 1276 0 11
4896 1963 0 26
4897 2768 0 17
4898 3030 0 143
4899 1041 0 80
4900 685 0 102
4901 439 0 13
4902 733 0 12
4903 7268 0 15
4904 3013 0 129
4905 3415 0 72
4906 876 0 11
4907 1222 1 153
4908 3084 0 6
4909 1095 0 7
4910 957 0 6
4911 2057 0 9
4912 401 0 12
4913 1655 0 11
4914 3150 1 0
4915 327 0 45

53 1 4036
22
4916 176 0 10
4917 849 0 8
4918 1271 0 12
4919 226 0 45
4920 3304 0 17
4921 7336 0 13
4922 6364 0 241
4923 2541 0 12
4924 1587 0 51
4925 463 0 223
4926 837 0 87
4927 3265 0 10
4928 921 0 8
4929 3217 0 7
4930 12099 0 48
4931 1126 0 55
4932 2802 0 11
4933 1425 0 13
4934 1123 0 37
4935 1222 0 23
4936 7303 0 10
4937 144 0 49

54 1 4074
178
4938 763 0 11
4939 886 0 82
4940 2743 0 111
4941 1117 0 10
4942 485 0 114
4943 796 0 99
4944 1426 0 13
4945 57 0 93
4946 1260 1 0
4947 2291 0 39
4948 353 0 30
4949 851 0 110
4950 1245 0 16
4951 373 0 13
4952 1968 0 190
4953 1257 0 7
4954 1376 0 10
4955 564 0 38
4956 5110 0 13
4957 1505 0 9
4958 572 0 29
4959 1070 0 71
4960 297 0 10
4961 622 1 0
4962 1405 0 12
4963 493 0 8
4964 6143 0 9
4965 637 0 14
4966 558 0 44
4967 3089 0 68
4968 7945 0 26
4969 574 0 10
4970 7860 0 99
4971 911 0 56
4972 9979 0 10
4973 1988 0 122
4974 2887 0 11
4975 408 0 7
4976 582 0 37
4977 1849 0 72
4978 5761 0 37
4979 2821 0 98
4980 7258 0 29
4981 1247 0 11
4982 206 0 18
4983 388 0 131
4984 3218 0 130
4985 427 0 13
4986 16596 0 20
4987 1344 0 73
4988 420 0 12
4989 3203 0 24
4990 1268 0 11
4991 736 0 13
4992 2871 0 66
4993 979 1 32
4994 778 0 24
4995 2863 0 11
4996 11603 0 38
4997 505 0 8
4998 1064 0 8
4999 11820 0 10
5000 349 0 11
5001 3387 0 13
5002 309 0 42
5003 686 0 41
5004 3635 0 15
5005 3110 0 27
5006 1518 0 38
5007 5959 0 9
5008 1403 0 98
5009 2852 0 2
5010 906 0 216
5011 292 0 88
5012 801 0 10
5013 1277 0 9
5014 3263 0 27
5015 992 0 7
5016 13541 0 104
5017 1696 0 11
5018 1125 1 503
5019 12605 0 67
5020 11603 0 103
5021 1256 0 135
5022 6549 0 10
5023 668 0 16
5024 705 0 8
5025 424 0 85
5026 234 0 13
5027 2809 0 17
5028 2900 0 12
5029 3269 0 7
5030 2997 0 24
5031 1965 0 11
5032 601 0 14
5033 1416 0 11
5034 5071 0 37
5035 1063 0 18
5036 3153 0 24
5037 1256 0 34
5038 1804 0 16
5039 2651 0 11
5040 397 0 40
5041 1133 0 9
5042 1427 0 8
5043 2700 0 11
5044 1112 0 207
5045 1526 0 17
5046 695 0 106
5047 3171 0 67
5048 1257 0 193
5049 504 0 9
5050 2136 0 9
5051 1839 0 8
5052 575 1 48
5053 3320 0 16
5054 1170 0 8
5055 968 0 8
5056 1188 0 162
5057 1869 0 45
5058 1006 0 70
5059 3248 0 79
5060 1421 0 12
5061 3199 0 11
5062 2684 0 9
5063 171 0 9
5064 1968 0 13
5065 1066 0 10
5066 12504 0 10
5067 1331 0 6
5068 12656 0 41
5069 987 0 8
5070 1513 0 13
5071 1186 0 160
5072 1956 0 9
5073 1434 0 11
5074 511 0 18
5075 1171 0 12
5076 1143 0 11
5077 2914 0 13
5078 3362 0 13
5079 1099 0 11
5080 225 0 12
5081 17466 0 13
5082 1201 0 25
5083 7048 0 10
5084 1956 0 140
5085 465 0 101
5086 1252 0 16
5087 291 0 44
5088 12911 0 18
5089 12588 0 13
5090 1874 0 72
5091 830 0 10
5092 989 0 20
5093 1545 0 23
5094 1554 0 11
5095 1958 0 13
5096 2852 0 21
5097 1518 0 38
5098 2869 0 13
5099 908 0 63
5100 606 0 35
5101 449 0 9
5102 190 0 9
5103 1759 0 198
5104 2754 0 7
5105 1648 0 20
5106 2193 0 167
5107 598 0 11
5108 1923 0 67
5109 2563 1 0
5110 17494 0 13
5111 451 0 62
5112 3653 0 13
5113 1975 0 8
5114 588 0 8
5115 720 0 17

55 1 4079
54
5116 455 0 24
5117 3922 0 30
5118 1643 0 210
5119 969 0 22
5120 435 0 11
5121 2918 0 19
5122 511 0 3
5123 3317 0 102
5124 1981 0 24
5125 1518 0 33
5126 1448 0 9
5127 593 0 14
5128 1537 0 12
5129 1139 0 31
5130 1348 0 12
5131 383 0 192
5132 1774 0 80
5133 2601 0 68
5134 542 0 51
5135 6229 0 66
5136 3147 0 10
5137 881 0 38
5138 3163 0 27
5139 697 0 18
5140 1954 0 14
5141 1214 0 12
5142 1973 0 93
5143 8746 0 47
5144 184 0 22
5145 6014 0 38
5146 1128 0 14
5147 2146 1 223
5148 714 0 23
5149 3336 0 70
5150 500 0 11
5151 453 0 45
5152 612 0 113
5153 3032 0 143
5154 652 0 36
5155 832 0 11
5156 391 0 10
5157 1421 0 77
5158 1060 0 24
5159 629 0 10
5160 1417 0 11
5161 2381 0 11
5162 930 0 29
5163 2494 0 7
5164 3665 0 7
5165 1181 0 16
5166 15618 0 145
5167 2412 0 14
5168 513 0 48
5169 2197 0 124

56 1 4080
52
5170 517 0 114
5171 1983 0 13
5172 8485 0 10
5173 1577 0 8
5174 1242 0 11
5175 970 0 8
5176 3237 0 159
5177 1125 0 11
5178 1324 0 11
5179 2472 0 9
5180 6812 0 97
5181 2852 0 7
5182 3673 0 10
5183 446 0 39
5184 991 0 11
5185 3340 0 54
5186 793 0 10
5187 1043 0 66
5188 1142 0 86
5189 2958 0 16
5190 5058 0 31
5191 8839 0 11
5192 741 0 9
5193 3217 0 11
5194 523 0 7
5195 1684 0 81
5196 868 0 10
5197 338 0 49
5198 1983 0 110
5199 3053 0 11
5200 16286 0 52
5201 1947 0 8
5202 1188 0 11
5203 5084 0 9
5204 886 0 189
5205 837 0 85
5206 989 0 10
5207 298 0 129
5208 1271 0 62
5209 1513 0 8
5210 2547 0 3
5211 2746 0 22
5212 582 0 7
5213 5095 0 15
5214 1444 0 10
5215 8191 1 0
5216 1536 0 12
5217 1030 0 13
5218 1256 0 42
5219 5136 0 15
5220 1411 1 106
5221 800 0 23

57 0 4091
122
5222 389 0 10
5223 1074 0 19
5224 5147 0 35
5225 1298 0 17
5226 1127 0 37
5227 1164 1 0
5228 3177 0 52
5229 3223 0 22
5230 3244 0 7
5231 1525 0 47
5232 362 0 7
5233 204 0 83
5234 527 0 224
5235 1147 0 95
5236 2859 0 22
5237 567 0 24
5238 522 0 10
5239 2000 0 65
5240 1371 0 74
5241 1705 0 50
5242 178 0 15
5243 6363 0 11
5244 2059 0 9
5245 982 0 111
5246 1083 0 8
5247 2158 0 10
5248 586 0 8
5249 2254 0 19
5250 5120 0 13
5251 6951 0 101
5252 1014 0 135
5253 989 0 9
5254 2838 0 36
5255 1116 0 19
5256 3717 0 8
5257 3480 0 10
5258 868 0 72
5259 1098 0 44
5260 5090 1 41
5261 1537 0 63
5262 824 0 41
5263 7735 0 169
5264 761 0 178
5265 1855 0 10
5266 1516 0 172
5267 1229 1 101
5268 1376 0 8
5269 1975 0 13
5270 1940 0 11
5271 46 0 18
5272 2931 0 10
5273 3374 0 12
5274 795 0 14
5275 426 0 7
5276 755 0 11
5277 716 1 0
5278 871 0 10
5279 2353 0 10
5280 3277 0 26
5281 2848 0 13
5282 2541 0 40
5283 2392 0 216
5284 647 0 8
5285 717 0 38
5286 6951 0 29
5287 3253 0 8
5288 280 0 12
5289 1426 0 8
5290 2925 0 107
5291 644 0 73
5292 1296 0 22
5293 7837 0 10
5294 844 0 13
5295 2271 0 9
5296 847 0 24
5297 191 0 13
5298 1661 0 29
5299 1513 0 14
5300 1981 0 20
5301 3947 0 98
5302 5157 0 12
5303 7955 0 11
5304 1435 0 13
5305 661 0 11
5306 2913 0 66
5307 171 0 12
5308 765 0 75
5309 1009 0 24
5310 1513 0 42
5311 316 0 27
5312 6924 0 69
5313 5038 0 7
5314 887 0 18
5315 3309 0 52
5316 1416 0 151
5317 721 0 7
5318 2869 0 106
5319 3375 0 10
5320 2833 0 32
5321 325 0 7
5322 722 0 14
5323 1251 0 36
5324 2528 0 12
5325 1346 0 10
5326 181 0 12
5327 313 0 220
5328 410 0 98
5329 3229 0 133
5330 793 0 19
5331 1780 0 134
5332 1217 0 177
5333 884 0 38
5334 1641 0 83
5335 1175 0 11
5336 514 0 12
5337 778 1 60
5338 1335 0 31
5339 543 0 73
5340 693 0 26
5341 7182 0 9
5342 1770 0 13
5343 1627 0 8

58 1 4094
118
5344 1422 0 52
5345 5153 0 146
5346 381 0 10
5347 1420 0 14
5348 3216 0 36
5349 2873 0 12
5350 2346 0 36
5351 917 0 11
5352 749 0 19
5353 3241 0 14
5354 1023 0 12
5355 805 0 11
5356 561 0 9
5357 562 0 38
5358 1375 0 6
5359 8094 0 41
5360 274 0 9
5361 682 0 11
5362 1537 0 21
5363 948 0 10
5364 1104 0 95
5365 6750 0 8
5366 463 0 25
5367 1209 0 14
5368 3264 0 68
5369 387 0 7
5370 525 0 11
5371 1867 0 73
5372 22 0 12
5373 1936 0 13
5374 1516 0 10
5375 492 1 395
5376 2554 0 10
5377 1431 0 56
5378 503 0 18
5379 546 0 48
5380 2549 0 79
5381 243 0 13
5382 3316 0 73
5383 1453 0 7
5384 5096 0 9
5385 729 0 11
5386 2854 1 16
5387 1388 0 2
5388 171 0 9
5389 2055 0 11
5390 277 0 0
5391 678 0 12
5392 1408 0 8
5393 609 0 10
5394 1863 0 20
5395 329 1 9
5396 2215 1 40
5397 1965 0 384
5398 1346 0 67
5399 1982 0 16
5400 581 1 29
5401 17328 0 9
5402 3280 0 13
5403 3147 1 0
5404 331 0 112
5405 3272 0 16
5406 925 0 12
5407 1808 0 10
5408 595 0 10
5409 1951 0 42
5410 1954 0 10
5411 3194 0 8
5412 903 0 12
5413 1407 0 109
5414 1428 0 11
5415 3378 0 35
5416 5096 0 28
5417 926 0 39
5418 2217 0 11
5419 3054 0 12
5420 3585 0 169
5421 1626 0 8
5422 621 0 10
5423 6497 0 7
5424 14450 0 22
5425 1047 0 10
5426 3246 0 6
5427 8037 0 30
5428 1305 0 13
5429 1513 0 9
5430 1528 0 9
5431 750 0 110
5432 435 0 8
5433 3335 0 77
5434 546 0 26
5435 5149 0 161
5436 625 0 52
5437 836 0 15
5438 3596 0 616
5439 981 0 172
5440 1367 0 35
5441 6780 0 110
5442 5024 0 11
5443 1834 0 9
5444 527 0 12
5445 1492 0 13
5446 2214 0 8
5447 6582 0 11
5448 562 0 12
5449 8191 0 10
5450 952 0 13
5451 1988 0 8
5452 1607 0 8
5453 1314 0 12
5454 2421 0 45
5455 5153 0 9
5456 1049 0 14
5457 2613 0 10
5458 7346 0 7
5459 1804 0 12
5460 989 0 15
5461 507 0 7

59 0 4109
8
5462 833 0 131
5463 1176 0 7
5464 379 0 56
5465 2534 0 7
5466 1 0 11
5467 1221 0 13
5468 670 0 13
5469 474 0 441

60 1 4125
25
5470 2897 0 10
5471 1226 0 11
5472 291 0 13
5473 3143 0 12
5474 186 0 32
5475 1062 0 79
5476 1948 0 39
5477 2752 1 137
5478 1504 0 9
5479 1191 0 15
5480 961 0 8
5481 1104 0 15
5482 1025 0 53
5483 11777 0 13
5484 595 0 27
5485 6569 0 29
5486 2823 0 68
5487 2858 0 56
5488 402 1 233
5489 3691 0 39
5490 6450 0 8
5491 8205 0 9
5492 712 0 9
5493 1353 0 38
5494 5005 0 437

61 1 4126
13
5495 859 0 16
5496 554 0 9
5497 1126 0 46
5498 3176 0 13
5499 545 0 22
5500 268 0 20
5501 663 0 7
5502 741 0 78
5503 886 0 74
5504 910 0 24
5505 1118 0 201
5506 7578 0 39
5507 3249 0 8

62 1 4133
29
5508 1249 0 110
5509 972 0 33
5510 14423 0 36
5511 224 0 10
5512 1628 0 9
5513 1428 0 16
5514 375 0 13
5515 1221 0 10
5516 1611 0 12
5517 1301 0 71
5518 785 0 12
5519 7167 0 13
5520 3353 0 119
5521 3343 0 9
5522 183 0 27
5523 1260 0 181
5524 1224 0 8
5525 17744 0 297
5526 474 0 28
5527 761 0 40
5528 2488 0 12
5529 1365 0 173
5530 1100 0 8
5531 967 0 26
5532 556 0 167
5533 2822 0 213
5534 2332 0 19
5535 1943 0 14
5536 3110 0 31

63 1 4154
95
5537 1318 1 17
5538 2140 0 150
5539 653 0 12
5540 597 0 10
5541 777 0 16
5542 9986 0 12
5543 2174 0 13
5544 740 0 93
5545 3528 0 12
5546 415 0 9
5547 1844 0 8
5548 1022 0 40
5549 2285 0 10
5550 1344 0 136
5551 718 0 35
5552 1967 0 38
5553 772 0 70
5554 2936 0 7
5555 13923 0 9
5556 608 0 65
5557 3025 0 8
5558 788 0 63
5559 3366 0 9
5560 1282 0 93
5561 188 0 13
5562 1295 0 12
5563 2862 0 11
5564 923 0 11
5565 3595 0 11
5566 452 0 15
5567 5759 0 2
5568 785 0 15
5569 1421 0 29
5570 2931 0 105
5571 2714 0 43
5572 257 0 13
5573 2227 0 58
5574 1081 0 12
5575 3216 0 11
5576 1346 0 38
5577 1145 1 0
5578 1145 0 222
5579 13555 0 9
5580 488 0 17
5581 1420 0 66
5582 5991 0 9
5583 1278 1 476
5584 965 0 33
5585 2136 0 11
5586 2903 0 70
5587 12617 0 58
5588 1728 0 12
5589 6455 0 12
5590 2850 0 27
5591 2541 0 11
5592 1513 0 9
5593 948 0 11
5594 883 1 0
5595 1108 0 788
5596 1551 0 82
5597 907 0 44
5598 3229 0 9
5599 5000 0 12
5600 1946 0 17
5601 16894 0 23
5602 565 0 30
5603 403 0 38
5604 6533 0 99
5605 1060 0 15
5606 1182 0 10
5607 3682 0 13
5608 405 0 30
5609 1577 0 9
5610 814 0 10
5611 3299 0 10
5612 1293 0 10
5613 1788 0 9
5614 3188 0 49
5615 999 0 13
5616 7257 0 15
5617 685 0 96
5618 16776 0 15
5619 535 0 35
5620 5845 0 270
5621 1131 0 6
5622 642 0 25
5623 3311 0 14
5624 691 0 9
5625 442 0 12
5626 2512 0 275
5627 755 0 38
5628 2854 0 20
5629 1096 0 14
5630 321 0 6
5631 12784 0 12

64 1 4184
110
5632 1064 0 79
5633 2246 0 8
5634 3784 0 30
5635 1840 0 10
5636 6193 0 14
5637 2496 0 27
5638 2862 0 29
5639 1034 0 28
5640 696 0 62
5641 1231 0 8
5642 1209 0 76
5643 1413 0 13
5644 1245 0 12
5645 1021 0 8
5646 450 1 28
5647 699 0 10
5648 205 0 10
5649 527 0 12
5650 1707 0 42
5651 3337 0 17
5652 1284 0 30
5653 4856 1 0
5654 3299 0 72
5655 1460 0 12
5656 1175 1 60
5657 1066 0 5
5658 1379 0 8
5659 989 0 56
5660 2690 0 134
5661 2098 0 13
5662 814 0 8
5663 2911 0 11
5664 1192 0 41
5665 605 0 9
5666 1281 0 12
5667 12881 0 14
5668 809 0 11
5669 577 0 9
5670 958 0 33
5671 1125 0 9
5672 1609 0 16
5673 2131 1 0
5674 1789 0 10
5675 686 0 98
5676 699 0 6
5677 12739 0 13
5678 248 0 33
5679 2602 0 42
5680 1360 0 31
5681 1393 0 209
5682 1024 0 13
5683 3243 0 10
5684 1482 0 11
5685 979 0 143
5686 2451 0 146
5687 5829 0 34
5688 1170 0 10
5689 378 0 12
5690 1118 0 39
5691 2416 0 111
5692 666 0 23
5693 587 0 53
5694 837 0 20
5695 1946 0 9
5696 3343 0 7
5697 3699 0 7
5698 1017 0 28
5699 2735 1 0
5700 26 0 69
5701 949 0 46
5702 507 0 130
5703 1964 0 18
5704 3202 0 15
5705 7261 0 9
5706 218 0 9
5707 3082 0 37
5708 1731 0 199
5709 1349 0 7
5710 3704 0 78
5711 6521 0 7
5712 836 0 11
5713 3029 0 23
5714 1924 0 18
5715 3635 0 13
5716 1600 0 128
5717 1521 0 26
5718 1055 0 12
5719 426 0 34
5720 1379 0 190
5721 3183 0 96
5722 1424 0 119
5723 1933 0 55
5724 1887 0 7
5725 1099 0 11
5726 7353 0 11
5727 930 0 14
5728 704 0 74
5729 3201 0 10
5730 4999 0 149
5731 926 0 5
5732 797 0 14
5733 5081 0 136
5734 6453 0 8
5735 1729 0 10
5736 1338 0 8
5737 2371 0 14
5738 2514 0 36
5739 535 0 13
5740 1050 0 76
5741 3367 0 13

65 1 4191
9
5742 989 0 54
5743 3303 0 38
5744 3175 0 24
5745 1973 0 13
5746 977 0 11
5747 6568 0 7
5748 2835 0 9
5749 2406 0 8
5750 2939 0 28

66 1 4197
148
5751 2329 0 9
5752 838 0 39
5753 1179 0 7
5754 2234 0 10
5755 5839 0 14
5756 5084 0 42
5757 809 0 8
5758 410 0 11
5759 1109 0 10
5760 1401 0 26
5761 6206 0 12
5762 1511 0 44
5763 7503 0 7
5764 6735 0 10
5765 107 0 11
5766 1686 0 12
5767 907 0 267
5768 1977 0 197
5769 262 0 7
5770 1201 0 41
5771 5093 0 39
5772 230 0 8
5773 924 0 41
5774 1163 0 10
5775 1327 0 212
5776 5130 0 9
5777 1002 0 25
5778 845 0 10
5779 3232 1 0
5780 5247 0 16
5781 1544 0 12
5782 3524 0 156
5783 6801 0 39
5784 181 0 12
5785 1100 0 13
5786 2544 0 18
5787 7921 1 0
5788 1978 0 40
5789 910 0 22
5790 933 0 19
5791 3140 0 13
5792 1377 0 9
5793 796 0 34
5794 974 0 122
5795 627 0 148
5796 3276 0 24
5797 1325 0 27
5798 2452 0 12
5799 783 0 13
5800 2291 0 13
5801 1345 0 22
5802 499 0 16
5803 13923 0 13
5804 7940 0 41
5805 404 0 141
5806 635 0 10
5807 2539 0 7
5808 8191 0 14
5809 1325 0 45
5810 432 0 0
5811 2389 0 135
5812 2379 0 146
5813 348 0 7
5814 1984 0 108
5815 501 0 12
5816 2781 0 10
5817 1505 0 112
5818 1547 0 21
5819 3871 0 12
5820 574 0 23
5821 946 0 25
5822 1346 0 9
5823 941 0 13
5824 2607 0 13
5825 342 0 40
5826 1182 0 7
5827 455 0 22
5828 651 0 11
5829 6134 0 32
5830 1975 0 98
5831 1390 0 47
5832 2308 0 14
5833 1523 1 16
5834 1974 0 7
5835 1057 0 7
5836 5096 0 12
5837 1880 0 96
5838 495 0 11
5839 911 0 10
5840 560 0 110
5841 1555 0 14
5842 1003 0 24
5843 3563 0 44
5844 2125 0 81
5845 304 0 9
5846 97 0 57
5847 234 0 14
5848 1146 0 13
5849 861 0 11
5850 3174 0 17
5851 5102 0 14
5852 679 0 14
5853 72 0 8
5854 2208 1 0
5855 484 0 16
5856 589 0 37
5857 1248 0 8
5858 16529 0 18
5859 12572 0 30
5860 2709 0 9
5861 282 0 20
5862 652 0 12
5863 9660 0 12
5864 2957 0 10
5865 1946 0 11
5866 13594 0 32
5867 2408 0 9
5868 1259 0 23
5869 3289 0 10
5870 1345 0 13
5871 192 0 10
5872 2842 0 8
5873 977 0 17
5874 2269 0 11
5875 1969 0 9
5876 926 0 13
5877 2929 0 10
5878 733 0 31
5879 987 0 18
5880 11610 0 67
5881 1410 0 11
5882 1961 0 8
5883 1472 0 8
5884 6366 0 21
5885 3329 0 78
5886 3284 0 10
5887 593 0 49
5888 2484 0 8
5889 514 0 381
5890 567 0 68
5891 1414 0 9
5892 13598 0 63
5893 177 0 30
5894 1353 0 8
5895 2888 0 17
5896 3343 0 73
5897 193 0 7
5898 442 0 148

67 1 4561
25
5899 728 0 108
5900 1313 0 7
5901 3203 0 104
5902 6158 0 11
5903 705 0 29
5904 1510 0 23
5905 1372 0 25
5906 11501 0 12
5907 717 0 29
5908 3259 0 63
5909 1170 0 28
5910 409 0 10
5911 926 0 18
5912 2130 0 21
5913 2918 0 8
5914 959 0 12
5915 681 1 25
5916 1005 0 14
5917 1126 0 17
5918 7051 0 8
5919 3312 0 37
5920 1054 0 8
5921 1404 0 14
5922 856 0 10
5923 750 0 162

68 1 4692
6
5924 2224 0 24
5925 1811 0 15
5926 1655 0 9
5927 1693 0 80
5928 6364 0 10
5929 5133 0 11

69 0 4726
22
5930 538 0 12
5931 511 0 106
5932 3427 0 67
5933 1092 0 17
5934 1023 0 12
5935 494 1 452
5936 989 0 11
5937 5245 0 8
5938 2006 0 14
5939 2795 0 7
5940 1281 0 10
5941 2231 0 20
5942 1645 0 142
5943 1430 0 10
5944 1870 0 11
5945 2192 0 18
5946 857 0 13
5947 944 0 79
5948 1981 0 13
5949 2800 0 13
5950 2435 0 18
5951 266 0 261

70 1 4736
85
5952 870 0 35
5953 952 0 214
5954 897 1 101
5955 1029 0 9
5956 437 0 32
5957 1180 0 9
5958 1530 0 9
5959 2583 0 19
5960 1889 0 13
5961 171 0 99
5962 719 0 11
5963 9488 0 811
5964 1951 0 154
5965 1277 1 25
5966 2223 1 69
5967 1123 0 29
5968 3787 0 11
5969 627 0 26
5970 2900 0 16
5971 1522 0 85
5972 16109 0 20
5973 723 0 25
5974 757 0 11
5975 1384 0 19
5976 1091 0 7
5977 1044 0 16
5978 201 0 9
5979 441 0 11
5980 1957 0 12
5981 788 1 136
5982 1528 0 38
5983 1284 0 12
5984 3234 0 13
5985 1780 0 274
5986 3594 0 134
5987 16221 0 82
5988 3338 0 13
5989 770 0 88
5990 568 0 46
5991 369 0 48
5992 3339 0 11
5993 385 0 16
5994 5054 0 17
5995 535 0 41
5996 1959 0 99
5997 6715 0 42
5998 639 0 25
5999 808 0 7
6000 2520 0 24
6001 200 0 40
6002 568 0 8
6003 1425 0 11
6004 7601 0 160
6005 13007 0 10
6006 3378 0 13
6007 9366 0 122
6008 623 0 43
6009 3360 0 34
6010 337 0 68
6011 1066 0 49
6012 2908 0 82
6013 1537 0 5
6014 642 0 17
6015 1185 0 24
6016 3324 0 81
6017 1566 0 13
6018 989 0 11
6019 5112 0 8
6020 2585 0 11
6021 438 0 10
6022 2492 0 18
6023 400 0 18
6024 928 0 53
6025 585 0 59
6026 3378 0 31
6027 1215 0 8
6028 1425 0 13
6029 6260 0 88
6030 3268 0 35
6031 1311 1 516
6032 1980 0 38
6033 876 0 8
6034 5087 0 14
6035 5112 0 9
6036 13598 0 10

71 1 4798
14
6037 538 0 137
6038 3191 0 9
6039 3236 0 14
6040 435 0 12
6041 3370 0 21
6042 1374 0 111
6043 318 0 11
6044 9985 1 596
6045 2406 0 27
6046 13568 0 2
6047 1518 0 2
6048 2021 0 12
6049 3372 0 29
6050 1235 0 13

72 1 5488
2
6051 12848 0 7
6052 1111 0 11

73 1 5621
5
6053 2945 0 26
6054 2838 0 9
6055 6535 0 45
6056 3773 0 73
6057 7771 0 40

74 1 5624
144
6058 1003 0 17
6059 7703 0 13
6060 1012 0 13
6061 204 0 8
6062 1874 0 113
6063 7400 0 28
6064 621 0 10
6065 2437 0 16
6066 1524 0 11
6067 924 0 21
6068 6748 0 18
6069 872 0 17
6070 1218 0 29
6071 3168 0 93
6072 7031 0 18
6073 6058 0 113
6074 7176 0 13
6075 980 0 22
6076 971 0 11
6077 7299 0 29
6078 3345 0 24
6079 2450 0 8
6080 1129 0 7
6081 1893 0 113
6082 5091 0 11
6083 1983 0 93
6084 1348 0 11
6085 658 0 9
6086 1404 0 13
6087 969 0 9
6088 626 0 12
6089 745 0 13
6090 1809 0 8
6091 2198 0 49
6092 3568 0 15
6093 1169 0 55
6094 950 0 8
6095 12499 1 30
6096 992 0 73
6097 1956 0 12
6098 1381 0 26
6099 2083 0 8
6100 442 0 12
6101 8376 0 10
6102 2459 0 156
6103 1248 0 170
6104 690 0 122
6105 943 0 10
6106 1982 0 10
6107 1357 0 74
6108 678 0 470
6109 7860 0 58
6110 3374 0 71
6111 1517 0 8
6112 652 0 29
6113 746 0 8
6114 371 0 9
6115 3152 0 6
6116 1725 0 164
6117 1934 0 12
6118 915 0 12
6119 6575 0 7
6120 554 0 11
6121 1907 0 11
6122 616 0 8
6123 1947 0 13
6124 591 0 83
6125 1054 0 10
6126 2383 0 34
6127 1506 0 12
6128 2709 1 28
6129 858 0 616
6130 905 0 39
6131 1387 0 132
6132 3379 0 14
6133 1268 0 140
6134 1068 0 13
6135 7470 0 11
6136 460 0 11
6137 2196 0 52
6138 1516 0 24
6139 915 0 8
6140 1593 0 17
6141 1389 0 84
6142 7553 0 8
6143 13920 0 10
6144 2236 1 103
6145 506 0 8
6146 1625 0 9
6147 1148 0 19
6148 12 0 132
6149 1046 0 6
6150 714 0 32
6151 1768 0 9
6152 2534 0 9
6153 3377 0 343
6154 366 0 10
6155 1053 0 45
6156 1089 0 21
6157 1883 0 25
6158 658 0 9
6159 1296 0 10
6160 114 0 29
6161 883 0 22
6162 1055 0 19
6163 7286 0 16
6164 1070 0 12
6165 20 0 42
6166 1770 0 9
6167 2244 0 66
6168 1334 0 9
6169 2569 0 6
6170 1875 0 10
6171 4926 0 8
6172 1516 0 32
6173 1427 0 67
6174 673 0 9
6175 2569 0 17
6176 337 0 19
6177 460 0 90
6178 17470 0 37
6179 1974 0 17
6180 701 0 55
6181 484 0 11
6182 7735 0 8
6183 902 0 28
6184 3081 0 41
6185 184 0 11
6186 3169 0 20
6187 172 0 57
6188 1954 0 54
6189 1146 0 29
6190 6950 0 17
6191 1334 0 10
6192 1516 0 6
6193 6251 0 14
6194 989 0 79
6195 5131 0 91
6196 1093 0 14
6197 581 0 55
6198 1372 0 11
6199 1200 0 16
6200 2857 0 20
6201 10011 0 9

75 0 5637
187
6202 1001 0 10
6203 1280 0 153
6204 12333 0 11
6205 453 0 68
6206 437 0 168
6207 6453 0 13
6208 1083 0 8
6209 1688 0 40
6210 1663 0 13
6211 811 0 111
6212 1966 0 19
6213 531 0 100
6214 510 0 134
6215 3772 0 10
6216 12527 0 9
6217 2165 0 21
6218 3337 0 18
6219 1306 0 10
6220 513 0 9
6221 1943 0 13
6222 1485 0 7
6223 12369 0 27
6224 1195 0 20
6225 1958 0 11
6226 3196 0 68
6227 5097 0 9
6228 1526 0 16
6229 862 0 10
6230 3934 0 27
6231 749 0 16
6232 12696 0 9
6233 951 0 7
6234 1534 1 566
6235 646 0 50
6236 995 0 29
6237 1095 0 11
6238 780 0 173
6239 1132 0 15
6240 1059 0 119
6241 2721 0 28
6242 754 0 13
6243 868 0 11
6244 6727 0 7
6245 856 0 20
6246 2851 0 29
6247 904 1 0
6248 794 0 8
6249 552 0 81
6250 2154 0 108
6251 1421 0 80
6252 6470 0 9
6253 602 0 148
6254 1479 0 21
6255 2790 0 12
6256 2121 0 20
6257 1385 0 7
6258 17116 0 43
6259 680 0 13
6260 1425 0 43
6261 1958 0 32
6262 1972 0 74
6263 1610 0 166
6264 2911 0 35
6265 3495 0 11
6266 1155 0 10
6267 1982 0 14
6268 1139 0 12
6269 5064 0 37
6270 464 0 19
6271 1290 0 74
6272 1513 0 17
6273 1277 0 11
6274 10023 0 94
6275 1868 0 17
6276 1090 0 13
6277 832 0 10
6278 11604 0 17
6279 912 0 55
6280 590 0 79
6281 989 0 0
6282 2340 0 72
6283 2178 0 17
6284 1311 0 219
6285 11792 0 0
6286 646 0 10
6287 1952 0 112
6288 1530 0 293
6289 608 0 52
6290 1467 0 15
6291 1028 0 19
6292 1420 0 14
6293 12627 0 9
6294 3156 1 0
6295 6366 0 15
6296 1960 0 9
6297 1181 0 8
6298 7358 0 30
6299 1431 0 76
6300 1100 0 9
6301 12542 1 0
6302 810 0 13
6303 1707 0 9
6304 485 0 81
6305 5050 0 12
6306 464 0 11
6307 2710 0 6
6308 785 0 167
6309 1383 0 7
6310 1004 0 17
6311 1281 0 13
6312 1972 0 33
6313 1642 0 37
6314 1943 0 69
6315 12199 0 11
6316 1518 0 115
6317 3289 0 127
6318 7840 0 9
6319 3502 0 8
6320 474 0 13
6321 1163 0 9
6322 733 0 13
6323 926 0 13
6324 2849 0 10
6325 610 0 9
6326 1070 0 13
6327 1690 0 9
6328 1080 0 182
6329 853 0 14
6330 1429 0 49
6331 546 0 9
6332 1529 0 8
6333 2837 0 76
6334 3483 0 7
6335 329 0 52
6336 557 0 89
6337 1429 0 10
6338 2475 0 21
6339 1420 0 174
6340 1024 0 7
6341 1559 0 142
6342 1990 0 20
6343 3197 0 8
6344 1237 0 85
6345 301 0 175
6346 3011 0 221
6347 1358 0 42
6348 1359 0 0
6349 2575 0 221
6350 638 0 36
6351 1983 0 59
6352 29 0 224
6353 1022 0 104
6354 1626 1 7
6355 380 0 9
6356 320 0 12
6357 651 0 10
6358 5029 0 14
6359 997 0 9
6360 1466 0 127
6361 1261 0 196
6362 3015 0 13
6363 1346 0 12
6364 2565 0 174
6365 1960 0 84
6366 2348 0 140
6367 1408 0 13
6368 967 0 11
6369 3224 0 38
6370 1077 0 43
6371 505 0 14
6372 576 0 11
6373 1230 0 37
6374 3363 0 21
6375 1429 0 13
6376 1264 0 11
6377 3016 0 39
6378 389 0 11
6379 1513 0 72
6380 1333 0 57
6381 638 0 10
6382 904 0 9
6383 625 0 14
6384 14897 0 95
6385 5032 0 10
6386 999 1 0
6387 2320 0 11
6388 832 0 21

76 0 5713
1
6389 1382 0 17

77 1 5738
2
6390 1973 1 30
6391 799 0 11

78 1 5769
25
6392 3353 0 25
6393 3372 0 24
6394 860 0 7
6395 288 0 8
6396 231 0 26
6397 1829 1 30
6398 964 0 148
6399 836 0 72
6400 783 0 17
6401 912 0 28
6402 1762 0 11
6403 875 0 13
6404 5759 0 187
6405 1927 0 8
6406 5006 0 12
6407 3228 0 19
6408 586 0 53
6409 1935 0 45
6410 246 1 100
6411 1081 0 13
6412 407 0 12
6413 793 0 11
6414 1343 0 59
6415 3181 0 2
6416 1429 0 50

79 1 5770
175
6417 3196 0 40
6418 769 0 40
6419 1976 0 12
6420 3532 0 13
6421 536 0 108
6422 174 0 49
6423 672 0 12
6424 893 0 8
6425 2524 0 10
6426 989 0 78
6427 3185 0 8
6428 968 0 47
6429 654 0 7
6430 3582 0 68
6431 2459 0 11
6432 1199 0 14
6433 1321 0 54
6434 2878 0 14
6435 879 0 36
6436 171 0 65
6437 449 0 36
6438 845 0 28
6439 6466 0 10
6440 1955 0 11
6441 5076 0 37
6442 2275 0 10
6443 4128 0 149
6444 3332 0 8
6445 447 0 37
6446 7406 1 9
6447 1341 0 302
6448 1053 0 10
6449 3148 0 9
6450 2070 0 35
6451 3163 0 18
6452 1283 0 71
6453 9367 0 75
6454 1341 0 10
6455 1670 0 7
6456 3695 0 127
6457 2539 1 0
6458 206 0 15
6459 745 0 17
6460 2712 0 103
6461 968 0 18
6462 2077 0 25
6463 570 1 376
6464 2990 0 12
6465 969 1 28
6466 257 0 13
6467 1256 0 24
6468 1305 0 8
6469 1752 0 20
6470 1066 0 8
6471 748 0 25
6472 1540 0 28
6473 786 0 13
6474 2449 0 17
6475 924 0 10
6476 272 0 8
6477 3239 1 166
6478 1182 0 9
6479 331 0 12
6480 692 0 8
6481 1709 0 56
6482 3195 0 18
6483 989 0 29
6484 696 0 42
6485 1883 0 6
6486 572 0 8
6487 1605 0 29
6488 1971 0 75
6489 3299 0 12
6490 364 0 29
6491 1200 0 367
6492 761 0 320
6493 3675 0 70
6494 414 0 33
6495 2353 0 21
6496 715 0 105
6497 1538 0 138
6498 1362 0 8
6499 168 0 23
6500 3909 0 12
6501 642 0 8
6502 620 0 19
6503 336 0 42
6504 1123 0 134
6505 6602 0 3
6506 7477 0 14
6507 2300 0 8
6508 900 0 29
6509 616 0 69
6510 1143 0 13
6511 1371 0 55
6512 1596 0 19
6513 939 0 111
6514 1848 0 11
6515 793 0 33
6516 1053 0 11
6517 2089 0 12
6518 625 0 79
6519 1525 0 16
6520 1414 0 9
6521 1933 0 10
6522 1267 0 324
6523 3364 0 8
6524 449 0 7
6525 10018 0 111
6526 1181 0 13
6527 7174 0 12
6528 1055 0 41
6529 11609 0 13
6530 8573 0 805
6531 23 0 15
6532 2873 0 27
6533 3188 1 0
6534 911 0 10
6535 12031 0 13
6536 2349 0 73
6537 8979 0 295
6538 1196 0 11
6539 433 0 13
6540 193 0 9
6541 715 0 10
6542 977 0 13
6543 866 0 11
6544 17479 0 13
6545 1342 0 10
6546 2896 0 11
6547 72 0 8
6548 981 0 10
6549 1425 0 30
6550 1188 0 72
6551 244 0 18
6552 666 0 9
6553 247 0 14
6554 1049 1 17
6555 450 0 33
6556 1550 0 154
6557 1039 0 63
6558 2895 0 110
6559 1213 1 31
6560 172 0 12
6561 203 0 66
6562 5808 0 15
6563 2035 0 11
6564 778 0 8
6565 1512 0 12
6566 2538 0 12
6567 2920 0 12
6568 16774 0 12
6569 3372 0 73
6570 5051 0 72
6571 612 0 15
6572 3332 0 107
6573 989 0 83
6574 417 0 157
6575 741 0 164
6576 1408 0 14
6577 1058 0 37
6578 636 0 7
6579 620 0 9
6580 3314 0 15
6581 2086 0 80
6582 1960 0 36
6583 1466 0 78
6584 175 0 9
6585 171 0 178
6586 564 0 84
6587 1718 0 209
6588 379 0 8
6589 3339 0 129
6590 1285 0 10
6591 1406 0 13

