10

0 1 255
53
0 669 0 8
1 1526 0 9
2 1193 0 11
3 1186 0 73
4 1401 0 82
5 165 0 10
6 868 0 10
7 2340 0 85
8 1116 0 6
9 5035 0 15
10 1550 0 9
11 1548 0 10
12 1258 0 148
13 1265 0 11
14 2403 0 8
15 1181 0 8
16 597 0 45
17 1431 0 71
18 167 0 14
19 455 0 7
20 2901 0 36
21 1032 0 12
22 1945 0 99
23 2008 0 75
24 400 0 9
25 986 0 9
26 277 0 14
27 422 0 139
28 595 0 9
29 550 0 217
30 3768 0 71
31 3538 0 8
32 3154 0 11
33 11819 0 11
34 2603 0 11
35 1437 0 30
36 1910 1 440
37 1795 0 40
38 993 0 11
39 880 1 0
40 654 0 46
41 534 0 31
42 925 0 18
43 7301 0 11
44 1684 0 21
45 1452 0 13
46 2699 0 17
47 6505 0 13
48 1250 0 12
49 428 0 10
50 3202 0 12
51 316 0 11
52 6189 0 8

1 1 274
33
53 1109 0 292
54 7469 0 25
55 12511 0 131
56 794 0 45
57 14447 0 41
58 902 0 13
59 264 0 10
60 670 0 10
61 2618 0 12
62 1382 0 8
63 1102 0 11
64 1760 0 10
65 8886 0 17
66 997 0 15
67 804 0 82
68 1709 0 11
69 1418 0 97
70 2117 0 13
71 989 0 13
72 1885 0 172
73 2873 0 11
74 419 0 73
75 3698 0 9
76 5134 0 10
77 1157 0 12
78 1984 0 28
79 1625 0 12
80 1289 0 17
81 551 0 0
82 328 0 10
83 1629 0 110
84 1965 0 164
85 1524 0 31

2 1 295
76
86 2012 0 10
87 9088 0 71
88 987 0 6
89 1518 0 157
90 721 0 17
91 888 0 8
92 204 0 12
93 1283 0 17
94 603 0 38
95 548 0 103
96 3211 0 12
97 8839 0 70
98 521 0 23
99 5115 0 19
100 7823 0 10
101 1389 0 16
102 958 0 36
103 491 0 13
104 649 0 24
105 881 0 9
106 1304 0 9
107 178 0 8
108 509 0 11
109 777 0 11
110 3279 0 54
111 5110 0 17
112 1324 0 11
113 1915 0 36
114 2554 0 10
115 1011 0 15
116 431 0 39
117 1275 0 11
118 3256 1 0
119 16448 0 169
120 1857 0 13
121 178 0 9
122 323 0 27
123 1513 0 12
124 2865 0 38
125 1522 0 37
126 3162 0 105
127 2020 0 9
128 2805 0 6
129 1016 0 44
130 1248 0 97
131 1566 0 56
132 1083 0 138
133 2870 0 80
134 411 0 9
135 3267 1 0
136 7473 0 9
137 2373 0 10
138 959 0 19
139 447 0 6
140 1538 0 133
141 1365 0 135
142 309 0 11
143 2653 0 67
144 976 0 17
145 744 0 73
146 6952 0 11
147 1031 0 13
148 295 0 8
149 1984 0 11
150 792 0 116
151 571 0 9
152 1511 0 24
153 1753 0 7
154 2530 0 20
155 6219 0 8
156 1940 0 29
157 756 0 20
158 1413 0 10
159 423 0 13
160 767 0 30
161 5125 0 9

3 1 503
11
162 659 0 98
163 1991 0 9
164 1236 0 16
165 356 0 9
166 1098 0 8
167 1910 0 8
168 9163 0 145
169 1976 0 20
170 2999 0 34
171 353 0 163
172 7306 0 33

4 1 522
176
173 3278 0 18
174 1310 0 35
175 1060 0 10
176 5033 0 198
177 17373 0 18
178 1298 0 16
179 1937 0 98
180 3237 0 67
181 3350 0 48
182 1183 0 10
183 973 0 224
184 1314 0 35
185 1936 1 596
186 1175 1 517
187 4732 0 8
188 1957 0 13
189 3244 0 11
190 2296 0 16
191 1807 0 12
192 895 0 201
193 1952 1 15
194 2881 0 29
195 7775 0 11
196 1207 0 76
197 1222 0 42
198 1181 0 11
199 3307 0 90
200 3361 0 13
201 1121 0 46
202 2251 0 103
203 351 0 12
204 7039 0 17
205 5066 0 222
206 1515 0 11
207 5152 0 50
208 1962 0 13
209 2815 0 70
210 5100 0 11
211 1408 0 8
212 704 0 42
213 428 0 10
214 562 0 10
215 1173 0 92
216 1022 0 9
217 1323 0 12
218 483 0 39
219 3359 0 21
220 1169 0 12
221 2132 0 9
222 7802 0 12
223 185 0 7
224 1249 0 10
225 353 0 11
226 1682 0 13
227 3658 0 6
228 1956 0 140
229 2818 0 16
230 544 0 44
231 519 0 13
232 2975 0 150
233 1068 0 13
234 1018 0 22
235 680 0 8
236 16872 0 73
237 766 0 13
238 2036 0 9
239 2119 0 106
240 1353 0 43
241 1241 0 19
242 2811 0 28
243 576 0 15
244 749 0 8
245 615 1 0
246 1943 0 15
247 1513 1 27
248 989 0 12
249 550 0 11
250 181 0 64
251 1522 0 42
252 1967 0 19
253 1134 0 13
254 1313 0 14
255 1998 0 9
256 841 0 16
257 1387 0 8
258 2437 0 15
259 2126 0 10
260 2106 0 72
261 1147 0 11
262 1385 0 23
263 2857 0 8
264 3197 0 17
265 3693 1 17
266 450 0 44
267 14923 0 8
268 1179 0 13
269 1125 0 9
270 1224 0 47
271 2595 0 7
272 6372 0 17
273 2857 0 428
274 2181 0 14
275 7331 0 11
276 1852 0 9
277 1513 0 70
278 5077 0 10
279 1032 0 97
280 1986 0 8
281 300 0 103
282 1981 0 13
283 12893 0 27
284 305 0 18
285 1338 0 10
286 507 0 8
287 1426 0 65
288 1073 1 566
289 1961 0 12
290 893 0 10
291 1224 1 15
292 7543 0 10
293 1034 0 146
294 938 0 15
295 2881 0 97
296 1046 0 10
297 702 0 10
298 870 0 12
299 3806 0 50
300 569 0 37
301 1414 0 9
302 883 0 8
303 1183 0 71
304 344 0 174
305 3370 0 7
306 549 0 51
307 698 0 45
308 1898 0 13
309 928 0 14
310 1975 0 8
311 7353 0 100
312 1092 0 143
313 6562 0 10
314 342 0 9
315 1143 0 93
316 1236 0 203
317 522 0 9
318 2519 0 12
319 1069 0 8
320 7088 0 37
321 1975 0 38
322 587 0 10
323 5052 0 7
324 1352 0 139
325 639 0 339
326 792 0 13
327 1503 0 13
328 2934 0 11
329 2889 0 43
330 747 0 49
331 1186 0 31
332 992 0 10
333 797 1 28
334 1891 0 15
335 1075 0 69
336 860 0 11
337 875 0 6
338 889 0 81
339 2090 0 13
340 1984 0 10
341 1941 0 156
342 1004 0 14
343 1282 0 9
344 1946 0 11
345 477 0 12
346 1384 0 11
347 2817 0 7
348 1425 0 12

5 1 707
167
349 265 0 11
350 4090 0 11
351 2092 0 52
352 1158 0 50
353 323 0 19
354 896 0 15
355 1883 0 11
356 1679 0 18
357 1750 0 87
358 1187 0 7
359 5146 0 25
360 1046 0 9
361 1998 0 10
362 1163 0 29
363 926 0 11
364 8124 0 69
365 3737 0 16
366 1429 0 11
367 1294 0 149
368 3322 0 11
369 1253 0 41
370 5039 0 26
371 807 0 29
372 1170 0 11
373 777 0 9
374 1479 0 40
375 1358 0 7
376 2167 0 282
377 2016 1 0
378 1150 0 8
379 3176 0 11
380 9982 0 12
381 1525 0 13
382 5051 0 16
383 337 0 144
384 1024 0 211
385 8028 0 12
386 583 0 11
387 8829 0 95
388 985 1 545
389 1774 0 21
390 820 0 14
391 282 0 7
392 2437 0 31
393 1965 0 8
394 261 0 72
395 1695 0 35
396 1695 0 12
397 637 0 10
398 925 0 11
399 587 0 13
400 2886 0 6
401 433 0 24
402 799 0 40
403 458 0 7
404 5026 0 42
405 11231 0 59
406 1337 0 24
407 989 0 91
408 1064 0 222
409 1415 0 149
410 948 0 75
411 2524 0 14
412 2116 0 31
413 2449 0 8
414 468 0 38
415 553 0 8
416 1711 0 12
417 284 0 13
418 514 0 29
419 13918 0 18
420 1417 0 73
421 1945 0 10
422 1024 0 76
423 1356 0 23
424 738 0 17
425 1149 0 71
426 1953 0 17
427 1409 0 8
428 1106 0 7
429 699 0 44
430 1860 0 68
431 2870 0 11
432 2351 0 34
433 1045 0 51
434 2792 0 176
435 3183 0 48
436 870 0 105
437 647 1 28
438 839 0 128
439 196 0 11
440 2814 0 33
441 1426 0 10
442 485 0 14
443 5007 0 7
444 2865 0 11
445 275 0 39
446 1012 0 272
447 3354 0 7
448 458 0 39
449 435 0 12
450 3366 0 18
451 2194 0 11
452 1091 0 98
453 1143 0 3
454 2231 0 98
455 1022 0 7
456 1619 0 6
457 3377 0 7
458 732 0 10
459 796 0 77
460 412 0 10
461 7050 0 22
462 2763 0 8
463 1119 0 7
464 927 0 9
465 500 0 7
466 989 0 17
467 1065 0 88
468 485 0 299
469 5121 0 23
470 3200 0 90
471 3742 0 6
472 1205 0 71
473 1276 0 40
474 896 0 9
475 322 1 485
476 739 0 75
477 1011 0 9
478 1199 0 76
479 1299 0 37
480 1048 0 30
481 1293 0 31
482 8624 0 14
483 570 0 72
484 1860 0 14
485 1975 0 57
486 882 0 9
487 17222 0 13
488 6309 0 32
489 825 0 13
490 3166 0 25
491 963 0 14
492 1524 0 7
493 1090 0 72
494 11615 0 11
495 3250 0 7
496 824 0 15
497 5126 0 37
498 2018 0 8
499 222 0 12
500 1018 0 91
501 645 0 14
502 989 0 13
503 2939 0 91
504 853 0 172
505 1012 0 18
506 1138 0 32
507 286 0 10
508 3169 0 27
509 1419 0 13
510 2812 0 12
511 17081 0 8
512 2537 0 7
513 1801 0 157
514 1608 0 143
515 441 0 13

6 1 708
2
516 1049 0 185
517 208 0 13

7 1 711
184
518 1476 0 36
519 1422 0 12
520 2862 0 13
521 502 0 8
522 2537 0 134
523 7180 0 9
524 745 0 69
525 593 0 32
526 2850 0 98
527 2931 0 20
528 585 0 11
529 1744 1 30
530 1535 0 8
531 1113 0 17
532 1520 0 11
533 5002 0 8
534 1200 0 15
535 6238 1 0
536 930 0 13
537 1423 0 11
538 1429 0 61
539 1511 0 13
540 738 0 7
541 10 0 152
542 3681 0 36
543 1082 0 31
544 1422 0 7
545 1479 0 12
546 3655 0 287
547 801 0 70
548 755 0 161
549 1791 0 22
550 498 0 107
551 2113 0 210
552 1038 0 111
553 5001 0 11
554 934 0 11
555 570 0 262
556 1965 0 9
557 176 0 18
558 524 0 14
559 1739 0 11
560 692 0 105
561 925 0 8
562 3168 0 28
563 943 0 39
564 1162 0 17
565 1518 0 38
566 727 0 8
567 665 0 16
568 1938 0 11
569 1741 0 177
570 3177 0 34
571 1312 0 10
572 5042 0 18
573 531 0 7
574 1835 0 22
575 959 0 145
576 5868 0 10
577 1967 0 22
578 2326 0 92
579 198 0 292
580 1406 0 8
581 1992 0 13
582 3175 0 8
583 13123 0 8
584 486 0 11
585 7962 1 0
586 585 0 59
587 1262 0 8
588 1024 0 10
589 5092 0 15
590 5028 0 98
591 1085 0 92
592 1035 0 367
593 6138 0 75
594 875 0 55
595 1218 0 9
596 3544 0 73
597 1817 0 66
598 1054 0 82
599 5070 0 7
600 718 0 7
601 1965 0 32
602 1058 0 144
603 830 0 8
604 746 0 8
605 1538 1 201
606 15 0 8
607 665 0 32
608 1872 0 82
609 1730 0 57
610 672 1 0
611 1513 0 54
612 1399 0 67
613 1334 0 8
614 854 0 12
615 830 0 57
616 3162 0 8
617 1396 0 25
618 171 0 13
619 668 0 43
620 1401 0 39
621 438 0 107
622 5120 0 110
623 1957 0 62
624 2447 0 52
625 662 0 35
626 1094 0 19
627 3516 0 189
628 558 0 13
629 416 0 12
630 1106 0 77
631 199 0 13
632 906 0 8
633 691 0 13
634 10742 0 74
635 930 0 103
636 7304 0 7
637 1863 0 292
638 437 0 28
639 3480 0 27
640 538 0 8
641 725 0 18
642 4032 0 10
643 2884 0 10
644 860 0 10
645 407 0 15
646 492 0 26
647 980 0 8
648 1969 0 109
649 559 0 68
650 1515 0 22
651 1179 0 11
652 1968 0 51
653 241 0 80
654 5711 1 0
655 2478 0 71
656 2233 0 39
657 1217 0 11
658 709 0 36
659 2309 0 19
660 1917 1 0
661 1766 0 11
662 2207 0 12
663 940 0 7
664 1810 0 9
665 455 0 29
666 1309 1 61
667 6824 0 39
668 989 0 7
669 1513 0 8
670 998 0 61
671 2908 0 32
672 1523 0 40
673 679 0 11
674 1083 0 8
675 2408 0 11
676 600 0 9
677 1785 0 6
678 8076 0 70
679 9303 0 28
680 3373 0 11
681 1966 0 168
682 1196 0 8
683 3070 0 40
684 3381 0 16
685 2560 1 33
686 2544 0 12
687 5115 0 8
688 1111 0 124
689 1580 0 152
690 1957 0 10
691 1147 0 11
692 447 0 7
693 1712 0 11
694 1528 0 8
695 879 0 18
696 696 0 25
697 1165 0 128
698 493 0 32
699 7535 0 10
700 3377 0 103
701 1401 0 11

8 1 713
25
702 1028 0 12
703 1346 0 10
704 3230 0 410
705 756 0 11
706 1512 0 18
707 1283 0 42
708 1595 0 38
709 1505 0 194
710 1087 0 7
711 11416 0 7
712 2541 0 229
713 1799 0 69
714 368 0 13
715 942 0 39
716 576 0 10
717 5010 0 93
718 1473 0 6
719 982 0 69
720 2626 0 158
721 1979 0 109
722 7778 0 16
723 1958 0 68
724 1542 0 8
725 3666 0 8
726 1291 0 11

9 0 99946
31
727 1809 0 11
728 2778 0 13
729 3218 0 30
730 654 0 71
731 7267 0 20
732 2605 0 18
733 1835 0 22
734 951 0 15
735 16786 0 7
736 985 0 184
737 682 0 52
738 7509 0 9
739 171 0 18
740 563 0 18
741 1021 0 13
742 960 0 12
743 9254 0 9
744 957 0 10
745 656 0 8
746 1011 0 12
747 1526 0 24
748 2953 0 8
749 1274 0 11
750 281 0 61
751 467 0 8
752 1149 1 0
753 687 0 9
754 445 0 126
755 520 0 16
756 14372 0 32
757 1562 0 13

