10

0 0 489
6
0 897 0 8
1 942 0 12
2 647 0 15
3 164 1 0
4 1420 0 8
5 6463 0 26

1 1 502
1
6 181 0 24

2 1 522
59
7 495 0 58
8 1292 0 9
9 1419 0 9
10 2907 0 18
11 7003 0 13
12 3178 0 24
13 26 0 14
14 603 0 51
15 2931 0 7
16 1826 0 109
17 762 0 266
18 2844 0 11
19 3375 0 9
20 2532 0 14
21 797 0 13
22 986 0 84
23 544 0 0
24 583 0 24
25 1256 0 11
26 6769 0 50
27 1314 0 23
28 757 0 16
29 1974 0 106
30 2489 0 154
31 1217 0 9
32 1419 0 16
33 1326 0 12
34 798 0 111
35 468 0 104
36 1684 0 12
37 1410 0 48
38 2809 0 11
39 459 0 21
40 545 0 12
41 1407 0 86
42 172 0 210
43 731 0 19
44 12024 0 12
45 3 0 13
46 2969 0 14
47 2860 0 9
48 2284 0 16
49 1989 0 34
50 379 0 28
51 678 0 17
52 6192 0 69
53 500 1 0
54 2882 0 22
55 3726 0 24
56 1384 0 8
57 824 0 13
58 5852 0 39
59 12577 0 3
60 3233 0 17
61 6065 0 78
62 989 0 208
63 2902 0 373
64 1953 0 93
65 1513 0 13

3 1 535
97
66 10978 0 9
67 3204 0 8
68 2847 0 19
69 803 0 10
70 645 0 16
71 1479 0 52
72 924 0 72
73 932 0 10
74 1951 0 25
75 7926 0 32
76 2194 0 110
77 1259 0 40
78 6457 0 10
79 459 0 32
80 648 0 10
81 482 0 6
82 1937 0 13
83 1214 0 12
84 1264 0 137
85 1141 1 0
86 707 0 7
87 1525 0 82
88 1953 0 12
89 584 0 22
90 2165 0 23
91 2287 0 54
92 693 0 24
93 859 0 8
94 6839 0 9
95 1978 0 10
96 943 0 46
97 8007 0 107
98 124 0 2
99 1389 0 11
100 1209 0 8
101 2466 0 10
102 3163 0 13
103 16350 0 151
104 2087 0 14
105 1978 0 8
106 675 0 11
107 4165 0 10
108 1919 0 19
109 1422 0 10
110 2863 0 11
111 301 0 11
112 1400 0 10
113 720 0 42
114 5126 0 41
115 1987 0 13
116 3321 0 7
117 6871 0 14
118 1506 0 9
119 815 0 40
120 3203 0 20
121 345 0 13
122 1779 0 150
123 879 0 59
124 2422 0 8
125 188 0 19
126 12514 0 137
127 1513 0 9
128 811 0 11
129 1372 0 57
130 352 0 19
131 3819 0 11
132 835 1 517
133 1133 0 31
134 1221 0 7
135 3344 0 27
136 2186 0 12
137 2692 0 8
138 700 0 11
139 1407 0 11
140 312 0 54
141 1833 0 12
142 2066 0 13
143 1512 0 13
144 1258 0 7
145 1983 0 9
146 1820 0 42
147 804 0 9
148 1970 0 11
149 1513 0 10
150 796 0 16
151 643 0 7
152 2826 0 14
153 3192 0 17
154 7048 0 53
155 2976 0 219
156 1221 0 64
157 6956 0 17
158 3343 0 11
159 1175 0 101
160 413 0 11
161 6186 0 37
162 568 0 11

4 1 677
198
163 3189 0 13
164 1410 0 7
165 660 0 9
166 3187 0 10
167 335 0 10
168 1052 0 19
169 545 1 0
170 5033 0 7
171 1986 0 55
172 926 0 72
173 2941 0 38
174 404 0 26
175 7906 0 38
176 1339 0 59
177 980 0 169
178 1118 0 68
179 7332 0 12
180 523 0 63
181 1809 0 146
182 898 0 14
183 500 0 6
184 1517 0 7
185 1334 0 12
186 240 0 42
187 667 0 76
188 6056 0 10
189 445 0 12
190 1101 0 17
191 1527 0 9
192 1958 0 13
193 1984 0 28
194 2436 0 8
195 1794 0 25
196 1284 0 40
197 436 0 55
198 2548 1 0
199 2742 0 97
200 14373 0 11
201 17712 0 13
202 431 0 14
203 328 1 15
204 1995 0 10
205 245 0 195
206 1160 0 68
207 702 0 10
208 6926 0 59
209 2872 0 13
210 1992 0 30
211 1172 0 10
212 3268 0 6
213 1508 1 260
214 3144 0 10
215 1219 0 105
216 948 0 10
217 8689 0 49
218 1561 0 47
219 6750 0 54
220 609 0 16
221 508 0 7
222 13061 0 7
223 982 0 37
224 8624 0 32
225 401 0 11
226 901 0 13
227 1083 0 92
228 2865 0 14
229 1230 0 9
230 2890 0 9
231 3246 0 56
232 1824 0 161
233 657 0 21
234 1423 0 41
235 2276 0 41
236 3704 0 12
237 910 0 11
238 6108 0 17
239 1173 0 51
240 1001 0 13
241 1277 0 11
242 7311 1 0
243 1404 0 12
244 2031 0 55
245 535 0 95
246 942 0 16
247 878 0 12
248 638 0 13
249 1091 0 35
250 910 0 12
251 1538 0 11
252 979 0 13
253 721 0 12
254 703 0 125
255 2270 0 11
256 3362 0 6
257 890 0 14
258 2599 0 7
259 8886 0 10
260 581 0 39
261 992 0 7
262 2452 0 8
263 913 0 10
264 1051 0 106
265 371 0 23
266 240 0 292
267 864 1 0
268 415 0 29
269 836 0 10
270 1513 0 13
271 5053 0 12
272 1516 0 13
273 692 0 12
274 1291 1 0
275 777 0 59
276 2939 0 17
277 1356 0 110
278 1014 0 19
279 1352 0 7
280 652 0 20
281 1662 0 35
282 1016 0 11
283 3268 0 62
284 194 0 132
285 1527 0 110
286 1937 0 39
287 1872 0 29
288 3284 0 11
289 2691 1 80
290 495 0 24
291 1378 0 19
292 928 0 42
293 181 0 9
294 762 0 10
295 3142 0 54
296 2738 0 9
297 1397 0 28
298 2696 0 46
299 6198 0 90
300 1322 0 29
301 989 0 9
302 620 0 17
303 2367 0 9
304 447 0 13
305 1513 1 82
306 832 0 11
307 2011 0 17
308 1970 0 41
309 1863 0 12
310 3202 0 11
311 543 0 295
312 3376 0 98
313 665 0 14
314 2131 0 129
315 548 0 67
316 507 0 8
317 684 0 60
318 957 0 251
319 2400 0 29
320 1374 0 19
321 491 0 20
322 1942 0 9
323 374 0 18
324 517 0 14
325 1400 0 53
326 824 0 75
327 670 0 53
328 612 0 13
329 3674 1 567
330 1327 0 13
331 5012 0 92
332 1338 0 100
333 202 0 20
334 622 0 9
335 864 0 11
336 520 0 333
337 3263 1 0
338 3303 0 8
339 1197 0 8
340 908 0 25
341 3432 0 282
342 1265 0 17
343 482 0 17
344 3510 1 177
345 517 1 0
346 750 0 11
347 342 0 46
348 989 0 111
349 2561 0 13
350 1832 0 11
351 673 0 14
352 2466 0 11
353 2050 0 11
354 1537 0 109
355 317 0 64
356 1111 1 516
357 908 0 13
358 2623 0 71
359 912 0 9
360 989 0 11

5 1 681
125
361 3346 0 12
362 6447 0 12
363 2491 0 11
364 1044 0 152
365 943 0 10
366 1080 0 7
367 1346 0 22
368 3651 0 7
369 2825 0 8
370 1983 0 31
371 3373 0 12
372 1412 0 47
373 1004 0 10
374 2582 0 202
375 2868 1 243
376 1528 0 9
377 7755 0 67
378 1267 0 37
379 890 0 17
380 513 0 32
381 2074 0 165
382 730 1 24
383 1104 0 7
384 2411 0 37
385 1407 0 12
386 189 0 22
387 2153 0 10
388 528 0 9
389 1030 0 81
390 982 0 8
391 1977 0 11
392 685 0 8
393 2252 0 71
394 278 0 13
395 989 0 13
396 1304 0 183
397 765 0 9
398 1372 0 6
399 1684 0 7
400 1933 0 22
401 426 0 13
402 171 0 13
403 205 0 39
404 259 0 39
405 6372 0 7
406 6028 0 23
407 311 0 10
408 1861 0 11
409 1425 0 8
410 807 0 12
411 1340 0 28
412 189 0 11
413 1291 0 32
414 7495 0 7
415 1137 0 27
416 7977 0 10
417 1121 0 7
418 1901 0 9
419 472 0 7
420 5041 0 135
421 687 0 13
422 1801 0 14
423 3180 0 10
424 1775 0 8
425 1936 0 145
426 1209 0 11
427 600 0 15
428 375 0 12
429 13385 0 11
430 433 1 0
431 913 0 25
432 745 0 31
433 1427 0 8
434 1101 0 7
435 1791 0 9
436 1090 0 34
437 1043 0 28
438 1961 0 8
439 2792 0 141
440 3159 0 10
441 1300 0 56
442 406 0 12
443 7473 0 28
444 1063 0 182
445 1933 0 24
446 891 1 16
447 1370 0 11
448 6873 0 8
449 12669 0 17
450 2788 0 11
451 6491 0 10
452 648 0 54
453 327 0 19
454 442 0 12
455 918 0 37
456 2582 0 16
457 1522 0 8
458 2807 0 13
459 332 0 19
460 553 0 39
461 2498 0 7
462 1033 0 9
463 2399 0 48
464 447 0 51
465 1516 0 230
466 2263 0 13
467 597 0 7
468 1193 0 9
469 1291 0 38
470 1533 0 11
471 2569 0 18
472 1004 0 12
473 3787 0 7
474 232 0 14
475 1676 0 20
476 1884 0 132
477 614 0 173
478 5074 0 30
479 1052 0 11
480 182 0 40
481 5032 0 7
482 442 0 25
483 3333 0 68
484 1161 0 52
485 3186 0 38

6 1 684
25
486 1222 0 129
487 404 0 39
488 2306 1 21
489 2308 1 30
490 1564 0 10
491 524 0 23
492 2866 1 94
493 8111 0 11
494 1250 0 11
495 885 0 18
496 596 0 38
497 9979 0 99
498 14109 0 9
499 2521 0 38
500 1058 0 88
501 6123 0 52
502 6892 0 93
503 1869 0 6
504 875 0 18
505 1292 0 14
506 1126 0 11
507 826 1 596
508 288 0 7
509 867 0 22
510 2615 0 13

7 1 707
175
511 6176 0 12
512 698 0 9
513 982 0 9
514 1077 0 72
515 6741 0 52
516 2531 0 14
517 418 0 35
518 1830 0 22
519 6362 0 13
520 415 0 10
521 853 0 21
522 538 0 26
523 918 0 125
524 1984 0 13
525 1286 0 81
526 1769 0 12
527 3043 0 16
528 1399 0 52
529 2201 0 22
530 192 1 0
531 5157 0 16
532 1796 0 10
533 729 0 10
534 2664 0 116
535 1151 0 10
536 774 0 158
537 816 0 12
538 887 0 15
539 548 0 13
540 1408 0 9
541 1401 0 39
542 885 0 11
543 2555 0 99
544 864 0 96
545 733 0 12
546 13553 0 10
547 957 0 71
548 5025 0 76
549 11950 0 14
550 1192 0 43
551 2878 0 32
552 1322 0 115
553 383 0 15
554 1374 0 16
555 375 0 72
556 14389 0 30
557 1233 0 17
558 1526 0 10
559 6250 0 8
560 5145 0 10
561 782 0 80
562 176 0 13
563 1517 0 76
564 1309 0 9
565 207 1 472
566 1586 0 29
567 372 0 11
568 663 0 9
569 2932 0 22
570 3165 0 57
571 1529 0 7
572 201 0 23
573 601 0 67
574 7352 0 12
575 1232 0 11
576 819 0 8
577 419 0 9
578 3274 0 11
579 329 0 11
580 2844 0 13
581 584 0 34
582 3320 0 19
583 5028 0 20
584 1124 0 12
585 1319 1 47
586 520 0 220
587 587 0 11
588 1985 0 30
589 11958 0 13
590 1951 0 19
591 388 0 13
592 2348 0 133
593 440 0 12
594 877 0 44
595 1258 0 11
596 1318 0 11
597 1858 0 10
598 3236 0 7
599 1292 0 13
600 3191 0 37
601 295 0 56
602 3233 0 16
603 7048 0 7
604 208 0 9
605 1921 0 12
606 512 0 36
607 2117 0 93
608 3160 0 8
609 1285 0 10
610 1093 0 13
611 2377 0 87
612 2494 0 17
613 1951 0 9
614 688 1 0
615 2130 0 106
616 2590 0 9
617 1083 0 28
618 1732 0 104
619 470 0 31
620 386 0 9
621 1566 0 144
622 3155 0 18
623 1362 0 8
624 846 0 151
625 1117 0 7
626 1066 0 10
627 248 0 27
628 873 0 10
629 3140 0 8
630 760 0 9
631 870 0 7
632 6193 0 122
633 1020 0 68
634 1611 0 13
635 970 0 19
636 1210 0 13
637 989 0 41
638 1692 0 71
639 1965 0 15
640 733 0 33
641 1584 0 23
642 793 0 8
643 1037 0 37
644 1030 0 8
645 2598 0 164
646 1983 0 10
647 3360 0 34
648 2872 0 25
649 12899 0 26
650 546 0 38
651 5036 0 10
652 3459 0 15
653 417 0 10
654 1177 0 53
655 1501 0 39
656 1511 0 57
657 506 0 7
658 7178 0 11
659 1621 0 19
660 1376 0 9
661 12144 0 7
662 1223 0 97
663 3161 0 73
664 1320 0 8
665 839 0 12
666 2108 0 46
667 3246 0 84
668 667 0 7
669 784 0 41
670 1992 0 147
671 2399 0 12
672 3315 0 13
673 757 0 10
674 1060 0 20
675 5060 0 10
676 3542 0 33
677 216 0 61
678 2933 0 7
679 186 0 17
680 1961 0 7
681 1568 0 185
682 565 0 21
683 249 0 16
684 17120 0 6
685 2802 0 13

8 1 714
1
686 2037 0 44

9 1 716
184
687 7 0 28
688 3278 0 30
689 183 0 52
690 3235 0 7
691 1131 1 20
692 3319 0 79
693 671 0 10
694 408 0 10
695 382 0 20
696 654 1 0
697 2643 0 99
698 1759 0 10
699 777 0 107
700 1937 0 8
701 1176 0 19
702 1949 0 11
703 277 0 11
704 1396 0 9
705 852 0 8
706 717 0 14
707 1135 0 18
708 1305 0 10
709 236 0 11
710 12558 0 42
711 638 0 17
712 6366 0 78
713 789 0 7
714 1990 0 24
715 11484 0 20
716 5086 0 8
717 2773 0 82
718 3311 0 7
719 1530 0 9
720 804 0 67
721 1207 0 9
722 615 0 62
723 2305 0 9
724 944 0 241
725 3140 0 10
726 2204 0 11
727 2059 0 16
728 1963 0 18
729 1153 0 18
730 6527 0 52
731 6452 0 8
732 2819 0 63
733 3289 0 32
734 13555 1 0
735 3626 0 7
736 5086 0 23
737 1143 0 11
738 1083 0 25
739 1414 0 39
740 12020 0 13
741 288 0 122
742 6361 0 3
743 6234 1 0
744 1125 0 9
745 8082 0 9
746 809 0 74
747 188 0 9
748 875 0 8
749 6209 0 16
750 303 0 18
751 2616 0 16
752 410 0 11
753 2826 0 13
754 494 0 11
755 1049 0 77
756 644 0 22
757 801 0 14
758 7051 0 7
759 1979 0 138
760 5138 0 31
761 571 0 10
762 3337 0 14
763 2144 0 12
764 3227 0 2
765 828 0 10
766 2486 0 72
767 1935 0 8
768 2924 0 291
769 1192 0 10
770 12225 0 9
771 2937 0 12
772 1517 0 34
773 1207 0 12
774 548 0 12
775 3783 0 11
776 3934 0 15
777 1249 0 23
778 635 0 19
779 866 0 147
780 1904 0 72
781 1414 0 11
782 2929 0 57
783 475 0 11
784 1585 0 70
785 1016 0 18
786 562 0 5
787 6156 0 37
788 1282 1 0
789 3694 0 98
790 833 0 10
791 1718 0 157
792 14790 0 97
793 693 0 8
794 478 0 48
795 678 0 12
796 1198 0 20
797 2230 0 15
798 9980 0 8
799 7539 0 33
800 16982 0 2
801 12550 0 10
802 895 0 18
803 587 0 81
804 6729 0 11
805 2158 0 159
806 2737 0 12
807 2876 0 9
808 6751 0 37
809 3396 0 7
810 1145 0 10
811 1990 0 26
812 1035 0 37
813 1623 0 9
814 4023 0 11
815 837 0 11
816 6204 0 8
817 2394 0 43
818 354 0 8
819 1946 0 72
820 534 0 16
821 928 0 89
822 689 0 122
823 665 0 10
824 583 0 22
825 522 0 13
826 3251 0 73
827 466 0 12
828 2062 0 58
829 7815 0 272
830 989 0 34
831 425 0 193
832 7959 0 13
833 6735 1 20
834 1067 0 37
835 1876 1 0
836 228 0 8
837 689 0 12
838 1793 0 38
839 901 0 13
840 1008 0 7
841 2288 0 94
842 7822 0 11
843 3361 0 18
844 3545 0 38
845 2018 0 9
846 1242 0 140
847 1030 0 67
848 2310 0 20
849 1244 1 0
850 1798 0 61
851 5086 0 12
852 502 0 11
853 1351 0 8
854 909 0 7
855 2130 0 13
856 753 0 7
857 1317 0 38
858 175 0 24
859 1683 0 8
860 2808 0 8
861 501 0 12
862 682 0 53
863 3601 0 13
864 2195 0 39
865 4611 0 11
866 7145 1 0
867 7473 0 21
868 450 0 165
869 1068 0 10
870 7371 0 168

