10

0 0 241
52
0 1042 0 10
1 401 0 25
2 2607 0 42
3 989 0 26
4 1172 0 32
5 1209 0 11
6 2515 0 13
7 3151 0 11
8 26 0 19
9 1989 0 17
10 5111 0 82
11 1376 0 16
12 830 0 16
13 1506 0 9
14 648 0 14
15 2458 0 38
16 3345 0 11
17 1251 0 40
18 2147 0 103
19 226 0 31
20 223 0 2
21 810 0 20
22 1516 0 13
23 989 0 15
24 480 0 10
25 1959 0 13
26 1675 0 42
27 3620 0 7
28 181 0 82
29 1405 0 12
30 1299 0 9
31 989 0 13
32 673 0 12
33 799 0 12
34 2855 0 20
35 502 0 16
36 375 0 15
37 2848 0 8
38 1485 0 30
39 1511 0 156
40 648 0 55
41 1956 0 13
42 7410 0 13
43 1944 0 34
44 1891 0 50
45 6734 0 220
46 910 0 56
47 1985 0 20
48 432 0 34
49 1348 0 70
50 385 0 10
51 1200 0 9

1 1 275
25
52 185 0 45
53 1990 0 13
54 4093 0 18
55 1043 0 40
56 3765 0 139
57 1114 0 261
58 2409 0 9
59 7302 0 30
60 1119 0 7
61 1982 0 162
62 5000 0 21
63 1029 0 39
64 1253 0 9
65 4996 0 7
66 1959 0 9
67 2806 0 10
68 184 0 11
69 3179 0 15
70 1298 0 56
71 3658 0 48
72 347 0 39
73 970 0 16
74 2521 0 11
75 3019 0 29
76 524 0 9

2 1 483
536
77 1975 0 35
78 7048 0 37
79 3256 0 11
80 3344 0 9
81 321 0 11
82 151 0 14
83 1352 0 12
84 717 0 16
85 5839 0 71
86 7051 0 8
87 650 0 7
88 1945 0 12
89 3379 0 114
90 302 0 71
91 260 1 0
92 1345 0 40
93 2666 1 101
94 819 0 10
95 1215 0 8
96 3679 0 27
97 1226 0 13
98 470 0 64
99 1144 0 10
100 1144 0 27
101 3697 0 42
102 1381 0 1
103 246 0 39
104 7048 0 13
105 1973 0 7
106 1282 0 15
107 1809 0 19
108 6108 0 40
109 595 0 9
110 1295 0 110
111 3268 0 41
112 981 0 11
113 1065 0 10
114 1973 0 7
115 5992 0 35
116 1127 0 21
117 2542 0 12
118 929 0 162
119 1444 1 0
120 387 0 32
121 917 0 136
122 985 0 11
123 1236 0 13
124 1172 0 10
125 3252 1 162
126 2416 0 11
127 1504 0 9
128 2141 0 13
129 6174 1 516
130 3372 0 40
131 3259 0 13
132 1232 0 11
133 2894 0 13
134 8950 0 36
135 7544 0 25
136 1966 0 184
137 2834 0 9
138 3178 0 22
139 451 0 17
140 3097 0 150
141 7931 0 67
142 843 0 8
143 2112 0 11
144 3275 0 8
145 331 0 63
146 360 0 68
147 523 0 8
148 3296 0 1
149 1409 0 14
150 337 0 9
151 2229 0 32
152 1516 0 26
153 2034 0 13
154 1444 0 11
155 1602 0 17
156 482 0 13
157 1580 0 29
158 2274 0 22
159 625 0 39
160 3364 0 15
161 3215 0 17
162 1429 0 36
163 1215 0 11
164 1093 0 15
165 1883 0 14
166 548 0 8
167 866 0 24
168 921 0 22
169 2379 0 9
170 1105 0 16
171 1961 0 147
172 1376 0 15
173 257 0 8
174 3479 0 136
175 6569 0 75
176 1740 0 10
177 1473 0 41
178 3241 0 20
179 1268 0 83
180 1105 0 43
181 2420 0 112
182 1935 0 12
183 1537 0 52
184 5063 0 159
185 9312 0 26
186 841 0 120
187 1421 0 236
188 993 0 109
189 978 0 38
190 197 0 88
191 1717 0 10
192 1513 0 268
193 6122 0 86
194 2547 0 2
195 2541 0 7
196 727 0 11
197 1817 0 50
198 1181 0 12
199 2880 0 10
200 2169 0 280
201 261 0 11
202 163 0 13
203 838 0 79
204 1113 0 149
205 598 0 10
206 1417 0 13
207 356 0 46
208 5123 0 38
209 1257 0 27
210 4999 0 148
211 1719 0 11
212 7349 0 253
213 909 0 25
214 3588 0 63
215 1183 0 29
216 1101 0 81
217 16508 0 254
218 417 0 11
219 620 0 12
220 5036 0 37
221 1276 0 89
222 7474 0 9
223 171 0 8
224 569 0 10
225 735 0 130
226 931 0 14
227 3239 0 7
228 7333 0 146
229 6252 0 8
230 629 0 52
231 2759 0 11
232 982 0 15
233 964 0 156
234 989 0 18
235 1525 0 11
236 6732 0 9
237 7924 0 25
238 872 0 18
239 696 0 10
240 1158 0 11
241 1179 0 35
242 3751 1 20
243 194 0 32
244 1962 0 23
245 489 0 197
246 237 0 10
247 602 0 7
248 4655 0 10
249 6571 0 12
250 1335 0 8
251 801 0 14
252 625 0 111
253 1039 0 7
254 1132 0 74
255 1559 0 46
256 974 0 54
257 1538 0 7
258 9303 0 14
259 1513 0 186
260 918 0 234
261 447 1 137
262 1468 0 9
263 1934 0 15
264 2285 0 188
265 3281 0 22
266 1889 0 53
267 480 0 14
268 1338 0 33
269 918 0 10
270 2300 0 36
271 1016 0 30
272 806 0 286
273 1517 0 81
274 2141 0 7
275 810 0 13
276 720 0 10
277 3323 0 40
278 1193 0 8
279 1023 0 37
280 3652 0 2
281 188 0 13
282 2873 0 9
283 1378 0 7
284 7404 0 8
285 563 0 15
286 260 0 88
287 1754 0 9
288 2237 0 86
289 1198 0 11
290 1329 0 8
291 257 0 199
292 2872 0 94
293 516 0 44
294 6366 0 38
295 533 0 11
296 575 0 146
297 6453 0 11
298 5116 0 10
299 2466 0 146
300 1069 0 37
301 1047 0 25
302 13918 0 12
303 1004 0 10
304 2154 0 11
305 956 0 214
306 724 0 12
307 989 0 23
308 143 0 39
309 1959 0 11
310 16216 0 8
311 7375 0 7
312 6730 0 9
313 76 0 9
314 1513 0 58
315 487 0 10
316 1205 0 13
317 2913 0 7
318 1802 1 0
319 3177 0 49
320 3672 0 22
321 2905 0 11
322 1425 0 13
323 1048 0 23
324 6732 0 38
325 1504 0 147
326 1016 0 10
327 351 0 31
328 1830 0 13
329 998 0 13
330 1373 0 103
331 1354 0 49
332 984 0 9
333 677 0 10
334 423 0 9
335 750 0 12
336 1246 0 126
337 800 0 11
338 675 0 14
339 1770 0 11
340 8123 1 5
341 474 0 12
342 7050 0 11
343 1221 0 8
344 181 0 23
345 554 0 11
346 1218 0 63
347 438 0 8
348 3744 0 159
349 1948 0 13
350 1686 0 12
351 236 0 9
352 426 0 13
353 972 0 13
354 680 0 111
355 1029 0 16
356 582 0 9
357 1407 0 11
358 3178 0 26
359 546 0 27
360 1142 0 59
361 5875 0 16
362 1382 0 30
363 961 0 170
364 1779 0 122
365 1117 0 12
366 303 1 150
367 16623 0 13
368 220 0 13
369 765 0 70
370 469 0 9
371 220 0 10
372 5068 0 9
373 1345 0 230
374 218 0 276
375 427 0 129
376 816 0 20
377 1122 0 76
378 1942 0 28
379 415 0 11
380 8 0 173
381 2029 0 23
382 1941 0 7
383 1296 0 6
384 3009 0 19
385 2904 0 142
386 3506 0 30
387 967 0 38
388 1003 0 67
389 660 0 44
390 1491 0 110
391 715 0 13
392 1523 0 222
393 1006 0 16
394 10018 0 57
395 191 0 44
396 870 0 8
397 1393 0 12
398 563 0 7
399 1254 0 189
400 1505 0 24
401 9368 0 45
402 292 0 11
403 9982 0 12
404 1941 0 384
405 576 0 10
406 1095 0 10
407 11792 0 16
408 802 0 58
409 2415 0 54
410 910 1 53
411 707 0 45
412 1983 0 7
413 2201 0 31
414 1348 0 20
415 1411 0 197
416 2465 0 11
417 3357 0 142
418 747 0 13
419 958 0 8
420 1204 0 45
421 2148 0 14
422 195 0 9
423 676 0 9
424 1055 0 42
425 676 0 250
426 1359 0 13
427 1295 0 20
428 1200 0 131
429 3370 0 11
430 1529 1 42
431 3153 0 47
432 220 0 35
433 1829 0 13
434 1336 0 20
435 738 0 29
436 2619 0 163
437 1535 0 9
438 283 0 10
439 718 0 10
440 1338 0 57
441 6465 0 12
442 543 0 13
443 1236 0 148
444 3454 0 9
445 577 0 21
446 507 0 14
447 1269 0 11
448 1316 0 25
449 1410 0 12
450 1413 0 22
451 3308 0 20
452 624 0 40
453 1859 0 8
454 1235 0 36
455 7051 0 24
456 1956 0 98
457 2174 0 135
458 623 0 10
459 1647 1 41
460 509 0 27
461 1149 0 8
462 415 0 12
463 3227 0 18
464 868 0 57
465 1946 0 27
466 353 0 12
467 3508 0 8
468 786 0 8
469 7404 0 19
470 777 1 6
471 3754 0 17
472 1112 0 16
473 1923 0 168
474 472 0 15
475 1961 0 36
476 2535 0 19
477 1946 0 26
478 7791 0 12
479 3773 0 20
480 547 0 8
481 938 0 24
482 1172 0 10
483 930 0 67
484 969 0 20
485 1301 0 34
486 905 0 7
487 419 0 28
488 1139 0 12
489 2723 0 71
490 1717 0 29
491 1300 0 7
492 13005 0 10
493 3197 0 38
494 1183 0 129
495 297 0 27
496 3264 0 40
497 1418 0 27
498 2576 0 8
499 5006 0 43
500 1517 0 32
501 16774 0 81
502 2535 0 14
503 2580 0 9
504 393 0 14
505 4315 0 12
506 6088 0 25
507 1954 0 220
508 594 0 8
509 215 0 48
510 594 0 71
511 1065 1 26
512 3647 0 8
513 731 0 35
514 227 0 10
515 749 1 17
516 358 0 185
517 9315 0 11
518 6913 0 8
519 475 0 37
520 1431 0 49
521 1177 0 13
522 825 0 10
523 2691 0 9
524 1210 0 8
525 2346 0 30
526 620 0 22
527 1172 0 13
528 2081 0 8
529 465 0 9
530 1506 0 42
531 2362 0 8
532 667 0 12
533 1294 0 9
534 3229 0 8
535 2161 0 11
536 2544 0 9
537 1776 0 11
538 4999 0 8
539 2882 0 161
540 3278 0 37
541 472 0 46
542 1405 0 12
543 12911 0 24
544 2409 0 84
545 5787 0 10
546 5074 0 75
547 603 0 83
548 1331 0 11
549 2801 0 10
550 3139 0 84
551 3654 0 23
552 569 1 18
553 2745 0 19
554 685 0 19
555 5008 0 10
556 1510 0 8
557 8098 0 12
558 2726 0 12
559 1365 0 8
560 606 0 8
561 707 0 11
562 3463 0 23
563 812 0 14
564 17398 0 195
565 282 0 38
566 1398 0 9
567 989 0 27
568 827 0 10
569 2724 0 67
570 1548 0 9
571 3150 0 8
572 1424 0 42
573 1201 0 19
574 1684 0 7
575 992 0 10
576 2113 0 67
577 2655 0 20
578 3195 1 62
579 1405 0 10
580 3133 0 9
581 759 0 16
582 3280 0 10
583 2543 0 94
584 946 0 12
585 790 0 15
586 2062 0 67
587 3308 0 11
588 1296 0 165
589 1155 0 231
590 1215 1 0
591 3373 0 11
592 1650 0 15
593 913 0 7
594 1028 0 45
595 1191 0 31
596 8188 0 70
597 6364 0 7
598 416 0 23
599 5131 0 6
600 2162 0 23
601 1277 0 10
602 1379 0 12
603 500 0 8
604 1309 0 22
605 580 0 36
606 1067 0 11
607 818 0 7
608 1067 0 11
609 2489 0 25
610 1567 0 15
611 608 0 11
612 1950 0 8

3 1 506
31
613 7275 0 7
614 2521 0 49
615 1621 0 70
616 768 0 23
617 445 0 13
618 1983 0 18
619 1838 0 6
620 559 0 88
621 1821 0 18
622 1484 0 10
623 989 0 120
624 1964 0 117
625 648 0 9
626 959 0 11
627 1048 0 13
628 258 0 353
629 2535 0 316
630 311 0 176
631 1076 1 0
632 384 0 73
633 1526 0 7
634 1194 1 0
635 1590 0 18
636 8191 0 17
637 412 1 435
638 12644 0 8
639 1392 0 10
640 1184 0 105
641 796 0 27
642 1966 0 67
643 2708 0 8

4 1 508
189
644 1949 0 29
645 3120 0 18
646 890 0 13
647 1144 0 116
648 945 0 13
649 761 1 19
650 3184 0 7
651 523 0 111
652 414 0 6
653 599 0 42
654 247 0 46
655 557 0 31
656 192 0 25
657 1340 0 14
658 689 1 40
659 2853 0 11
660 6734 0 8
661 1957 0 10
662 2776 0 26
663 411 0 9
664 5110 0 24
665 5092 0 73
666 3540 0 13
667 1089 0 37
668 3305 0 12
669 393 0 51
670 1428 0 11
671 2818 0 13
672 837 0 12
673 1183 0 35
674 1276 0 16
675 1274 0 30
676 1538 0 11
677 1955 0 146
678 2140 0 13
679 563 0 60
680 824 0 13
681 336 0 38
682 825 0 10
683 3167 0 71
684 227 0 48
685 8010 0 9
686 5130 0 23
687 997 0 88
688 652 0 20
689 574 0 189
690 1232 0 12
691 1170 0 25
692 318 0 12
693 442 0 8
694 1530 0 9
695 1165 0 42
696 6157 0 43
697 3204 0 8
698 2241 0 145
699 6139 0 12
700 7727 0 8
701 1511 0 130
702 1425 0 27
703 7410 0 13
704 2928 0 16
705 3266 0 3
706 408 0 72
707 899 0 11
708 710 0 11
709 505 0 7
710 2191 1 477
711 844 0 12
712 81 0 616
713 2092 0 14
714 2876 1 20
715 3372 0 8
716 346 0 19
717 418 0 13
718 17413 0 5
719 1051 0 11
720 1286 0 111
721 627 0 2
722 12542 0 63
723 900 0 8
724 3315 0 32
725 1422 0 68
726 1935 0 13
727 3214 0 30
728 889 0 10
729 1985 0 12
730 3322 0 8
731 1855 0 109
732 641 0 36
733 2242 0 8
734 2166 0 7
735 1515 0 9
736 5146 1 25
737 1201 0 9
738 606 0 9
739 3263 0 43
740 1381 0 12
741 1146 0 92
742 2605 0 271
743 2301 0 71
744 3120 0 10
745 2931 0 157
746 3107 1 0
747 5149 0 47
748 817 0 280
749 2704 0 8
750 1973 0 13
751 4561 0 9
752 1256 0 9
753 9312 0 9
754 3314 0 79
755 682 0 11
756 1324 0 40
757 946 0 9
758 6744 0 14
759 1015 0 10
760 3297 0 17
761 5120 0 93
762 2010 0 11
763 3215 0 12
764 5 0 12
765 974 1 0
766 748 0 37
767 580 0 14
768 159 0 5
769 883 0 54
770 3250 0 12
771 1785 0 28
772 1205 0 9
773 534 0 73
774 12940 0 14
775 492 0 9
776 583 0 13
777 688 0 9
778 608 0 16
779 2522 0 72
780 992 0 144
781 5064 0 617
782 489 0 8
783 1877 0 10
784 5155 0 38
785 1129 0 11
786 1465 0 13
787 1516 0 10
788 1231 0 10
789 401 0 10
790 1545 0 22
791 3712 1 25
792 789 0 22
793 680 0 9
794 6782 0 10
795 1393 1 0
796 999 0 10
797 989 0 9
798 1093 0 6
799 1367 0 34
800 466 0 6
801 1381 0 10
802 1276 0 8
803 1955 0 10
804 1395 0 11
805 3124 0 18
806 2216 0 17
807 1335 0 78
808 5113 0 11
809 2932 0 29
810 1974 0 9
811 3162 0 38
812 3711 0 11
813 1190 0 10
814 1924 0 11
815 8886 0 13
816 1427 0 21
817 951 0 11
818 3379 0 137
819 3319 0 71
820 1417 1 0
821 1839 0 36
822 1295 0 36
823 221 0 17
824 1813 0 40
825 783 0 57
826 1171 0 11
827 1176 0 14
828 1005 0 144
829 1965 0 9
830 930 0 112
831 706 0 39
832 3270 0 8

5 1 514
6
833 6735 0 9
834 623 0 11
835 5151 0 39
836 408 0 8
837 323 0 11
838 2800 0 153

6 1 516
28
839 732 1 97
840 1792 0 98
841 1537 0 18
842 424 0 63
843 12814 0 34
844 537 1 7
845 1315 0 37
846 2063 0 30
847 1423 0 12
848 6253 0 9
849 494 0 2
850 286 0 13
851 2541 0 290
852 17658 0 19
853 663 0 32
854 903 0 10
855 1785 0 42
856 1937 0 32
857 3171 0 7
858 794 0 12
859 968 0 8
860 2169 0 7
861 1516 0 12
862 1841 0 7
863 1235 0 11
864 1293 0 11
865 554 0 6
866 989 0 7

7 1 531
25
867 909 0 280
868 3436 0 13
869 1057 0 1
870 1183 0 21
871 395 0 9
872 332 0 2
873 2823 0 43
874 414 0 12
875 610 0 8
876 629 0 12
877 3169 0 23
878 1240 0 23
879 1927 0 7
880 1532 0 7
881 2958 0 11
882 9255 0 40
883 1650 0 11
884 1314 0 31
885 1845 1 101
886 807 0 88
887 1423 0 7
888 3083 0 12
889 1359 0 8
890 1401 0 9
891 2877 0 28

8 1 692
26
892 1416 0 34
893 3439 0 7
894 3224 0 11
895 482 0 30
896 1255 0 46
897 5054 0 43
898 1154 0 39
899 1709 0 258
900 1380 0 11
901 2434 0 12
902 5116 0 27
903 767 0 38
904 1523 0 37
905 57 0 39
906 4368 0 17
907 1787 0 40
908 1742 0 8
909 1112 0 68
910 184 0 10
911 607 0 9
912 725 0 38
913 673 0 33
914 469 0 7
915 3319 0 36
916 1556 0 8
917 1430 0 12

9 1 717
12
918 491 1 0
919 1306 0 19
920 3242 0 8
921 1075 0 13
922 12463 0 13
923 177 0 9
924 915 0 367
925 671 0 10
926 3308 0 16
927 2819 0 3
928 167 0 9
929 3170 0 155

