20

0 1 496
6
0 784 0 10
1 168 0 71
2 1506 0 244
3 1428 0 16
4 1423 0 36
5 6535 0 11

1 0 503
54
6 2786 1 0
7 1991 1 0
8 2885 0 42
9 746 0 25
10 1328 0 73
11 1746 0 8
12 934 0 9
13 253 0 9
14 9981 0 12
15 411 0 11
16 257 0 282
17 972 0 13
18 2101 0 25
19 1405 0 9
20 3208 0 98
21 232 0 14
22 661 0 41
23 1210 0 48
24 1727 0 12
25 2009 0 72
26 1231 0 8
27 346 0 100
28 544 0 9
29 1840 0 13
30 1418 0 19
31 3509 0 8
32 171 0 11
33 6246 0 165
34 997 0 9
35 1425 0 69
36 2426 0 12
37 1397 0 10
38 788 0 18
39 1300 0 30
40 845 0 42
41 11788 0 12
42 1287 0 274
43 16992 0 19
44 1513 0 71
45 424 0 10
46 729 0 11
47 1068 0 13
48 176 0 14
49 957 0 8
50 3419 0 13
51 946 0 11
52 1327 0 44
53 1360 0 81
54 3483 1 0
55 6542 0 33
56 816 0 40
57 2694 0 11
58 2855 0 20
59 1241 0 13

2 0 515
31
60 1974 0 16
61 290 0 11
62 1511 0 10
63 1963 0 29
64 2929 0 17
65 2605 0 24
66 1061 0 38
67 544 0 94
68 357 0 24
69 1511 0 11
70 892 0 184
71 7051 1 518
72 3311 0 11
73 7559 0 11
74 1701 0 2
75 1110 0 7
76 350 0 13
77 849 0 617
78 1438 0 7
79 3374 0 63
80 12503 0 16
81 861 0 13
82 6136 1 16
83 354 0 12
84 1186 0 12
85 3183 0 8
86 1416 0 10
87 2825 0 11
88 329 0 37
89 3377 0 9
90 1008 0 46

3 1 525
24
91 332 0 11
92 1362 0 9
93 3333 0 9
94 733 1 400
95 3385 0 84
96 1721 0 7
97 464 0 35
98 1852 0 18
99 3289 0 18
100 2879 0 11
101 6926 0 92
102 652 0 7
103 2437 0 7
104 3139 0 172
105 1709 0 42
106 1577 0 27
107 1340 0 145
108 9519 0 12
109 1957 0 11
110 5053 0 13
111 1110 0 25
112 158 0 11
113 964 0 143
114 280 0 7

4 1 672
6
115 351 0 23
116 1223 0 42
117 913 0 17
118 809 0 7
119 2172 0 8
120 989 0 26

5 1 680
6
121 706 0 13
122 3162 1 15
123 1115 0 29
124 1670 1 0
125 1380 0 41
126 982 0 12

6 1 695
22
127 1133 0 23
128 979 0 107
129 1945 0 11
130 892 0 31
131 735 0 19
132 853 0 14
133 753 0 11
134 3505 0 7
135 626 0 10
136 2954 0 24
137 450 0 10
138 5981 0 8
139 690 0 13
140 845 0 37
141 800 0 44
142 1127 0 8
143 670 0 39
144 1627 0 13
145 1405 0 8
146 1093 0 69
147 1171 0 10
148 8 0 11

7 0 699
61
149 1518 0 17
150 267 0 15
151 2389 0 79
152 575 0 37
153 1375 0 10
154 1530 0 164
155 1608 0 28
156 514 0 26
157 1817 0 39
158 1245 0 37
159 3143 0 10
160 6752 0 50
161 2939 0 13
162 2909 0 6
163 1376 0 125
164 560 1 546
165 2538 0 11
166 3013 0 7
167 5088 0 73
168 1410 0 12
169 3364 0 35
170 1472 0 211
171 454 0 200
172 3329 0 13
173 500 0 9
174 1178 0 6
175 3672 0 9
176 1412 1 17
177 459 0 31
178 11590 0 83
179 534 0 165
180 1333 0 9
181 1056 0 8
182 5130 0 29
183 6807 0 21
184 475 0 76
185 26 0 12
186 888 1 0
187 12687 0 12
188 1991 0 10
189 3252 0 65
190 192 0 9
191 5045 0 70
192 1290 0 25
193 2126 0 41
194 830 0 13
195 5079 0 72
196 1239 0 8
197 1130 0 11
198 1845 0 27
199 6366 0 19
200 1070 0 112
201 651 0 11
202 372 0 91
203 1513 0 75
204 2989 0 197
205 344 0 16
206 1391 0 8
207 2547 0 47
208 2356 0 10
209 592 0 7

8 1 709
25
210 7498 0 7
211 2021 0 10
212 1712 0 127
213 1250 0 14
214 300 0 128
215 7580 0 241
216 1800 0 26
217 1020 0 12
218 2125 0 12
219 1425 0 154
220 482 0 32
221 2645 0 33
222 925 0 8
223 387 0 17
224 501 0 13
225 1516 0 24
226 1203 0 13
227 1432 0 8
228 8191 0 10
229 2859 0 5
230 1159 0 10
231 1051 0 19
232 2765 0 11
233 982 1 121
234 1521 0 98

9 1 979
54
235 2379 0 22
236 3272 0 36
237 1895 0 307
238 1971 0 105
239 168 0 11
240 297 0 12
241 6092 0 138
242 7968 0 116
243 1248 0 9
244 1077 0 12
245 1088 0 9
246 1754 0 7
247 1442 0 39
248 683 0 9
249 10528 0 43
250 584 0 11
251 1053 0 178
252 3252 1 0
253 1884 0 9
254 1447 0 87
255 1860 0 13
256 7048 0 13
257 3167 1 168
258 2148 0 12
259 2463 0 6
260 6747 0 214
261 2255 0 189
262 7349 0 7
263 3031 0 0
264 1006 0 83
265 2019 0 69
266 672 0 40
267 2953 0 8
268 775 0 49
269 951 0 13
270 1425 0 81
271 5075 0 71
272 1675 0 31
273 2917 0 11
274 3247 0 33
275 1569 0 10
276 1518 1 16
277 2435 1 0
278 1196 0 7
279 3770 0 10
280 1765 0 26
281 2496 0 13
282 952 0 12
283 2896 0 15
284 1883 0 47
285 1080 0 38
286 1361 0 7
287 1118 0 28
288 3810 0 19

10 1 987
115
289 1182 0 45
290 632 0 76
291 1064 0 10
292 1142 0 126
293 627 0 14
294 2143 0 9
295 645 0 9
296 1143 0 10
297 475 0 8
298 1988 1 0
299 908 0 70
300 780 0 70
301 1955 0 173
302 3234 0 16
303 855 0 12
304 1139 0 98
305 1033 1 202
306 1468 0 10
307 7562 0 23
308 1269 0 8
309 3299 0 11
310 1526 0 11
311 850 0 12
312 1425 0 33
313 6570 0 428
314 1026 1 0
315 706 0 11
316 922 0 12
317 1849 0 7
318 6210 0 77
319 5053 0 70
320 2941 0 34
321 497 0 65
322 669 0 103
323 672 0 14
324 2845 0 73
325 592 0 14
326 1063 0 8
327 2181 0 8
328 1855 0 20
329 3356 0 7
330 2076 0 43
331 6733 0 11
332 1606 0 29
333 1166 0 30
334 653 0 10
335 14863 1 71
336 2951 0 13
337 1182 0 13
338 2829 1 0
339 10052 0 11
340 1261 0 92
341 2781 0 82
342 3162 0 206
343 586 1 20
344 2873 0 10
345 636 0 8
346 749 0 63
347 3293 0 9
348 1206 0 42
349 6360 1 60
350 572 0 199
351 5094 0 8
352 1008 0 12
353 1699 0 114
354 8187 0 9
355 536 0 9
356 3262 0 8
357 373 0 58
358 810 1 10
359 2436 0 13
360 7548 0 9
361 1335 0 9
362 1011 0 137
363 1343 0 13
364 897 0 3
365 1507 0 10
366 3160 0 31
367 1243 0 8
368 6756 0 10
369 733 0 51
370 1826 1 33
371 6163 0 68
372 879 0 51
373 9363 0 37
374 244 0 11
375 1392 0 23
376 1304 0 8
377 488 0 112
378 1512 0 8
379 852 0 25
380 576 0 10
381 689 0 31
382 370 0 9
383 1165 0 13
384 784 0 40
385 12205 0 8
386 1370 0 37
387 1513 0 199
388 653 0 80
389 376 0 18
390 969 0 9
391 2627 0 11
392 1062 0 25
393 3685 0 72
394 776 0 11
395 1476 0 19
396 907 0 17
397 168 0 11
398 1187 0 8
399 2585 0 9
400 1870 0 131
401 989 0 22
402 1413 0 22
403 2570 0 9

11 1 994
46
404 1936 0 23
405 3732 0 26
406 5080 0 8
407 477 0 27
408 615 0 7
409 737 1 0
410 2801 0 27
411 1227 0 8
412 1179 0 45
413 1842 0 12
414 946 0 14
415 3377 0 9
416 2958 0 37
417 1164 0 25
418 2906 0 17
419 2878 0 10
420 1123 0 18
421 14 0 12
422 7961 0 12
423 2955 0 97
424 2838 0 95
425 1008 0 9
426 1037 0 27
427 1184 0 12
428 997 0 71
429 565 0 11
430 6455 0 14
431 1095 0 50
432 2670 0 16
433 1252 0 12
434 13091 0 183
435 914 1 91
436 1986 0 66
437 1518 0 55
438 1419 0 50
439 236 0 107
440 2247 1 41
441 411 0 14
442 16297 0 21
443 1077 0 272
444 905 0 6
445 2141 0 11
446 728 0 95
447 704 0 13
448 5023 0 21
449 1853 0 203

12 1 1003
26
450 1199 0 11
451 5107 0 89
452 308 0 9
453 3207 0 142
454 6155 0 8
455 948 0 10
456 7296 0 37
457 459 0 11
458 567 0 15
459 7820 0 10
460 1331 0 8
461 207 0 10
462 989 0 17
463 1957 0 13
464 1848 0 14
465 6732 0 59
466 1998 0 21
467 5120 0 37
468 3577 0 42
469 2441 0 80
470 1425 0 13
471 408 0 8
472 1407 1 16
473 1226 0 9
474 2461 0 34
475 752 0 12

13 1 1013
52
476 1084 0 73
477 3141 0 12
478 12201 0 13
479 171 0 128
480 727 0 12
481 1321 0 40
482 1407 1 18
483 3143 0 152
484 816 0 7
485 893 0 62
486 1048 0 9
487 2398 0 10
488 898 0 8
489 2860 0 15
490 7892 0 9
491 1987 0 10
492 553 0 86
493 891 0 68
494 2226 0 2
495 455 0 10
496 3304 0 17
497 1341 0 91
498 839 0 39
499 3303 0 95
500 843 0 43
501 3349 0 75
502 17499 0 8
503 532 0 14
504 1386 0 13
505 1071 0 6
506 593 0 9
507 1943 0 8
508 510 0 10
509 1979 0 7
510 1475 0 32
511 1047 0 56
512 3018 0 19
513 1742 0 14
514 3305 0 16
515 1979 0 15
516 564 0 54
517 1992 0 84
518 1011 0 27
519 1466 1 156
520 793 0 23
521 1089 0 98
522 1692 0 10
523 1034 0 36
524 609 0 60
525 2316 0 54
526 3529 0 12
527 1512 0 10

14 1 1444
110
528 1297 0 13
529 1203 0 126
530 181 1 0
531 1394 0 233
532 3287 0 12
533 97 0 7
534 5045 0 12
535 729 0 28
536 426 0 57
537 1659 0 10
538 7410 0 38
539 172 1 28
540 174 0 13
541 1681 0 7
542 520 0 10
543 1484 0 133
544 7688 0 20
545 1529 0 29
546 14371 0 74
547 1203 0 30
548 1839 0 25
549 1905 0 8
550 7751 0 9
551 14462 0 10
552 967 0 72
553 938 1 20
554 689 0 38
555 3235 0 168
556 330 1 316
557 3391 0 0
558 823 0 11
559 452 0 12
560 14897 0 8
561 637 0 79
562 446 1 0
563 5000 0 10
564 352 0 12
565 566 0 6
566 4793 0 11
567 2048 0 70
568 3262 0 38
569 823 0 95
570 521 0 74
571 3184 0 13
572 540 0 19
573 1936 0 15
574 431 0 7
575 455 0 14
576 1965 0 40
577 675 0 130
578 13359 0 70
579 1768 0 16
580 165 0 29
581 599 1 62
582 388 0 7
583 1182 0 22
584 1467 0 7
585 540 0 74
586 435 0 13
587 647 0 40
588 1528 0 68
589 998 0 10
590 3248 0 11
591 1289 0 58
592 683 0 52
593 2617 0 9
594 1702 0 12
595 630 1 0
596 2645 0 399
597 8101 0 10
598 1975 0 7
599 3379 0 68
600 2889 0 14
601 3261 0 96
602 2954 0 39
603 17274 0 8
604 6150 0 33
605 7173 0 13
606 989 0 17
607 521 0 142
608 9 0 10
609 976 0 78
610 539 0 7
611 757 0 15
612 660 0 66
613 1295 0 20
614 743 0 24
615 780 0 12
616 3517 0 34
617 181 0 14
618 1431 0 13
619 446 0 10
620 1325 1 597
621 1985 0 60
622 3429 0 13
623 955 0 112
624 1973 0 141
625 1329 0 18
626 5041 0 16
627 1025 0 13
628 2058 0 150
629 1358 0 14
630 1058 0 108
631 16266 0 104
632 1518 0 21
633 2959 0 38
634 1152 0 11
635 419 0 13
636 2587 0 8
637 1136 0 7

15 1 1462
9
638 888 0 74
639 3234 0 16
640 1308 0 22
641 542 0 45
642 997 1 79
643 1714 0 17
644 2914 0 14
645 1518 0 13
646 2571 0 12

16 1 1464
118
647 414 0 77
648 1291 0 10
649 2549 0 110
650 2412 0 67
651 6357 0 7
652 1075 0 13
653 1016 0 6
654 718 0 14
655 5070 0 12
656 2296 0 90
657 1310 0 10
658 2855 0 14
659 1229 0 12
660 3526 1 27
661 3476 0 10
662 1472 0 218
663 394 0 60
664 8209 0 42
665 3167 0 44
666 1895 0 11
667 1714 0 100
668 525 0 9
669 1618 0 18
670 2125 0 18
671 181 0 23
672 763 0 136
673 184 0 8
674 3214 0 39
675 1068 0 70
676 3593 0 222
677 648 0 11
678 3259 0 8
679 946 0 9
680 281 0 317
681 17650 0 91
682 764 0 11
683 1823 0 111
684 1050 0 248
685 1846 0 138
686 418 0 29
687 726 1 137
688 837 0 35
689 1982 1 30
690 1979 0 35
691 1104 0 70
692 540 1 596
693 1027 0 10
694 1144 0 14
695 634 0 32
696 1016 0 37
697 1300 0 11
698 942 0 5
699 2864 0 109
700 224 0 107
701 10916 0 171
702 888 0 7
703 1520 0 25
704 13016 1 0
705 813 0 21
706 657 0 8
707 1168 0 40
708 626 0 8
709 1518 0 15
710 1674 0 10
711 1042 1 0
712 11795 0 14
713 1336 0 13
714 3799 0 109
715 1511 0 69
716 1829 0 10
717 3735 0 10
718 962 0 9
719 997 0 15
720 1527 0 159
721 974 0 49
722 1019 0 8
723 1399 1 398
724 732 0 11
725 653 0 11
726 214 0 181
727 3226 0 13
728 655 0 9
729 2838 0 10
730 1101 0 9
731 1239 0 19
732 456 0 37
733 1227 0 38
734 422 0 39
735 2404 0 13
736 1299 0 299
737 2357 0 9
738 493 0 55
739 578 0 70
740 5001 0 14
741 5100 0 41
742 1917 0 12
743 241 0 137
744 3702 0 11
745 4109 0 7
746 462 0 59
747 1977 0 12
748 1325 0 47
749 2135 0 82
750 1048 0 11
751 161 0 16
752 3206 0 50
753 727 0 19
754 456 0 105
755 1347 0 8
756 535 0 12
757 1373 0 31
758 11604 0 19
759 691 0 11
760 536 0 11
761 6731 0 9
762 1184 0 16
763 974 1 16
764 573 0 7

17 0 1470
100
765 1846 0 189
766 950 0 9
767 7469 0 6
768 2663 0 13
769 1367 0 11
770 2834 0 133
771 487 0 71
772 269 0 77
773 2012 0 17
774 1858 0 111
775 280 0 27
776 1990 0 10
777 446 0 93
778 1032 0 37
779 188 0 62
780 1422 0 11
781 746 0 19
782 1430 0 11
783 1672 0 144
784 3360 0 7
785 2618 0 23
786 1985 0 56
787 1530 0 9
788 942 0 72
789 204 0 63
790 206 0 41
791 443 0 27
792 692 0 17
793 3248 0 24
794 1557 0 14
795 1099 0 7
796 2764 0 8
797 728 0 142
798 2696 0 12
799 960 0 12
800 938 1 515
801 1299 0 43
802 1222 0 10
803 2826 0 125
804 1088 0 112
805 1296 0 34
806 3451 0 7
807 1210 0 83
808 2823 0 9
809 1418 0 11
810 730 1 0
811 858 0 11
812 5055 0 7
813 534 0 12
814 7650 0 87
815 6794 0 8
816 6734 0 13
817 1966 0 6
818 1951 0 9
819 1027 0 12
820 1956 0 35
821 12915 0 30
822 883 0 11
823 629 0 430
824 1180 0 16
825 2832 0 12
826 1012 0 12
827 2063 0 10
828 2526 1 27
829 1088 0 52
830 1081 0 11
831 723 0 153
832 1145 0 13
833 976 0 12
834 514 0 7
835 3326 0 72
836 2735 0 30
837 658 0 7
838 2099 0 8
839 742 0 84
840 843 0 9
841 1039 0 17
842 191 0 17
843 1815 0 11
844 2889 0 10
845 3020 0 96
846 793 0 34
847 1511 0 45
848 200 0 27
849 1252 0 28
850 652 0 41
851 1941 1 0
852 1326 0 7
853 1412 0 18
854 1401 0 10
855 1069 0 9
856 1584 0 11
857 3357 0 43
858 2712 0 91
859 2412 0 40
860 1945 0 17
861 1293 0 8
862 3689 0 188
863 5073 0 12
864 395 0 11

18 1 1491
54
865 798 0 12
866 1687 0 76
867 1529 0 48
868 3090 0 8
869 416 0 8
870 1402 0 7
871 1050 0 10
872 3347 0 11
873 978 0 19
874 177 0 11
875 3207 0 69
876 1403 0 13
877 1094 0 310
878 337 0 20
879 2207 0 50
880 2264 0 44
881 5052 0 10
882 1270 0 342
883 968 0 40
884 535 0 14
885 522 0 43
886 1346 0 163
887 433 0 16
888 2634 0 31
889 705 0 10
890 747 0 237
891 367 0 16
892 411 0 18
893 1133 0 24
894 5028 0 12
895 322 0 12
896 1961 0 8
897 1025 0 7
898 1511 0 13
899 168 0 11
900 687 0 30
901 1811 0 54
902 1398 0 32
903 1304 0 128
904 2714 0 11
905 1228 0 302
906 1702 0 21
907 1972 0 8
908 3276 0 11
909 1969 0 11
910 2875 0 10
911 1048 0 81
912 1286 0 9
913 547 0 16
914 2895 0 112
915 5091 0 23
916 1940 0 7
917 1835 0 26
918 1037 0 12

19 1 1494
25
919 5774 0 16
920 2872 0 68
921 22 0 16
922 3158 0 188
923 623 0 17
924 1107 0 12
925 350 0 182
926 1832 0 172
927 2731 0 9
928 2875 0 53
929 3292 0 12
930 2787 0 140
931 1353 0 173
932 3091 0 10
933 644 0 8
934 1006 0 11
935 1263 0 783
936 611 0 52
937 1681 0 7
938 1581 0 13
939 1413 0 193
940 362 0 12
941 1809 0 272
942 2181 0 11
943 1099 0 65

