20

0 1 240
20
0 574 0 54
1 3234 0 44
2 2150 0 39
3 2082 0 41
4 5131 0 9
5 2820 0 13
6 355 0 48
7 2938 0 12
8 579 0 8
9 2865 0 35
10 6160 0 14
11 940 0 8
12 2070 0 30
13 7898 0 17
14 1370 0 77
15 1148 0 270
16 5098 0 41
17 335 0 86
18 1412 0 7
19 1528 0 24

1 1 503
29
20 6360 0 32
21 1207 0 187
22 1003 0 76
23 1090 0 7
24 12918 0 39
25 671 0 14
26 1553 0 14
27 1661 0 14
28 2565 0 11
29 1041 0 8
30 566 0 90
31 16624 0 110
32 3154 0 12
33 7252 0 11
34 3285 0 10
35 3781 0 12
36 6952 1 0
37 2231 0 8
38 12816 0 14
39 274 0 36
40 1161 0 25
41 2519 1 567
42 3731 0 10
43 2233 1 0
44 1114 0 8
45 936 0 9
46 2605 0 9
47 1949 0 161
48 995 0 68

2 1 510
184
49 549 0 61
50 1191 0 52
51 7320 0 151
52 5078 0 8
53 3327 0 99
54 357 0 45
55 6455 0 7
56 2945 0 9
57 5119 0 56
58 1135 0 77
59 231 0 112
60 1946 0 172
61 967 0 87
62 5079 0 25
63 1389 0 33
64 1516 0 11
65 1188 0 12
66 2595 0 60
67 663 0 9
68 5952 0 39
69 3211 0 7
70 297 0 19
71 55 1 19
72 11819 0 13
73 2189 0 169
74 6742 1 27
75 447 0 24
76 3257 0 94
77 6956 0 44
78 3523 0 158
79 1784 0 22
80 2085 0 9
81 195 0 115
82 550 0 103
83 1843 0 147
84 1430 0 59
85 3064 0 11
86 1372 0 8
87 5917 0 19
88 5009 0 18
89 743 0 13
90 1030 0 11
91 1270 1 46
92 893 0 14
93 3163 0 36
94 2988 0 68
95 586 0 10
96 746 0 11
97 1408 0 53
98 967 0 110
99 12199 0 7
100 1267 0 22
101 876 0 31
102 2299 0 40
103 1045 0 127
104 1986 0 9
105 309 0 7
106 864 0 10
107 1075 0 13
108 2442 0 8
109 3686 0 16
110 277 0 19
111 205 0 9
112 1011 0 10
113 2558 0 42
114 2434 0 19
115 1499 0 25
116 446 0 10
117 898 0 8
118 7887 0 27
119 2901 0 7
120 207 0 9
121 1286 0 11
122 578 0 38
123 2224 0 10
124 853 0 12
125 3214 0 138
126 1320 0 75
127 1985 0 49
128 1371 0 12
129 751 0 22
130 386 0 0
131 1586 0 17
132 3148 1 0
133 612 0 9
134 483 0 8
135 823 0 9
136 265 0 11
137 940 0 6
138 1217 0 24
139 516 0 17
140 260 0 8
141 3194 0 37
142 1516 0 12
143 1338 0 18
144 431 0 12
145 1618 0 13
146 871 0 167
147 243 0 18
148 3157 0 79
149 1407 0 7
150 768 0 57
151 508 0 143
152 1423 0 15
153 172 0 110
154 10058 0 11
155 3003 0 38
156 2109 0 100
157 2185 0 54
158 3185 0 18
159 2565 0 36
160 947 1 1
161 691 1 0
162 1204 0 24
163 2481 0 19
164 989 0 46
165 831 0 11
166 1966 0 7
167 463 0 11
168 2516 0 36
169 975 0 77
170 1276 0 32
171 3546 0 12
172 3374 1 128
173 390 0 28
174 1593 0 28
175 2501 0 19
176 3722 0 11
177 1051 0 17
178 1428 0 13
179 809 0 13
180 13568 0 13
181 1526 0 9
182 1850 0 14
183 619 0 31
184 1195 0 10
185 456 0 97
186 1981 0 15
187 495 0 389
188 207 0 127
189 439 0 23
190 1090 0 13
191 1222 0 21
192 2289 0 28
193 1171 0 56
194 14370 0 13
195 1088 0 159
196 1692 0 13
197 7665 0 9
198 7817 0 101
199 2747 0 16
200 816 0 7
201 480 0 9
202 1265 0 16
203 1894 0 22
204 784 0 10
205 1674 0 23
206 2903 0 69
207 12710 0 7
208 3175 0 169
209 616 0 13
210 2824 0 129
211 1945 0 11
212 6366 0 19
213 1357 0 12
214 496 0 8
215 402 0 85
216 2341 0 12
217 1662 0 9
218 542 0 13
219 1251 0 155
220 6366 0 19
221 975 0 44
222 1517 0 132
223 3706 0 9
224 1101 0 72
225 623 0 9
226 3922 0 9
227 1053 0 10
228 9982 0 75
229 1640 0 50
230 3222 0 66
231 1085 0 21
232 1414 0 0

3 1 525
133
233 509 0 55
234 2427 0 144
235 1516 0 81
236 1884 0 71
237 237 0 94
238 2060 0 11
239 264 0 24
240 996 0 71
241 6453 0 11
242 3438 0 9
243 1330 0 19
244 599 0 51
245 1019 0 10
246 5028 0 30
247 13013 0 29
248 553 0 255
249 2614 0 112
250 767 0 7
251 940 0 18
252 3299 0 13
253 356 0 92
254 868 0 165
255 11498 0 43
256 707 0 17
257 989 0 20
258 543 0 8
259 673 1 80
260 3143 1 0
261 14389 0 107
262 2338 0 16
263 509 0 8
264 1284 0 18
265 2822 0 35
266 288 0 6
267 1389 0 56
268 2000 0 616
269 5140 0 8
270 205 0 140
271 8031 0 71
272 1366 0 12
273 2842 0 29
274 1644 0 27
275 744 0 10
276 5961 0 17
277 539 0 26
278 598 0 39
279 2393 0 7
280 2830 0 148
281 2850 0 11
282 1132 0 13
283 1136 0 213
284 917 0 11
285 12111 0 10
286 1517 0 7
287 2920 0 35
288 1360 0 14
289 5062 0 82
290 1611 0 8
291 2946 0 8
292 1336 0 12
293 1218 0 8
294 1155 0 47
295 505 0 10
296 7295 0 71
297 236 0 9
298 249 0 69
299 5070 0 12
300 1202 0 53
301 1379 0 10
302 5761 0 7
303 1368 0 6
304 1066 0 19
305 717 0 77
306 3379 0 34
307 2923 0 11
308 3293 0 39
309 3365 0 8
310 326 1 0
311 387 0 12
312 1283 0 46
313 965 0 9
314 2562 0 9
315 3261 0 20
316 2034 0 17
317 5124 0 22
318 963 1 38
319 633 0 23
320 1006 0 12
321 1426 0 13
322 8209 0 11
323 858 0 7
324 2383 0 94
325 2931 0 87
326 1323 0 8
327 1550 1 26
328 1239 0 24
329 6956 0 26
330 388 0 11
331 3273 1 0
332 2462 0 74
333 1948 0 9
334 2865 0 37
335 2906 0 9
336 1020 0 76
337 869 0 13
338 363 0 13
339 1538 0 37
340 2870 0 8
341 648 0 12
342 1204 0 5
343 1550 0 36
344 17121 1 0
345 6229 0 14
346 2822 0 17
347 3141 0 12
348 726 0 235
349 3283 0 28
350 1101 0 20
351 2860 0 73
352 174 0 7
353 1957 0 17
354 1099 0 27
355 11640 0 9
356 710 0 11
357 1052 0 72
358 1516 0 15
359 920 0 100
360 3379 0 14
361 1138 1 88
362 801 1 4
363 5134 0 109
364 3417 0 71
365 1262 0 73

4 1 531
134
366 426 0 7
367 1731 0 145
368 3356 0 9
369 1224 0 29
370 1360 0 8
371 1005 0 23
372 1943 0 11
373 2297 0 63
374 770 0 9
375 3741 0 26
376 800 0 230
377 1002 1 117
378 16711 0 19
379 1329 0 11
380 12080 0 13
381 1458 0 27
382 3820 0 11
383 7739 0 117
384 395 0 77
385 1513 0 74
386 3644 1 20
387 2052 0 139
388 557 0 22
389 1426 0 11
390 18085 0 9
391 1990 0 9
392 2174 0 10
393 706 0 136
394 553 0 36
395 5588 0 426
396 1231 0 55
397 7403 0 8
398 1734 0 11
399 3645 0 617
400 6250 0 31
401 683 0 11
402 1865 0 39
403 1034 0 13
404 3373 0 40
405 675 0 10
406 10176 0 25
407 16277 0 37
408 1189 0 9
409 1535 0 12
410 5040 0 8
411 6366 0 99
412 3450 0 93
413 693 0 9
414 3187 0 17
415 1311 0 17
416 975 0 7
417 1057 0 22
418 721 0 9
419 1404 0 115
420 37 0 10
421 600 0 89
422 1062 0 48
423 3090 0 40
424 751 0 18
425 1528 0 37
426 1190 0 45
427 363 1 0
428 1301 0 11
429 1047 1 0
430 676 0 19
431 1971 0 28
432 1060 0 14
433 871 0 11
434 1655 0 8
435 1567 0 11
436 2454 0 93
437 3177 0 71
438 938 0 21
439 1026 0 12
440 952 0 8
441 1215 0 29
442 2289 0 57
443 1263 0 24
444 2225 0 133
445 798 0 10
446 993 0 13
447 2601 0 8
448 1095 1 0
449 1621 0 67
450 1767 0 9
451 1066 0 299
452 877 0 16
453 725 0 9
454 1218 0 10
455 287 0 2
456 501 0 39
457 444 0 10
458 924 0 181
459 3395 0 13
460 1358 1 0
461 968 0 46
462 6870 0 13
463 1411 0 53
464 463 0 12
465 732 0 93
466 1243 0 37
467 1324 0 11
468 6143 0 11
469 888 0 317
470 2905 0 29
471 1327 0 103
472 1288 0 9
473 492 0 23
474 1108 0 8
475 2479 0 15
476 1668 0 33
477 3174 0 9
478 2884 0 9
479 940 0 19
480 548 0 35
481 353 1 61
482 1411 0 10
483 1538 0 19
484 1052 0 43
485 1361 0 306
486 15 0 11
487 7656 0 18
488 3148 0 11
489 1422 0 10
490 1522 0 0
491 2963 0 11
492 1526 0 8
493 496 0 10
494 1546 0 12
495 3375 0 13
496 689 0 43
497 824 0 10
498 799 0 10
499 1987 0 227

5 1 978
108
500 9991 0 28
501 476 0 69
502 6024 0 7
503 507 0 12
504 1527 0 12
505 224 0 77
506 1892 0 11
507 380 1 473
508 1942 0 12
509 291 0 10
510 1426 0 38
511 3651 0 32
512 1274 0 8
513 1035 0 7
514 728 0 9
515 236 0 35
516 2429 0 7
517 1518 0 97
518 406 0 158
519 5059 0 8
520 3175 0 129
521 2033 0 41
522 813 0 9
523 981 1 16
524 1872 0 9
525 513 0 9
526 1785 0 63
527 3213 0 352
528 3234 0 13
529 1961 0 17
530 577 0 239
531 2953 0 84
532 861 0 45
533 536 0 9
534 1529 0 121
535 7050 0 21
536 3273 0 12
537 6366 0 10
538 892 0 23
539 3379 0 9
540 221 0 12
541 981 0 16
542 6511 1 43
543 8130 0 62
544 1153 0 22
545 1929 0 14
546 1244 0 57
547 3235 0 7
548 545 0 19
549 1448 0 15
550 806 0 8
551 2604 0 10
552 1946 0 15
553 614 0 9
554 1230 0 9
555 1861 0 22
556 731 0 129
557 3347 1 6
558 2336 1 100
559 7476 0 7
560 1215 0 8
561 1302 0 11
562 1317 0 8
563 1274 0 7
564 809 0 11
565 6148 0 42
566 826 0 12
567 168 0 132
568 3216 0 61
569 1897 0 8
570 1967 0 12
571 1440 0 120
572 1139 0 31
573 221 0 49
574 430 0 8
575 1396 0 68
576 2845 0 9
577 5114 0 26
578 171 0 11
579 7474 0 35
580 1248 0 80
581 6955 0 12
582 1424 0 15
583 930 0 40
584 749 0 7
585 1152 0 9
586 1180 0 12
587 503 0 52
588 1235 0 19
589 930 0 9
590 3453 0 10
591 1958 0 7
592 2877 0 9
593 441 0 15
594 806 0 9
595 1764 0 19
596 3253 0 25
597 6741 0 148
598 1795 0 56
599 1181 0 7
600 1890 0 81
601 1038 0 8
602 2501 0 11
603 649 0 13
604 1985 0 27
605 765 0 106
606 1949 0 16
607 991 0 8

6 1 984
24
608 464 0 19
609 2228 0 62
610 1845 0 11
611 1518 0 12
612 191 0 27
613 3706 0 13
614 2805 1 0
615 594 0 29
616 191 0 11
617 1793 0 2
618 714 0 6
619 184 0 119
620 1084 0 12
621 989 0 9
622 3571 1 0
623 17157 0 10
624 951 0 13
625 1333 0 9
626 12718 0 9
627 1731 0 33
628 503 0 19
629 113 0 11
630 378 0 10
631 1967 0 74

7 1 1004
6
632 1953 0 7
633 1976 0 70
634 1643 0 9
635 5084 0 7
636 3469 0 18
637 2269 0 11

8 1 1005
25
638 5856 0 12
639 2895 0 13
640 3141 1 0
641 1399 0 84
642 2828 0 11
643 573 0 22
644 3285 0 17
645 989 0 249
646 7051 0 8
647 3293 0 13
648 1203 1 0
649 523 0 9
650 1238 0 11
651 3162 0 27
652 9303 0 8
653 959 0 142
654 1233 0 11
655 11857 0 9
656 1109 0 12
657 3255 0 12
658 677 0 14
659 2813 0 175
660 540 0 38
661 3201 0 214
662 1115 0 53

9 1 1440
23
663 2192 0 12
664 882 1 0
665 720 0 17
666 502 0 23
667 16563 0 15
668 803 0 11
669 3145 1 0
670 7243 0 9
671 2176 0 30
672 2905 0 8
673 13055 0 6
674 340 0 7
675 3361 0 9
676 1170 0 14
677 620 0 17
678 847 1 23
679 869 0 40
680 464 0 67
681 1454 0 150
682 5074 0 44
683 2373 0 11
684 3740 0 11
685 1716 0 29

10 1 1444
48
686 1422 0 10
687 1813 0 32
688 1518 0 11
689 2821 0 8
690 1695 0 82
691 932 0 10
692 3231 0 59
693 3263 0 82
694 2042 0 10
695 2533 0 9
696 1987 0 10
697 226 0 19
698 492 0 22
699 3227 0 49
700 317 0 16
701 729 0 67
702 775 1 0
703 1323 0 172
704 2300 0 11
705 200 0 79
706 442 0 16
707 652 0 9
708 1973 0 262
709 2082 0 13
710 764 0 13
711 1403 0 12
712 2845 0 241
713 989 0 13
714 7478 0 42
715 2569 0 91
716 6028 0 8
717 638 0 199
718 3011 0 38
719 891 0 10
720 2045 0 143
721 1050 0 48
722 9303 0 25
723 986 0 9
724 3184 0 10
725 869 0 11
726 6235 0 38
727 7225 0 172
728 1182 0 17
729 1065 0 59
730 164 0 10
731 1042 0 12
732 1094 0 13
733 969 0 78

11 0 1450
9
734 933 0 7
735 985 0 14
736 1552 0 115
737 1546 0 204
738 12983 0 14
739 464 0 7
740 2796 0 138
741 1366 0 18
742 2331 0 28

12 1 1455
6
743 877 0 37
744 1117 0 204
745 1412 0 10
746 1528 0 27
747 7546 0 18
748 311 0 28

13 1 1469
182
749 5073 0 32
750 1532 0 29
751 1313 0 80
752 2889 0 80
753 840 1 567
754 524 0 90
755 482 0 8
756 972 0 10
757 1986 0 8
758 5068 0 12
759 1016 0 28
760 1914 0 37
761 451 0 12
762 1319 0 36
763 788 0 13
764 404 0 259
765 1173 0 31
766 1230 0 12
767 5139 0 27
768 654 0 9
769 4 0 11
770 7603 0 56
771 1538 0 17
772 1209 0 13
773 1530 0 163
774 1329 0 18
775 1408 0 13
776 933 0 12
777 549 0 11
778 633 0 26
779 1536 0 13
780 1707 0 35
781 6758 0 37
782 5112 0 2
783 714 0 11
784 2379 0 9
785 565 0 140
786 1938 0 35
787 2532 0 22
788 1510 0 222
789 1086 0 9
790 2391 0 8
791 712 0 28
792 1071 0 14
793 3305 0 11
794 16902 0 7
795 2482 0 6
796 3280 0 47
797 663 0 30
798 3747 0 85
799 196 0 90
800 1522 1 0
801 1850 0 17
802 1409 0 58
803 366 0 17
804 984 0 117
805 799 0 72
806 1949 0 69
807 915 0 63
808 1497 0 40
809 921 0 9
810 2946 0 7
811 1654 0 14
812 3772 0 10
813 367 0 17
814 7675 0 10
815 2166 0 19
816 2505 0 11
817 1261 0 11
818 1368 0 109
819 3219 0 16
820 946 0 14
821 171 0 20
822 422 0 8
823 3917 0 48
824 6745 0 11
825 1915 0 10
826 509 0 17
827 1375 0 12
828 2528 0 11
829 1114 0 16
830 279 0 13
831 591 0 188
832 774 1 0
833 1538 0 7
834 9980 0 19
835 1415 0 10
836 1976 1 120
837 838 0 6
838 3535 1 0
839 282 0 19
840 913 0 7
841 872 0 9
842 6363 0 8
843 2461 0 147
844 2857 0 20
845 2379 0 29
846 2407 1 31
847 1413 0 13
848 3754 0 19
849 2680 0 82
850 1884 0 8
851 11790 0 10
852 1272 0 114
853 1854 0 10
854 1152 0 11
855 235 0 8
856 989 0 12
857 1953 0 25
858 783 0 11
859 1122 0 31
860 3206 0 9
861 1013 0 39
862 1130 0 20
863 677 0 76
864 8915 0 130
865 2647 0 18
866 12746 0 10
867 1053 0 12
868 204 0 10
869 436 0 28
870 698 0 64
871 1275 0 8
872 1464 1 394
873 805 0 7
874 6730 1 10
875 663 0 9
876 851 0 11
877 943 0 124
878 788 1 0
879 840 0 14
880 700 0 10
881 989 0 14
882 833 0 86
883 1430 0 74
884 2824 0 10
885 903 0 11
886 919 0 34
887 869 0 75
888 584 1 0
889 1099 0 20
890 1677 0 73
891 278 0 37
892 1021 0 10
893 434 0 12
894 989 0 19
895 1068 0 82
896 7048 0 9
897 815 0 51
898 1734 0 172
899 640 0 169
900 1980 0 7
901 7476 0 68
902 836 0 11
903 489 0 88
904 989 0 13
905 1473 0 13
906 329 0 8
907 7492 0 53
908 1982 0 20
909 358 0 186
910 1172 0 11
911 1371 0 49
912 1963 0 10
913 469 0 9
914 205 0 15
915 276 0 107
916 1371 0 42
917 2013 0 8
918 3341 0 13
919 1079 0 11
920 1946 0 22
921 457 0 11
922 1114 0 145
923 2348 0 93
924 1084 0 9
925 3304 0 9
926 11734 0 50
927 598 0 70
928 8829 0 80
929 3298 0 11
930 566 0 24

14 1 1471
33
931 466 0 99
932 6008 0 12
933 3486 0 41
934 5084 1 0
935 3352 1 41
936 1947 0 8
937 720 0 7
938 1228 0 7
939 2050 0 12
940 620 0 79
941 1385 0 19
942 2904 0 16
943 1254 0 68
944 7169 0 15
945 3251 0 25
946 602 0 7
947 1855 0 29
948 1016 0 12
949 2579 0 8
950 2988 0 12
951 2395 0 84
952 803 0 38
953 977 0 80
954 1171 0 48
955 1506 0 19
956 2655 0 10
957 1100 0 19
958 1817 0 30
959 809 0 8
960 214 0 73
961 2921 0 17
962 1671 0 73
963 596 0 145

15 1 1473
75
964 828 0 8
965 1112 0 7
966 1231 0 9
967 1618 0 187
968 2840 0 56
969 1265 0 41
970 5100 0 14
971 3316 0 10
972 3372 0 17
973 601 0 11
974 1196 1 47
975 2278 0 7
976 7983 0 216
977 2982 0 16
978 1033 0 155
979 249 0 12
980 1834 0 68
981 1812 0 40
982 997 0 78
983 2190 0 97
984 911 0 126
985 1201 1 3
986 7913 0 10
987 3306 0 11
988 328 0 11
989 2863 0 8
990 5013 0 12
991 1793 0 139
992 495 0 9
993 2115 0 12
994 199 0 39
995 663 0 68
996 3174 0 18
997 471 0 10
998 1376 0 25
999 1849 0 10
1000 545 1 0
1001 6494 0 48
1002 5969 0 10
1003 8091 0 65
1004 163 0 22
1005 1207 0 43
1006 771 0 52
1007 859 0 64
1008 1185 0 12
1009 1516 0 14
1010 2854 0 74
1011 1164 0 10
1012 847 0 9
1013 605 0 13
1014 956 0 87
1015 2000 0 34
1016 7661 0 11
1017 1851 0 9
1018 3501 0 68
1019 1542 0 29
1020 1325 0 11
1021 2538 0 37
1022 445 0 12
1023 335 0 9
1024 1979 0 12
1025 864 0 90
1026 156 0 18
1027 2240 0 27
1028 1121 0 11
1029 961 0 384
1030 14033 0 103
1031 3561 0 166
1032 2931 0 25
1033 1411 1 0
1034 1042 0 9
1035 2726 0 9
1036 2617 0 10
1037 3424 0 136
1038 1083 0 9

16 0 1476
1
1039 568 0 39

17 0 1481
109
1040 3181 0 24
1041 187 0 7
1042 733 0 71
1043 1514 0 7
1044 630 0 22
1045 892 0 18
1046 3321 0 40
1047 1419 0 10
1048 1522 0 8
1049 806 0 136
1050 1987 0 10
1051 2321 0 11
1052 927 0 7
1053 3348 0 10
1054 7559 1 274
1055 1756 0 15
1056 651 0 18
1057 1346 0 9
1058 203 0 12
1059 842 0 13
1060 1196 0 20
1061 3309 0 10
1062 1430 0 8
1063 2538 0 18
1064 502 0 21
1065 1190 0 12
1066 813 0 153
1067 1183 0 147
1068 645 0 48
1069 1102 0 184
1070 907 0 10
1071 2414 0 31
1072 1962 0 22
1073 234 0 32
1074 668 0 32
1075 1299 0 66
1076 3209 0 68
1077 6258 0 173
1078 5085 0 12
1079 1010 0 12
1080 9312 0 43
1081 12856 0 9
1082 3921 0 10
1083 1132 0 11
1084 1868 0 76
1085 1883 0 17
1086 550 0 159
1087 537 0 11
1088 2491 0 27
1089 1574 0 7
1090 3161 0 7
1091 7261 0 11
1092 815 1 127
1093 1423 0 12
1094 578 0 7
1095 969 0 11
1096 6716 0 100
1097 2543 0 65
1098 2034 0 10
1099 685 0 8
1100 1431 0 7
1101 16834 0 38
1102 2941 0 8
1103 3068 0 159
1104 2333 0 12
1105 671 0 12
1106 1022 1 40
1107 9303 0 41
1108 823 0 34
1109 7041 0 12
1110 545 0 31
1111 475 0 13
1112 989 0 25
1113 3196 0 11
1114 6215 0 18
1115 522 0 18
1116 867 0 14
1117 1043 0 10
1118 1466 1 101
1119 1414 0 39
1120 1459 0 68
1121 5077 0 13
1122 2863 0 9
1123 2789 0 36
1124 970 0 17
1125 369 0 295
1126 2267 0 80
1127 1171 0 12
1128 1492 0 70
1129 1430 0 27
1130 1250 1 0
1131 170 0 11
1132 2215 0 64
1133 2588 0 23
1134 779 0 135
1135 1426 0 165
1136 726 1 0
1137 511 0 35
1138 685 0 8
1139 1411 1 42
1140 2884 0 43
1141 1888 0 18
1142 7842 0 9
1143 1300 0 11
1144 2085 0 13
1145 1335 0 63
1146 779 0 11
1147 1418 0 19
1148 857 0 9

18 1 1492
120
1149 2541 0 44
1150 944 0 1
1151 1650 0 8
1152 436 0 127
1153 1488 0 8
1154 1247 0 15
1155 8083 0 32
1156 479 0 116
1157 243 0 11
1158 6679 0 12
1159 1143 0 72
1160 1339 0 40
1161 1052 0 8
1162 989 0 8
1163 12235 0 13
1164 1369 0 80
1165 2315 0 26
1166 1414 0 18
1167 2932 0 54
1168 12030 0 38
1169 1264 0 18
1170 539 0 7
1171 517 0 11
1172 1154 0 15
1173 3153 0 85
1174 722 0 23
1175 2222 0 72
1176 479 0 11
1177 3016 0 13
1178 6136 0 114
1179 1274 0 35
1180 488 0 193
1181 864 0 9
1182 6084 0 7
1183 183 0 7
1184 2118 0 81
1185 623 0 74
1186 1287 0 13
1187 393 0 8
1188 1513 0 19
1189 2916 0 48
1190 1300 0 147
1191 1357 0 13
1192 1244 0 18
1193 4058 0 19
1194 390 0 40
1195 915 1 0
1196 683 1 0
1197 682 0 10
1198 2507 0 262
1199 981 0 10
1200 3261 0 9
1201 3056 0 9
1202 1241 0 11
1203 906 0 73
1204 2455 0 26
1205 1423 0 11
1206 989 0 8
1207 2327 0 15
1208 436 0 8
1209 2922 0 17
1210 1504 0 10
1211 191 0 41
1212 442 0 153
1213 359 0 66
1214 198 0 29
1215 3289 0 9
1216 943 0 12
1217 1662 0 35
1218 1196 0 20
1219 6000 0 9
1220 556 0 228
1221 2550 0 99
1222 3222 0 11
1223 386 0 51
1224 932 0 10
1225 2065 0 7
1226 2439 0 14
1227 1016 0 175
1228 3578 0 38
1229 1343 0 31
1230 3580 0 10
1231 1417 0 32
1232 3188 0 15
1233 1714 0 9
1234 187 0 10
1235 7286 1 0
1236 1513 0 141
1237 953 0 10
1238 178 0 26
1239 1998 0 18
1240 587 1 0
1241 742 1 28
1242 1513 0 32
1243 1102 0 12
1244 1357 0 131
1245 829 1 31
1246 1267 0 8
1247 632 0 147
1248 194 0 38
1249 1157 0 10
1250 563 0 33
1251 5017 0 36
1252 620 0 8
1253 1914 0 61
1254 1071 0 11
1255 851 0 176
1256 1057 0 9
1257 6457 0 9
1258 2841 0 18
1259 2048 0 89
1260 2890 0 10
1261 420 0 386
1262 575 0 13
1263 971 0 39
1264 1956 0 24
1265 1116 0 12
1266 3161 0 174
1267 1873 0 114
1268 5145 0 8

19 1 1497
24
1269 382 0 11
1270 1518 0 162
1271 1542 0 19
1272 1528 0 90
1273 2400 0 37
1274 412 0 10
1275 6192 0 20
1276 3318 0 12
1277 592 0 37
1278 3630 0 13
1279 1234 0 10
1280 1360 0 24
1281 704 0 13
1282 1637 0 29
1283 2904 0 8
1284 1211 0 11
1285 1344 0 10
1286 1040 0 144
1287 688 0 12
1288 3311 0 22
1289 1417 0 17
1290 723 0 11
1291 221 0 23
1292 2925 0 33

