20

0 1 249
6
0 858 1 0
1 405 0 8
2 318 0 22
3 945 0 58
4 1238 0 138
5 751 0 29

1 0 249
198
6 1547 0 14
7 989 0 12
8 3641 0 11
9 630 0 240
10 592 0 141
11 778 0 32
12 634 0 27
13 655 0 13
14 1235 0 109
15 1223 0 10
16 6625 0 11
17 1868 0 11
18 203 1 117
19 1530 0 17
20 1544 0 9
21 1026 0 12
22 607 0 25
23 900 0 372
24 2365 0 14
25 272 0 17
26 441 0 66
27 1242 0 140
28 3342 0 8
29 2528 0 10
30 2815 0 38
31 429 0 11
32 7749 0 9
33 2578 0 266
34 333 0 27
35 1811 0 7
36 2512 0 9
37 5025 0 12
38 6742 0 44
39 260 1 11
40 10392 0 171
41 853 0 7
42 2055 0 140
43 419 0 8
44 920 0 23
45 200 0 31
46 1864 0 11
47 1121 0 10
48 815 0 63
49 2851 0 17
50 2438 0 10
51 2464 0 10
52 1933 0 15
53 837 0 45
54 16784 0 13
55 843 0 13
56 3349 0 8
57 12615 0 15
58 3784 0 40
59 1169 0 11
60 5101 0 31
61 867 0 21
62 1094 0 9
63 767 0 153
64 2926 0 11
65 566 0 9
66 1715 0 86
67 2951 0 152
68 2138 0 12
69 824 0 12
70 1917 0 142
71 2384 0 40
72 1864 0 12
73 1256 0 159
74 1277 0 11
75 509 0 151
76 5073 0 61
77 1121 0 10
78 2847 0 8
79 12432 0 13
80 509 0 10
81 1571 0 71
82 1946 0 58
83 474 0 3
84 675 0 14
85 989 0 8
86 620 0 13
87 503 0 29
88 742 0 14
89 1974 0 11
90 1198 0 8
91 1049 0 40
92 658 0 67
93 6122 0 9
94 2328 0 6
95 805 0 78
96 581 0 142
97 821 0 74
98 1715 0 72
99 1538 0 6
100 1310 0 148
101 7469 0 67
102 1518 0 14
103 9980 0 11
104 471 0 11
105 1431 0 11
106 1135 0 72
107 1062 0 35
108 762 0 11
109 1984 0 11
110 1136 0 91
111 12901 0 39
112 1316 0 146
113 5004 0 11
114 1528 0 37
115 665 0 44
116 6730 0 17
117 860 0 23
118 536 0 12
119 529 0 25
120 3915 0 8
121 738 0 12
122 466 0 14
123 2945 0 42
124 531 0 11
125 794 1 17
126 1387 0 69
127 686 0 15
128 688 0 15
129 838 0 391
130 1035 1 0
131 12042 0 7
132 1340 0 151
133 3453 0 37
134 1919 0 30
135 1513 0 11
136 1012 0 19
137 2916 0 9
138 1051 0 49
139 7403 0 9
140 1763 0 240
141 1054 0 9
142 1311 0 9
143 2363 0 29
144 2185 0 20
145 4996 0 10
146 1303 0 11
147 418 0 39
148 1417 0 16
149 3330 0 73
150 356 0 34
151 658 0 2
152 1017 0 18
153 1393 0 11
154 1543 0 13
155 1299 0 8
156 1513 0 80
157 2296 0 10
158 704 0 13
159 531 0 11
160 771 0 24
161 1424 0 144
162 525 0 82
163 1513 0 11
164 1346 0 13
165 13381 0 28
166 1341 0 10
167 1106 0 127
168 3233 0 54
169 1405 0 23
170 5034 0 9
171 329 0 114
172 2906 0 7
173 1518 0 44
174 1029 0 7
175 935 0 25
176 1519 0 30
177 1226 0 11
178 708 0 26
179 111 0 10
180 2183 0 11
181 1840 0 15
182 3202 0 6
183 1423 0 18
184 1008 0 14
185 1976 0 14
186 1518 0 9
187 1047 0 9
188 1199 0 10
189 267 0 25
190 860 0 8
191 2060 0 39
192 923 0 8
193 201 0 92
194 3252 0 8
195 1117 0 68
196 2437 0 13
197 401 0 9
198 517 0 8
199 989 0 28
200 692 0 82
201 1082 0 11
202 5009 0 8
203 3200 0 38

2 1 287
52
204 1493 0 154
205 759 0 64
206 3488 1 32
207 5098 0 25
208 1177 0 18
209 1210 0 7
210 584 0 9
211 536 1 233
212 5028 0 8
213 714 0 31
214 1026 0 11
215 1145 0 29
216 1417 0 100
217 5040 0 47
218 256 1 16
219 2085 0 16
220 347 0 16
221 1419 0 139
222 1675 0 37
223 1002 0 11
224 1851 0 11
225 2154 0 19
226 10 0 6
227 2844 0 7
228 2776 0 19
229 456 0 42
230 551 0 12
231 1087 0 98
232 2260 0 11
233 284 0 11
234 3977 0 95
235 3379 0 65
236 424 0 11
237 5016 0 59
238 5120 0 9
239 2865 0 459
240 516 0 37
241 3790 0 18
242 202 0 8
243 526 0 7
244 1417 1 476
245 1140 0 7
246 1228 0 39
247 3335 0 8
248 7384 0 95
249 2111 0 16
250 833 0 10
251 1383 0 30
252 1038 0 6
253 5120 0 88
254 1351 0 33
255 3374 0 97

3 1 484
27
256 1504 1 28
257 1525 0 18
258 895 0 10
259 737 0 12
260 739 0 353
261 9982 0 14
262 3566 0 21
263 1311 0 99
264 6468 0 23
265 584 0 70
266 1949 0 24
267 1367 0 17
268 175 0 17
269 5031 0 9
270 1942 0 63
271 14453 0 18
272 6366 0 10
273 1207 0 12
274 1220 0 11
275 2174 0 108
276 526 0 67
277 375 0 88
278 1191 0 8
279 5084 0 53
280 11793 0 80
281 1078 0 9
282 1395 0 7

4 1 492
8
283 2815 0 11
284 2293 0 41
285 253 0 7
286 2977 0 33
287 1326 1 0
288 12774 0 13
289 1190 0 187
290 906 0 11

5 1 509
31
291 7946 0 70
292 1406 0 13
293 747 0 12
294 1297 1 0
295 1711 0 129
296 1969 0 13
297 3195 0 12
298 1277 0 18
299 1310 0 64
300 642 0 8
301 1942 0 10
302 992 0 13
303 1194 0 10
304 2445 0 21
305 548 0 40
306 7959 0 11
307 883 0 28
308 1377 0 17
309 478 0 9
310 5136 0 23
311 5298 0 7
312 3141 0 37
313 590 0 11
314 1355 0 123
315 1358 0 16
316 748 0 11
317 1514 0 13
318 296 0 8
319 1384 0 439
320 1185 0 11
321 477 0 38

6 1 516
117
322 1963 0 49
323 1019 0 22
324 830 0 16
325 514 0 8
326 539 0 12
327 1283 0 42
328 2125 0 161
329 614 0 12
330 961 0 9
331 1185 0 9
332 8397 0 39
333 2034 0 88
334 1500 0 20
335 1413 0 5
336 1938 0 97
337 885 0 10
338 1415 0 9
339 721 0 14
340 1043 0 23
341 593 0 95
342 761 0 77
343 1011 0 12
344 575 0 13
345 3662 0 11
346 1490 0 13
347 1675 0 72
348 2369 0 25
349 1978 0 18
350 3233 0 39
351 1584 0 40
352 595 0 9
353 12112 0 10
354 3228 0 33
355 581 0 8
356 5759 0 8
357 1224 0 8
358 698 0 12
359 1001 0 11
360 1244 0 9
361 6844 0 126
362 1528 0 10
363 966 0 135
364 1239 0 72
365 1425 0 13
366 275 0 8
367 7049 0 20
368 1430 0 9
369 2330 0 103
370 2314 0 98
371 3352 0 114
372 1960 0 11
373 494 0 8
374 2813 0 8
375 1362 0 29
376 629 0 19
377 519 0 13
378 661 0 21
379 2434 1 16
380 3166 0 10
381 266 0 17
382 327 0 11
383 807 0 11
384 3189 0 17
385 1151 1 16
386 1367 0 12
387 3555 0 11
388 2252 0 36
389 1973 0 5
390 1385 0 11
391 1646 0 13
392 1222 1 0
393 978 0 42
394 1056 1 0
395 1246 0 37
396 584 0 5
397 3112 0 172
398 12699 0 7
399 648 0 54
400 24 0 66
401 742 0 13
402 1177 0 12
403 920 0 8
404 3210 0 101
405 2900 0 5
406 1362 0 165
407 2902 0 7
408 171 0 134
409 2350 0 9
410 1459 0 10
411 744 0 32
412 5109 0 10
413 12375 0 10
414 5100 0 18
415 567 0 10
416 119 0 11
417 1823 0 9
418 746 0 8
419 2852 0 6
420 7671 0 7
421 1033 0 39
422 781 0 12
423 176 0 44
424 919 0 68
425 1518 0 11
426 8161 0 102
427 537 0 8
428 1034 0 41
429 193 0 13
430 6366 0 11
431 1575 0 12
432 3184 0 12
433 1352 0 85
434 1845 0 71
435 1329 0 10
436 165 1 0
437 2771 0 9
438 1421 0 11

7 1 686
176
439 1935 0 13
440 3299 0 13
441 1943 0 9
442 293 0 417
443 1013 0 6
444 1165 0 118
445 1177 1 16
446 7049 0 27
447 1108 0 10
448 2493 0 10
449 168 0 11
450 681 0 135
451 1311 0 68
452 2921 0 10
453 1420 0 14
454 254 0 37
455 1560 0 12
456 1097 0 38
457 1320 1 0
458 202 0 12
459 183 0 16
460 403 0 12
461 3253 0 15
462 837 0 21
463 3307 0 9
464 591 0 140
465 235 1 15
466 1968 0 141
467 1518 0 11
468 1621 0 145
469 3207 0 11
470 1971 0 12
471 2497 0 8
472 537 0 8
473 909 0 19
474 431 0 36
475 5929 0 11
476 608 0 137
477 1348 0 20
478 1035 1 76
479 2556 0 12
480 1185 0 13
481 939 0 40
482 1300 0 14
483 285 0 29
484 1303 0 44
485 1371 0 42
486 6464 0 37
487 1786 0 7
488 1217 0 11
489 16759 0 146
490 2169 0 43
491 546 0 23
492 2749 0 58
493 2532 0 21
494 556 0 40
495 13569 0 7
496 1829 0 6
497 731 0 11
498 183 0 16
499 1549 1 0
500 989 0 7
501 2907 0 8
502 385 0 77
503 401 0 21
504 1172 0 12
505 3228 0 228
506 4791 0 10
507 3346 0 13
508 5074 0 11
509 13918 0 9
510 1778 0 200
511 1980 0 12
512 1239 0 7
513 1351 0 122
514 777 0 11
515 391 0 8
516 1875 0 24
517 840 0 19
518 322 0 29
519 520 0 3
520 3296 0 11
521 1980 0 122
522 753 1 0
523 3225 0 7
524 3 0 10
525 1950 0 18
526 1872 0 11
527 3285 0 48
528 982 0 72
529 1551 0 9
530 12901 0 71
531 6488 1 0
532 2943 0 24
533 1973 0 10
534 13007 0 9
535 1383 0 78
536 987 0 41
537 12774 0 18
538 495 0 10
539 2915 0 19
540 1142 0 9
541 181 0 104
542 2202 0 22
543 738 0 219
544 1538 0 27
545 12809 0 9
546 1175 0 130
547 703 0 30
548 6215 0 9
549 2290 0 53
550 465 0 10
551 2859 0 8
552 4805 0 54
553 1343 0 9
554 311 0 9
555 2268 0 11
556 1912 0 171
557 1976 0 8
558 1583 0 10
559 618 0 10
560 1142 0 8
561 2636 1 29
562 648 0 10
563 1377 0 16
564 1862 0 9
565 1058 0 78
566 1191 0 39
567 1092 0 6
568 2672 0 12
569 3178 0 10
570 778 0 11
571 1017 0 12
572 2375 0 11
573 3258 0 222
574 1519 0 141
575 776 0 7
576 848 0 12
577 7315 0 10
578 1253 0 10
579 171 0 40
580 1351 0 18
581 1165 0 8
582 408 1 473
583 874 0 9
584 1212 0 8
585 1042 0 119
586 1148 0 3
587 17323 0 28
588 7476 0 8
589 1869 0 12
590 4128 0 18
591 2316 0 7
592 621 0 7
593 1006 0 7
594 2439 0 8
595 416 0 72
596 2575 0 9
597 1429 0 12
598 867 1 477
599 998 0 11
600 1191 0 11
601 5070 0 9
602 931 0 23
603 1202 0 51
604 2431 0 10
605 3192 0 98
606 713 0 29
607 3202 0 9
608 492 0 11
609 1353 0 18
610 1069 0 19
611 551 0 35
612 3173 0 11
613 2697 0 11
614 1465 0 37

8 1 962
97
615 1518 0 13
616 926 0 10
617 1116 0 11
618 1261 0 12
619 3094 0 78
620 1395 0 52
621 1949 0 96
622 1408 0 9
623 1538 1 16
624 198 0 18
625 797 0 14
626 5057 0 40
627 486 1 0
628 2668 0 68
629 1179 0 33
630 833 0 32
631 2589 0 14
632 2124 0 87
633 2848 0 19
634 1973 0 13
635 2071 0 56
636 3191 0 9
637 3593 0 11
638 1403 0 20
639 2686 0 10
640 2881 0 255
641 3200 0 9
642 538 0 7
643 174 0 52
644 13543 0 29
645 1318 0 430
646 933 0 68
647 502 0 49
648 2677 1 0
649 1033 0 7
650 11489 0 129
651 283 0 11
652 1530 0 30
653 1333 1 0
654 1612 0 8
655 738 0 9
656 1320 0 21
657 539 0 11
658 9980 0 7
659 5005 0 53
660 165 0 86
661 2823 0 17
662 3282 0 63
663 1621 0 9
664 683 0 124
665 140 0 96
666 192 0 11
667 866 0 29
668 734 0 33
669 1096 0 22
670 6453 0 12
671 1025 0 9
672 1538 0 482
673 1219 0 14
674 446 0 8
675 594 0 7
676 2546 0 13
677 1425 0 7
678 989 0 103
679 2160 0 0
680 956 0 13
681 733 0 29
682 5 0 315
683 2072 0 73
684 1530 0 72
685 1369 0 186
686 604 0 48
687 6372 0 10
688 5026 0 14
689 2786 0 65
690 2860 0 13
691 791 0 7
692 1062 0 10
693 1511 0 11
694 1530 0 37
695 1257 0 8
696 7342 0 7
697 5 0 10
698 353 0 12
699 1519 0 10
700 5010 0 21
701 3166 0 11
702 1518 0 168
703 980 0 47
704 1237 0 11
705 1195 0 92
706 1966 0 149
707 2590 0 41
708 617 0 8
709 442 0 18
710 579 0 11
711 13018 0 25

9 0 1000
5
712 3673 0 8
713 1288 0 221
714 1966 0 9
715 1376 0 74
716 597 0 8

10 0 1440
185
717 1169 0 70
718 3547 0 11
719 1523 0 93
720 12624 0 14
721 2044 0 69
722 2437 0 11
723 850 0 7
724 2651 0 39
725 2948 0 15
726 5931 0 13
727 545 0 16
728 2740 0 11
729 1266 0 15
730 884 0 9
731 1668 0 14
732 1293 0 52
733 785 0 8
734 1740 0 18
735 12901 0 71
736 3289 0 12
737 782 0 5
738 1732 0 46
739 7540 0 155
740 12701 0 54
741 7048 0 29
742 838 0 8
743 2937 0 12
744 1657 0 11
745 5958 0 143
746 3397 0 12
747 16673 0 8
748 989 0 95
749 1620 0 18
750 1234 0 9
751 1287 0 9
752 1648 0 6
753 14920 0 91
754 1079 0 9
755 1320 0 11
756 608 0 24
757 2623 0 25
758 1288 0 33
759 1499 0 23
760 518 0 192
761 1945 0 8
762 5053 0 73
763 321 0 10
764 3173 0 8
765 434 0 82
766 1429 0 10
767 2892 0 11
768 5135 0 280
769 407 0 32
770 6685 0 8
771 3358 0 10
772 2917 0 17
773 586 0 18
774 2069 0 76
775 192 0 10
776 6527 1 29
777 3508 0 7
778 636 0 13
779 2363 0 119
780 916 0 14
781 936 0 11
782 2117 0 9
783 507 0 57
784 2120 0 8
785 698 0 86
786 5062 0 145
787 1425 0 10
788 1339 0 14
789 3274 0 39
790 352 0 6
791 534 0 11
792 734 0 7
793 324 0 10
794 409 0 342
795 1978 0 6
796 1509 0 8
797 869 0 349
798 442 0 19
799 2861 0 13
800 1391 0 27
801 2235 0 11
802 640 0 75
803 8652 0 148
804 1965 0 9
805 799 0 163
806 2836 0 38
807 1099 0 72
808 1511 0 3
809 194 0 11
810 3770 0 7
811 2541 0 65
812 1304 0 69
813 2725 0 18
814 1153 0 7
815 741 0 39
816 5054 0 92
817 1186 0 27
818 218 0 10
819 497 0 34
820 1965 0 11
821 401 0 7
822 3279 0 12
823 3369 1 18
824 2564 0 11
825 1320 0 24
826 13154 0 42
827 3913 0 165
828 1060 0 16
829 1529 0 128
830 5759 0 8
831 7968 0 99
832 709 0 11
833 8165 0 26
834 1158 0 11
835 1419 0 13
836 3315 0 66
837 414 0 13
838 11614 0 162
839 3254 0 98
840 507 0 13
841 1256 0 20
842 1415 0 13
843 449 0 27
844 664 0 3
845 3242 0 11
846 1424 0 33
847 490 0 11
848 2073 0 22
849 904 0 73
850 1312 0 7
851 198 0 9
852 1013 0 12
853 1031 0 53
854 869 0 29
855 3763 0 96
856 428 0 7
857 2843 0 27
858 1826 0 7
859 1734 0 24
860 3605 0 9
861 2382 0 16
862 408 0 11
863 2078 0 14
864 1518 0 8
865 412 0 7
866 1368 0 2
867 3237 0 143
868 3187 0 318
869 5067 0 24
870 6043 0 7
871 881 0 6
872 1961 0 10
873 944 0 21
874 1464 0 15
875 251 0 70
876 1511 0 7
877 3278 0 12
878 1271 0 13
879 1052 0 11
880 169 0 11
881 783 0 36
882 3173 0 13
883 1139 0 853
884 1103 0 17
885 2533 0 59
886 5098 0 111
887 779 0 10
888 3066 1 595
889 621 0 11
890 1655 0 29
891 435 0 9
892 691 0 43
893 361 0 11
894 192 0 7
895 5134 0 92
896 2447 0 45
897 1033 0 13
898 906 0 13
899 401 0 38
900 2347 0 12
901 2883 0 12

11 1 1452
132
902 2347 0 8
903 617 0 15
904 1620 0 25
905 839 0 251
906 1299 0 11
907 3020 0 14
908 2340 0 12
909 822 1 201
910 793 0 15
911 1430 0 11
912 5034 0 9
913 1237 0 11
914 990 0 27
915 7050 0 13
916 1982 0 9
917 796 0 11
918 1104 0 8
919 252 0 19
920 1306 0 13
921 1018 0 151
922 3303 0 42
923 299 0 13
924 389 0 8
925 7296 0 179
926 2906 0 6
927 3367 0 8
928 1279 0 7
929 1270 0 144
930 1976 0 170
931 1400 0 13
932 2266 0 78
933 157 0 12
934 6015 0 33
935 1046 0 8
936 192 0 826
937 1272 0 9
938 774 0 42
939 1161 0 6
940 2889 0 11
941 3228 0 10
942 1048 0 18
943 558 0 13
944 1189 0 10
945 5122 0 255
946 812 0 81
947 839 0 278
948 1283 0 25
949 196 0 15
950 178 0 109
951 1317 0 11
952 2889 0 74
953 879 0 7
954 1142 0 12
955 1769 0 10
956 2243 0 54
957 5869 0 10
958 3798 0 18
959 421 0 168
960 599 0 7
961 3185 0 19
962 2246 0 52
963 767 0 12
964 2943 0 15
965 1341 0 39
966 8112 0 12
967 2920 0 13
968 1142 0 8
969 1291 0 219
970 1225 0 89
971 1382 0 18
972 959 0 17
973 12460 0 20
974 1037 0 18
975 12931 0 40
976 1832 0 73
977 1948 0 42
978 1424 0 11
979 2492 0 14
980 2704 0 31
981 5011 0 144
982 583 0 32
983 1513 0 7
984 2280 0 9
985 3281 0 8
986 2092 0 59
987 1960 0 60
988 1504 0 24
989 2164 0 9
990 2117 0 12
991 330 0 28
992 468 1 266
993 889 0 110
994 3311 0 37
995 1009 0 30
996 2416 0 11
997 718 0 384
998 442 1 40
999 917 0 10
1000 688 0 11
1001 632 0 16
1002 873 0 27
1003 416 0 10
1004 1076 0 40
1005 7555 0 12
1006 2297 0 132
1007 2484 0 22
1008 11094 0 12
1009 1181 0 14
1010 821 0 38
1011 316 0 7
1012 3368 0 8
1013 634 0 10
1014 167 0 7
1015 843 0 172
1016 1986 0 11
1017 8898 0 80
1018 8907 0 178
1019 1424 0 11
1020 946 0 617
1021 1015 0 24
1022 7285 0 13
1023 1428 0 89
1024 2465 0 11
1025 1794 0 23
1026 895 0 25
1027 1320 0 8
1028 7849 0 18
1029 1305 0 12
1030 1168 0 14
1031 1597 0 7
1032 1075 0 20
1033 1424 0 14

12 1 1456
2
1034 542 0 37
1035 1186 0 8

13 1 1466
6
1036 1367 0 145
1037 747 0 111
1038 164 0 79
1039 1100 0 10
1040 1379 0 38
1041 660 0 27

14 1 1466
155
1042 1807 0 37
1043 438 0 37
1044 227 0 12
1045 205 0 20
1046 1861 0 45
1047 3364 0 30
1048 1197 0 19
1049 3404 0 36
1050 1599 0 38
1051 1904 0 10
1052 1007 1 0
1053 1178 0 176
1054 2148 0 229
1055 1654 0 28
1056 725 0 107
1057 1985 0 11
1058 984 0 11
1059 3023 0 24
1060 891 0 9
1061 3245 0 8
1062 809 0 11
1063 2130 0 8
1064 7663 0 14
1065 880 0 20
1066 3344 0 20
1067 1030 1 0
1068 1351 0 29
1069 11798 0 13
1070 2926 0 13
1071 1039 0 6
1072 1106 0 13
1073 989 0 7
1074 6486 0 40
1075 2243 1 477
1076 9067 0 41
1077 1417 0 10
1078 562 0 46
1079 1040 0 53
1080 274 0 10
1081 467 0 69
1082 1804 0 9
1083 1580 0 157
1084 7342 0 32
1085 5013 0 8
1086 1237 0 10
1087 1644 1 28
1088 2899 0 13
1089 2957 0 12
1090 1990 0 171
1091 1680 0 9
1092 916 0 14
1093 620 0 11
1094 1327 1 0
1095 1837 0 15
1096 544 0 7
1097 1140 0 45
1098 588 0 12
1099 764 0 37
1100 2063 0 41
1101 607 0 12
1102 1123 0 26
1103 1226 0 8
1104 3376 0 11
1105 875 0 151
1106 3208 0 32
1107 9 0 31
1108 789 0 10
1109 1051 0 10
1110 1096 0 11
1111 1534 0 12
1112 740 0 18
1113 393 0 8
1114 1594 0 13
1115 5114 0 17
1116 1014 0 134
1117 507 1 27
1118 1513 0 69
1119 793 0 304
1120 1414 0 41
1121 175 1 301
1122 620 0 26
1123 731 0 10
1124 1264 0 9
1125 438 0 83
1126 12397 0 11
1127 193 0 39
1128 2223 0 10
1129 16700 0 8
1130 568 0 18
1131 5053 0 143
1132 1530 0 60
1133 1018 1 61
1134 1779 0 39
1135 3247 0 11
1136 5102 0 9
1137 452 0 8
1138 1828 0 11
1139 1162 0 64
1140 1326 0 10
1141 672 1 0
1142 276 0 617
1143 2383 0 17
1144 469 0 53
1145 478 0 11
1146 1588 0 19
1147 280 0 23
1148 794 0 25
1149 195 0 37
1150 821 0 179
1151 755 0 10
1152 50 0 15
1153 989 0 37
1154 1182 0 32
1155 646 0 79
1156 3 0 9
1157 2433 0 10
1158 3308 0 22
1159 532 0 18
1160 1155 0 11
1161 900 0 175
1162 1809 0 90
1163 925 0 28
1164 2181 0 11
1165 542 0 21
1166 3361 0 9
1167 956 0 11
1168 403 0 104
1169 1153 1 82
1170 3353 0 19
1171 165 0 39
1172 2517 0 12
1173 362 0 108
1174 2967 0 13
1175 7278 0 26
1176 3049 0 21
1177 2468 0 13
1178 2341 0 13
1179 1983 0 12
1180 1901 0 9
1181 733 0 29
1182 1199 0 20
1183 1519 0 144
1184 771 0 7
1185 3376 0 8
1186 388 0 233
1187 1150 0 11
1188 483 0 29
1189 2859 0 185
1190 1941 0 221
1191 1944 0 35
1192 2229 0 41
1193 1135 0 10
1194 3371 1 317
1195 2769 0 45
1196 6143 0 11

15 1 1468
2
1197 1178 0 21
1198 1006 0 20

16 1 1480
155
1199 7333 0 34
1200 659 0 20
1201 5054 0 8
1202 1612 0 13
1203 1127 0 618
1204 7927 0 10
1205 844 0 98
1206 565 1 0
1207 1279 0 13
1208 185 0 145
1209 8915 0 10
1210 7471 0 10
1211 182 0 22
1212 775 0 13
1213 1170 0 9
1214 260 1 26
1215 1117 0 72
1216 686 0 10
1217 12480 0 7
1218 2826 0 16
1219 2547 0 7
1220 920 0 12
1221 1013 0 10
1222 1252 0 109
1223 383 0 13
1224 1080 0 7
1225 5968 1 0
1226 2872 0 48
1227 331 0 71
1228 1130 0 39
1229 231 0 14
1230 1798 0 11
1231 2830 0 79
1232 2906 0 54
1233 942 0 11
1234 2945 0 73
1235 1867 0 129
1236 2909 0 15
1237 9978 0 10
1238 2806 0 14
1239 3256 0 11
1240 867 1 567
1241 1984 0 61
1242 1946 0 12
1243 765 0 13
1244 7474 0 9
1245 1522 0 128
1246 2125 0 8
1247 2168 0 9
1248 1124 0 12
1249 783 0 71
1250 1402 0 12
1251 1946 0 8
1252 705 0 8
1253 185 0 79
1254 410 0 29
1255 815 0 14
1256 2920 0 12
1257 1169 0 25
1258 228 0 9
1259 606 0 13
1260 1257 0 10
1261 288 0 11
1262 490 0 104
1263 5018 0 36
1264 2815 0 10
1265 1518 0 12
1266 1299 0 149
1267 1727 0 34
1268 989 0 25
1269 9363 1 16
1270 1320 0 8
1271 12419 0 35
1272 1355 0 7
1273 2896 0 71
1274 1298 0 13
1275 1342 0 8
1276 478 0 15
1277 138 0 8
1278 1499 0 13
1279 1277 0 39
1280 11604 0 11
1281 5160 0 6
1282 1178 0 24
1283 2909 0 9
1284 598 0 320
1285 378 0 91
1286 2003 0 12
1287 929 0 13
1288 4004 0 54
1289 829 0 37
1290 1534 0 19
1291 7432 0 8
1292 1147 0 23
1293 16858 0 22
1294 3119 0 11
1295 673 0 16
1296 1378 0 9
1297 942 0 14
1298 1526 0 70
1299 3200 0 76
1300 1310 0 7
1301 1296 0 11
1302 1238 0 23
1303 1696 0 140
1304 3278 0 142
1305 851 0 9
1306 29 0 31
1307 2821 0 8
1308 2842 0 11
1309 1942 0 10
1310 1959 0 12
1311 1384 0 11
1312 168 0 14
1313 1522 0 25
1314 3012 0 896
1315 1201 0 13
1316 15874 0 33
1317 1528 0 15
1318 912 0 9
1319 1986 0 220
1320 169 0 37
1321 700 0 41
1322 988 0 20
1323 2257 0 41
1324 193 0 12
1325 359 0 34
1326 19 0 122
1327 364 0 14
1328 2045 0 16
1329 554 0 68
1330 1552 0 42
1331 410 0 27
1332 6155 0 14
1333 2867 0 176
1334 3171 0 10
1335 1005 0 25
1336 682 0 63
1337 989 0 7
1338 324 0 11
1339 869 0 7
1340 6256 0 19
1341 2257 0 165
1342 690 0 49
1343 227 0 6
1344 687 0 16
1345 3911 0 9
1346 920 0 13
1347 7146 0 11
1348 5860 0 34
1349 1914 0 26
1350 7498 1 0
1351 410 0 21
1352 1756 0 13
1353 2829 0 39

17 0 1487
52
1354 970 0 9
1355 3373 0 99
1356 5063 0 70
1357 1219 0 16
1358 1942 0 21
1359 2357 0 9
1360 3260 0 13
1361 4539 0 13
1362 1510 0 138
1363 6733 0 20
1364 2852 0 72
1365 669 0 11
1366 1987 0 36
1367 1989 0 113
1368 721 0 36
1369 302 0 70
1370 2949 0 70
1371 2959 0 7
1372 472 0 37
1373 890 0 13
1374 917 0 13
1375 2606 0 17
1376 1742 0 112
1377 1132 0 25
1378 1471 0 10
1379 3353 0 38
1380 18 0 8
1381 891 0 13
1382 3276 0 19
1383 558 0 42
1384 989 0 12
1385 784 0 10
1386 488 0 78
1387 1679 1 16
1388 13064 0 13
1389 1387 0 11
1390 317 0 6
1391 957 0 12
1392 623 0 10
1393 461 0 32
1394 1431 0 42
1395 3299 0 17
1396 1072 0 11
1397 1635 0 11
1398 2918 0 83
1399 1582 0 8
1400 960 0 109
1401 707 0 8
1402 378 0 171
1403 693 0 33
1404 272 0 40
1405 550 0 8

18 1 1490
6
1406 509 1 47
1407 1946 0 80
1408 3184 0 25
1409 1366 0 305
1410 7950 0 40
1411 3204 0 12

19 1 1498
208
1412 1427 0 29
1413 608 0 10
1414 1347 0 103
1415 424 0 18
1416 592 0 27
1417 1937 0 70
1418 9312 0 10
1419 171 0 140
1420 1245 0 13
1421 469 0 8
1422 2206 0 33
1423 3241 0 13
1424 5119 0 33
1425 454 0 79
1426 692 0 273
1427 395 0 73
1428 1261 0 41
1429 3019 0 30
1430 2617 0 80
1431 2605 0 10
1432 129 0 10
1433 1355 0 9
1434 1632 0 9
1435 3670 0 11
1436 912 0 11
1437 639 0 7
1438 193 0 10
1439 2797 0 148
1440 1585 0 69
1441 983 0 11
1442 1378 0 7
1443 3379 0 11
1444 5084 0 9
1445 647 0 12
1446 1421 0 29
1447 432 0 138
1448 3152 0 38
1449 2891 0 9
1450 1538 0 28
1451 665 0 45
1452 1528 0 34
1453 1753 0 8
1454 1967 0 29
1455 93 0 26
1456 1411 0 255
1457 2918 0 7
1458 3218 0 312
1459 1538 0 8
1460 2617 1 30
1461 569 0 15
1462 5090 0 10
1463 455 0 10
1464 9488 0 134
1465 3683 0 13
1466 1063 0 16
1467 1415 0 13
1468 447 0 141
1469 3273 1 46
1470 1298 0 7
1471 2911 0 79
1472 3226 0 40
1473 2231 0 11
1474 544 0 109
1475 3201 0 617
1476 801 1 140
1477 7 1 0
1478 1058 0 41
1479 248 0 9
1480 3712 0 84
1481 991 0 8
1482 1373 0 23
1483 1513 0 9
1484 1977 0 26
1485 552 0 77
1486 5948 0 9
1487 3220 0 94
1488 6460 0 11
1489 2862 0 12
1490 596 0 13
1491 1249 0 13
1492 1177 0 13
1493 5112 0 38
1494 3326 0 130
1495 725 0 17
1496 747 0 13
1497 2551 1 0
1498 1986 0 15
1499 1927 0 13
1500 390 0 12
1501 2479 0 8
1502 1100 0 70
1503 429 0 11
1504 724 0 14
1505 971 0 30
1506 1079 0 8
1507 1311 0 32
1508 897 0 8
1509 572 0 20
1510 642 1 0
1511 595 0 48
1512 1428 0 7
1513 176 0 11
1514 1745 0 40
1515 2112 0 18
1516 478 0 13
1517 748 0 36
1518 593 0 43
1519 5155 0 75
1520 3184 0 11
1521 1074 0 67
1522 764 0 13
1523 756 0 78
1524 1179 0 13
1525 215 0 48
1526 875 0 5
1527 336 0 35
1528 8122 0 26
1529 946 0 42
1530 1123 1 0
1531 7549 0 82
1532 2575 0 21
1533 5144 0 20
1534 1431 0 59
1535 9366 0 10
1536 607 0 11
1537 536 0 19
1538 3270 0 7
1539 668 1 25
1540 1208 0 11
1541 1116 0 9
1542 306 0 23
1543 330 0 25
1544 2257 0 8
1545 2393 1 13
1546 183 0 28
1547 592 1 9
1548 1300 0 41
1549 1186 1 96
1550 548 0 13
1551 2496 0 11
1552 6898 0 24
1553 2688 0 8
1554 1988 0 13
1555 917 0 107
1556 1496 1 0
1557 1391 0 1
1558 1864 0 12
1559 251 0 71
1560 3307 0 10
1561 1943 0 10
1562 1513 0 17
1563 4033 0 173
1564 682 0 72
1565 736 0 6
1566 1196 0 11
1567 599 0 49
1568 1811 0 10
1569 1870 0 13
1570 791 0 92
1571 2496 0 10
1572 3205 0 73
1573 8621 0 10
1574 517 0 10
1575 1251 0 20
1576 3723 0 41
1577 1286 0 12
1578 1057 0 11
1579 993 0 19
1580 742 0 81
1581 1731 0 14
1582 1248 1 0
1583 1959 0 6
1584 6113 0 27
1585 1408 0 13
1586 1986 0 18
1587 1523 0 11
1588 1392 0 8
1589 7309 0 97
1590 1172 0 10
1591 2594 0 15
1592 852 0 67
1593 412 0 11
1594 372 0 41
1595 5073 0 68
1596 3308 0 111
1597 1303 0 110
1598 1772 0 11
1599 2826 1 101
1600 1401 0 16
1601 782 0 87
1602 1523 0 10
1603 923 0 8
1604 823 0 34
1605 468 0 9
1606 446 0 29
1607 1142 0 17
1608 9488 0 48
1609 1942 0 318
1610 462 0 49
1611 1976 0 14
1612 6961 0 8
1613 1301 0 113
1614 558 0 21
1615 3156 0 363
1616 1336 0 134
1617 13003 0 11
1618 1536 0 12
1619 871 0 19

