20

0 1 259
5
0 862 0 72
1 5119 0 13
2 575 0 392
3 1326 0 6
4 3225 0 7

1 1 524
20
5 307 0 18
6 1140 0 75
7 7494 0 26
8 416 0 12
9 1002 0 7
10 416 0 7
11 1903 1 91
12 1250 0 7
13 3378 0 93
14 550 0 199
15 1005 0 429
16 2216 0 11
17 989 0 5
18 505 0 24
19 984 0 12
20 3366 0 10
21 469 0 29
22 2619 0 77
23 1988 0 11
24 1179 1 265

2 1 674
25
25 619 0 8
26 705 0 170
27 3503 0 11
28 748 0 8
29 6198 0 15
30 1284 1 0
31 779 0 16
32 477 0 10
33 687 0 33
34 489 0 28
35 1084 0 13
36 541 0 6
37 4180 0 109
38 3187 0 70
39 1413 0 9
40 5125 0 9
41 1332 0 11
42 22 0 19
43 411 0 46
44 1951 0 73
45 896 0 11
46 685 0 12
47 896 0 68
48 12628 0 9
49 1415 0 11

3 1 677
2
50 1875 0 21
51 868 0 12

4 1 962
25
52 1715 0 11
53 1516 1 0
54 17470 0 60
55 1034 0 8
56 6361 0 11
57 800 0 12
58 1473 0 11
59 1760 0 104
60 3226 0 7
61 6568 0 10
62 1040 0 142
63 1538 0 13
64 1025 0 18
65 2823 0 32
66 1945 0 9
67 507 1 0
68 847 0 9
69 913 0 17
70 1973 0 37
71 2292 0 15
72 851 0 134
73 1129 0 16
74 939 0 8
75 175 0 144
76 695 0 17

5 0 985
132
77 1170 0 39
78 3349 0 11
79 16433 0 22
80 7509 0 41
81 3188 0 23
82 225 0 141
83 200 0 8
84 2910 0 138
85 2902 0 40
86 845 0 13
87 553 0 11
88 645 0 148
89 1992 0 76
90 353 0 12
91 646 0 38
92 3355 1 217
93 2211 0 6
94 2795 0 39
95 1315 0 12
96 570 0 76
97 1192 0 8
98 3143 0 48
99 1337 0 8
100 6951 0 11
101 2442 0 51
102 3359 0 1
103 724 0 380
104 401 0 238
105 641 0 7
106 6772 0 10
107 3370 0 38
108 1370 0 15
109 1533 0 12
110 1896 0 9
111 3323 0 11
112 932 0 17
113 1310 0 9
114 2450 0 19
115 2006 0 107
116 1084 0 53
117 1024 0 11
118 477 1 0
119 4993 0 7
120 1219 0 11
121 5931 0 82
122 5958 0 148
123 2290 0 17
124 449 0 36
125 481 0 13
126 3324 0 75
127 878 0 12
128 782 0 13
129 2814 0 171
130 995 0 16
131 417 0 11
132 498 0 13
133 699 0 11
134 848 0 17
135 757 0 46
136 1537 0 12
137 823 0 103
138 12410 0 9
139 3226 0 12
140 2546 0 8
141 1180 0 16
142 166 0 222
143 301 0 75
144 1971 0 9
145 465 0 13
146 397 0 9
147 1215 0 46
148 981 0 35
149 2174 0 10
150 12604 0 9
151 858 0 8
152 2697 1 0
153 1956 0 72
154 3251 0 13
155 1342 0 10
156 542 0 311
157 305 0 12
158 1421 0 10
159 5026 0 9
160 370 0 12
161 8839 0 31
162 2838 0 8
163 1069 0 30
164 706 0 18
165 1909 0 81
166 1645 0 129
167 1959 0 17
168 12901 0 11
169 320 0 10
170 391 0 58
171 1940 0 9
172 1278 0 10
173 988 0 9
174 627 0 36
175 2144 0 40
176 2338 0 13
177 2797 0 10
178 1267 0 129
179 1290 0 10
180 858 0 5
181 1513 0 0
182 3262 0 152
183 137 0 127
184 286 0 10
185 174 0 33
186 1521 0 45
187 9984 0 8
188 1418 0 290
189 328 0 11
190 1227 0 40
191 1223 0 30
192 916 0 8
193 224 0 11
194 1381 0 23
195 2933 0 7
196 3015 0 26
197 16096 0 15
198 1305 0 148
199 1325 0 72
200 12571 0 276
201 2612 0 45
202 857 0 24
203 1212 0 283
204 1981 0 66
205 2846 0 12
206 5071 0 5
207 944 0 19
208 2588 0 10

6 1 997
25
209 1366 0 21
210 3551 0 167
211 1300 0 10
212 1148 0 13
213 714 0 18
214 1472 0 54
215 2435 0 8
216 2459 0 13
217 919 0 14
218 908 0 52
219 3344 0 9
220 1223 0 10
221 6951 0 13
222 1478 0 60
223 590 0 68
224 1035 0 22
225 222 0 9
226 1981 0 23
227 3200 0 11
228 11794 0 39
229 437 0 14
230 1351 0 37
231 3689 0 39
232 5044 0 53
233 2832 0 12

7 0 1444
4
234 1522 0 44
235 2518 0 19
236 3650 0 27
237 3268 0 13

8 0 1447
25
238 1376 0 32
239 2100 0 11
240 2172 1 71
241 1638 1 0
242 1504 0 19
243 187 0 8
244 1516 0 12
245 196 0 11
246 1409 0 193
247 891 0 9
248 16689 0 14
249 3716 0 9
250 1079 0 8
251 3206 0 264
252 1511 0 9
253 9981 0 24
254 3358 0 8
255 2815 0 41
256 2954 0 8
257 10685 0 11
258 1269 0 10
259 793 0 11
260 262 0 8
261 1187 0 24
262 773 0 103

9 1 1449
117
263 3172 0 35
264 1056 0 15
265 1307 0 72
266 1273 0 9
267 3219 0 43
268 1455 0 10
269 3277 0 57
270 1086 0 10
271 757 0 29
272 1506 0 7
273 400 0 40
274 2612 1 30
275 3874 0 9
276 423 0 40
277 1950 0 19
278 8829 0 10
279 1089 0 208
280 1195 0 42
281 185 0 11
282 2590 0 9
283 2949 0 14
284 2240 0 127
285 1589 0 6
286 3218 0 7
287 2619 0 11
288 1349 0 45
289 1004 0 30
290 1602 0 7
291 1729 0 11
292 16097 0 103
293 1305 0 20
294 2340 0 10
295 2743 0 11
296 409 0 62
297 306 0 10
298 1978 0 11
299 1522 0 343
300 976 0 28
301 893 0 28
302 1145 0 10
303 1852 0 87
304 5149 0 88
305 1808 0 50
306 3379 0 11
307 246 0 10
308 300 0 13
309 6520 0 21
310 1031 0 56
311 1220 0 114
312 866 0 10
313 2396 0 44
314 1419 0 27
315 3376 0 12
316 627 1 12
317 3412 0 8
318 745 0 38
319 394 0 30
320 3220 0 15
321 1495 0 12
322 1391 0 99
323 1036 0 56
324 5139 0 11
325 3186 0 8
326 5143 1 0
327 2579 0 25
328 6212 0 14
329 5138 1 30
330 5427 0 7
331 1773 0 19
332 1105 0 7
333 961 0 95
334 5141 0 10
335 759 0 17
336 3928 0 45
337 2955 0 13
338 1956 0 15
339 987 0 8
340 754 0 12
341 1522 0 205
342 1061 0 28
343 1963 0 10
344 913 0 20
345 519 0 9
346 1921 0 7
347 1110 0 19
348 207 0 18
349 1815 1 0
350 1240 0 6
351 827 0 7
352 448 0 50
353 647 0 24
354 2951 0 11
355 1514 0 99
356 1043 0 13
357 1822 0 9
358 1228 0 29
359 1795 0 32
360 1378 0 74
361 745 0 11
362 9982 0 12
363 493 0 9
364 2934 0 263
365 2837 0 8
366 940 0 110
367 1375 0 134
368 881 0 6
369 1141 0 37
370 1355 1 48
371 1692 0 10
372 1024 0 42
373 698 0 64
374 1424 1 0
375 2862 0 8
376 2581 0 63
377 5758 0 12
378 1299 0 13
379 1892 0 19

10 0 1456
176
380 1236 0 10
381 163 0 11
382 754 0 8
383 581 0 7
384 2063 0 56
385 3609 0 8
386 1872 0 106
387 204 0 13
388 2498 0 35
389 1427 0 19
390 1271 0 27
391 1772 0 7
392 1780 0 67
393 242 0 46
394 4800 0 13
395 1159 0 9
396 1161 0 37
397 3337 0 92
398 1042 0 53
399 230 0 9
400 733 0 12
401 1032 0 43
402 1976 0 11
403 5753 0 23
404 932 0 12
405 1666 0 12
406 3363 0 11
407 1957 0 158
408 1071 0 11
409 3708 0 29
410 942 0 8
411 2900 0 40
412 2061 0 13
413 729 1 0
414 1412 0 15
415 6218 0 33
416 771 0 11
417 923 0 19
418 1020 0 8
419 1057 1 26
420 5125 1 503
421 3177 0 260
422 903 0 12
423 1407 0 285
424 334 0 21
425 3378 1 81
426 2936 0 13
427 3203 0 40
428 1124 0 14
429 3387 0 7
430 1593 0 10
431 3355 0 905
432 3197 0 19
433 2104 0 11
434 2882 0 11
435 2333 0 27
436 995 0 16
437 1946 0 7
438 2088 0 29
439 12766 0 13
440 1205 0 94
441 197 0 56
442 3078 0 262
443 16098 0 40
444 1280 0 37
445 12637 0 8
446 1840 0 10
447 1956 0 9
448 1992 0 83
449 507 0 26
450 1187 0 42
451 181 0 42
452 1155 0 11
453 702 0 197
454 1523 0 7
455 3097 0 12
456 1169 0 10
457 1025 0 9
458 5664 0 149
459 507 0 63
460 926 0 12
461 1462 0 39
462 1587 0 7
463 3550 0 7
464 5036 0 8
465 2077 0 15
466 183 0 11
467 971 0 10
468 6846 0 16
469 3329 0 8
470 1513 1 0
471 756 0 88
472 3363 0 9
473 5054 1 15
474 8189 0 34
475 1405 0 12
476 1538 0 11
477 1969 0 13
478 1515 0 8
479 1055 0 13
480 942 0 208
481 1935 0 11
482 1888 1 596
483 1277 0 12
484 2181 0 37
485 535 1 400
486 9316 0 207
487 1521 0 12
488 9643 0 12
489 523 0 8
490 1191 0 19
491 3085 0 144
492 2101 0 45
493 838 0 10
494 180 0 7
495 3358 0 67
496 1884 0 18
497 894 0 11
498 2290 0 9
499 1513 0 33
500 674 0 29
501 404 0 71
502 1513 0 78
503 2359 0 71
504 1502 0 0
505 619 0 12
506 197 0 11
507 551 0 9
508 2892 0 18
509 1103 0 40
510 6206 0 21
511 948 0 10
512 2143 0 12
513 960 0 20
514 1019 0 13
515 1880 0 7
516 1118 0 13
517 1976 1 204
518 1513 0 33
519 7272 0 79
520 1345 0 10
521 7050 0 7
522 714 0 29
523 1246 0 101
524 1455 0 38
525 11610 0 8
526 1204 0 75
527 15986 0 18
528 1250 0 7
529 1003 0 9
530 304 0 7
531 718 0 13
532 1213 0 118
533 1024 0 7
534 233 0 7
535 1191 0 27
536 3308 0 19
537 1244 0 221
538 2374 0 142
539 2922 0 67
540 857 0 436
541 844 0 87
542 1017 0 11
543 1789 0 11
544 2035 0 165
545 1989 0 12
546 2541 0 7
547 7 0 14
548 2954 0 82
549 11513 0 73
550 265 0 61
551 2944 0 129
552 1053 0 406
553 2608 0 15
554 1261 0 54
555 1138 0 12

11 0 1460
9
556 986 0 42
557 1103 0 66
558 11610 0 37
559 450 0 14
560 1526 0 14
561 527 0 24
562 2954 0 0
563 1310 0 34
564 1083 0 8

12 1 1460
22
565 826 0 6
566 1948 0 11
567 2167 0 42
568 984 0 36
569 1518 0 8
570 1340 0 13
571 573 0 8
572 1504 0 62
573 294 1 207
574 1190 1 0
575 1102 0 24
576 5013 0 13
577 1830 0 6
578 1132 0 20
579 5758 0 9
580 3781 0 13
581 3345 0 12
582 1101 0 8
583 571 1 75
584 1312 0 10
585 2078 0 11
586 2840 0 15

13 1 1460
74
587 2471 0 11
588 1787 0 307
589 1620 1 96
590 332 0 12
591 1336 0 103
592 1889 0 64
593 989 0 39
594 3178 0 11
595 528 0 9
596 922 0 50
597 1861 0 7
598 1335 0 10
599 631 0 86
600 975 0 30
601 1975 0 38
602 989 0 28
603 1536 0 15
604 2541 0 8
605 1984 0 13
606 2870 0 21
607 658 0 11
608 2899 0 10
609 5789 0 30
610 3330 1 457
611 2116 0 7
612 3628 0 8
613 1178 0 227
614 336 0 8
615 1654 0 9
616 2750 0 24
617 1741 0 69
618 818 0 23
619 247 0 13
620 2852 1 595
621 2845 0 165
622 550 0 9
623 2129 0 11
624 656 0 2
625 2173 0 14
626 2321 0 11
627 2953 0 33
628 9127 0 168
629 1538 0 315
630 867 0 8
631 3348 1 515
632 3797 0 33
633 2836 0 10
634 1203 1 0
635 1415 0 31
636 339 0 181
637 189 0 36
638 3375 0 12
639 2374 0 7
640 1961 0 11
641 1947 0 10
642 1366 0 103
643 347 0 27
644 711 0 19
645 1160 0 43
646 1984 1 11
647 1373 0 13
648 731 0 8
649 12559 0 65
650 609 0 9
651 1332 0 20
652 1350 0 8
653 16033 0 15
654 1108 0 13
655 1380 0 19
656 1291 0 11
657 989 0 9
658 6 0 7
659 1092 0 13
660 7615 0 19

14 1 1462
132
661 7404 0 12
662 717 0 10
663 542 0 10
664 2262 0 15
665 5059 0 14
666 538 0 13
667 948 0 27
668 2802 0 16
669 4036 0 226
670 1214 0 8
671 3379 0 42
672 486 0 14
673 2705 0 12
674 1755 0 15
675 1071 0 11
676 351 0 17
677 1954 0 9
678 1139 0 40
679 1252 0 9
680 2254 0 9
681 17146 0 27
682 464 0 27
683 1960 0 144
684 5091 0 167
685 441 0 9
686 315 0 291
687 154 0 75
688 1391 0 74
689 1553 0 9
690 482 0 14
691 1345 0 20
692 5055 0 10
693 1886 0 19
694 7118 0 86
695 543 0 40
696 687 0 79
697 1153 0 10
698 1213 0 16
699 708 0 18
700 16325 0 9
701 14377 0 40
702 989 0 11
703 11996 0 11
704 1946 0 33
705 484 0 7
706 1198 0 9
707 170 0 13
708 3252 0 7
709 1141 0 11
710 3624 0 7
711 629 0 11
712 5023 0 37
713 7403 0 33
714 691 0 21
715 1586 0 19
716 3326 0 11
717 352 0 138
718 786 0 40
719 546 0 16
720 2027 0 67
721 686 0 12
722 1948 0 30
723 822 0 93
724 6508 0 55
725 7032 0 10
726 1379 0 11
727 1869 0 13
728 1226 0 97
729 374 0 52
730 1992 0 16
731 2791 0 19
732 1709 1 0
733 1102 0 9
734 3228 0 184
735 673 0 8
736 609 0 23
737 1992 0 9
738 11604 0 11
739 743 0 146
740 236 0 9
741 1631 0 34
742 709 0 70
743 760 0 126
744 6230 0 38
745 887 0 44
746 2461 0 37
747 7407 0 64
748 2142 0 11
749 672 0 11
750 1328 0 154
751 5129 0 73
752 477 0 12
753 1532 0 67
754 733 0 33
755 556 0 11
756 3203 0 23
757 1596 0 10
758 579 0 141
759 2308 0 13
760 819 0 12
761 1172 0 3
762 3344 0 9
763 1343 0 11
764 1588 0 47
765 1408 0 25
766 2822 0 41
767 975 0 10
768 1628 0 79
769 5005 0 142
770 1556 0 17
771 1283 0 47
772 1523 0 38
773 614 0 11
774 528 0 17
775 13013 0 11
776 2188 0 12
777 3744 0 9
778 139 0 41
779 547 0 7
780 7335 0 8
781 2084 0 22
782 6807 0 16
783 361 0 13
784 906 0 74
785 12697 0 20
786 657 0 29
787 1624 0 152
788 1615 0 16
789 580 0 8
790 7370 0 39
791 7391 1 16
792 770 0 12

15 1 1462
26
793 7583 0 16
794 1601 0 9
795 2440 0 8
796 925 0 12
797 1418 0 9
798 486 0 9
799 843 0 10
800 3136 0 12
801 959 0 236
802 644 0 9
803 3158 0 98
804 5845 0 31
805 2433 0 23
806 628 0 103
807 7391 0 8
808 2868 0 19
809 1730 0 11
810 1397 0 13
811 673 0 11
812 1161 0 8
813 854 0 18
814 518 0 3
815 1419 0 317
816 1961 0 35
817 12570 0 8
818 1959 0 13

16 0 1472
619
819 7558 0 7
820 5050 0 9
821 1486 1 25
822 2032 0 9
823 8886 0 70
824 2471 0 82
825 1211 0 86
826 1036 0 63
827 8758 0 10
828 577 0 13
829 1239 0 39
830 3237 0 14
831 498 0 84
832 740 1 0
833 1442 1 0
834 2225 0 112
835 1525 0 11
836 524 0 166
837 846 0 3
838 3245 0 95
839 1577 0 49
840 377 0 90
841 1971 0 14
842 1167 0 9
843 1208 0 11
844 861 0 70
845 775 0 43
846 1337 0 13
847 948 0 39
848 1324 0 19
849 216 0 43
850 7048 0 84
851 2939 0 14
852 717 0 36
853 1412 0 13
854 12750 0 7
855 1973 0 12
856 3216 0 97
857 5105 0 10
858 576 0 159
859 1528 0 18
860 692 0 88
861 1955 0 33
862 349 0 7
863 1973 0 98
864 1514 0 9
865 171 0 7
866 5087 0 53
867 2881 0 21
868 800 0 23
869 1100 0 26
870 7556 0 15
871 7509 0 9
872 2890 0 10
873 1597 0 23
874 2955 0 8
875 1163 0 29
876 1117 0 12
877 923 0 32
878 1218 0 19
879 1155 0 39
880 557 0 14
881 6244 0 7
882 539 0 13
883 1416 0 8
884 1143 0 13
885 2899 0 10
886 938 0 19
887 477 0 72
888 2670 0 11
889 3899 0 11
890 5006 0 16
891 474 0 8
892 1197 0 7
893 2355 0 72
894 1268 0 118
895 543 0 179
896 561 0 22
897 1365 0 7
898 8624 0 18
899 1028 0 30
900 1279 0 34
901 7244 0 66
902 1250 0 40
903 703 0 10
904 315 0 17
905 466 0 20
906 2115 0 7
907 1010 0 19
908 1389 0 13
909 5072 0 24
910 1887 0 12
911 5090 0 222
912 803 0 12
913 1838 0 95
914 165 0 100
915 1831 0 14
916 875 0 8
917 2071 0 8
918 1416 0 2
919 382 0 18
920 11790 0 8
921 989 0 151
922 806 0 10
923 1529 0 33
924 1209 1 4
925 1237 0 10
926 622 0 9
927 2912 0 13
928 1272 0 16
929 2093 0 81
930 971 1 30
931 2839 0 21
932 5010 1 0
933 2420 0 12
934 810 0 8
935 6144 0 9
936 6130 0 12
937 788 0 8
938 3236 0 36
939 990 1 395
940 1058 0 10
941 1520 0 21
942 1404 0 41
943 1214 0 10
944 2000 0 57
945 318 0 71
946 5047 0 41
947 3456 0 109
948 1304 0 16
949 1305 0 13
950 858 0 183
951 5083 0 11
952 7051 0 23
953 2403 0 9
954 1308 0 11
955 1898 0 69
956 2148 0 10
957 570 0 9
958 1654 0 29
959 558 0 444
960 1407 0 18
961 831 0 97
962 1227 0 13
963 521 0 10
964 14111 0 13
965 648 0 20
966 1507 0 29
967 2600 0 98
968 2441 0 22
969 1665 0 12
970 3374 0 39
971 1380 0 10
972 11502 0 154
973 1843 0 10
974 989 0 12
975 867 0 40
976 13835 0 87
977 1008 0 45
978 1047 0 10
979 5942 0 49
980 1804 0 12
981 213 0 12
982 1197 1 476
983 393 0 128
984 3215 0 11
985 1945 0 12
986 2452 0 14
987 3607 0 7
988 171 0 16
989 13595 0 10
990 2143 0 11
991 1349 0 22
992 663 0 79
993 1107 0 11
994 2451 0 8
995 5005 0 28
996 2234 0 12
997 3172 0 8
998 823 0 25
999 1179 0 95
1000 2817 0 13
1001 1425 0 71
1002 806 0 18
1003 5063 0 77
1004 634 0 8
1005 1098 0 18
1006 3450 0 109
1007 1516 0 9
1008 3218 1 0
1009 860 0 155
1010 576 0 7
1011 3217 0 24
1012 862 0 10
1013 994 0 37
1014 1519 0 60
1015 2105 0 33
1016 561 0 12
1017 956 0 7
1018 845 0 12
1019 989 0 12
1020 782 0 38
1021 5078 0 69
1022 1908 0 9
1023 16197 0 58
1024 1621 0 11
1025 347 0 43
1026 203 0 54
1027 1201 0 28
1028 454 0 23
1029 1512 0 53
1030 2920 0 12
1031 1115 0 53
1032 2195 0 56
1033 1248 0 47
1034 1189 0 13
1035 2472 1 11
1036 1104 0 68
1037 1246 0 9
1038 1240 0 7
1039 304 0 36
1040 1407 0 86
1041 442 0 8
1042 648 0 14
1043 1917 0 11
1044 573 0 13
1045 199 0 12
1046 1092 0 7
1047 1428 0 39
1048 361 0 9
1049 8950 0 15
1050 550 0 140
1051 1309 1 1
1052 628 0 18
1053 313 0 23
1054 1256 0 37
1055 3261 0 368
1056 259 0 9
1057 1009 0 10
1058 5035 0 241
1059 5758 0 85
1060 1528 0 25
1061 3230 0 13
1062 1340 0 39
1063 993 0 100
1064 1516 1 216
1065 748 0 8
1066 2808 0 13
1067 426 0 12
1068 639 0 164
1069 588 0 9
1070 2017 0 10
1071 598 0 11
1072 1193 0 9
1073 16604 0 15
1074 483 0 11
1075 3023 0 33
1076 2915 0 73
1077 4327 0 44
1078 3377 0 278
1079 824 0 68
1080 6471 0 21
1081 7048 0 15
1082 2163 0 13
1083 913 0 24
1084 515 0 110
1085 3433 0 170
1086 7353 1 0
1087 2447 0 7
1088 181 0 15
1089 774 0 10
1090 1351 0 8
1091 6746 1 19
1092 412 0 11
1093 3224 0 38
1094 3142 0 11
1095 2004 0 40
1096 3264 0 11
1097 1723 0 10
1098 1279 0 27
1099 7050 0 170
1100 1375 0 72
1101 771 0 11
1102 738 0 10
1103 1390 0 14
1104 2880 0 9
1105 704 0 20
1106 1807 0 14
1107 1335 0 8
1108 1371 0 7
1109 298 0 66
1110 2762 0 13
1111 759 0 8
1112 1144 0 12
1113 2994 0 12
1114 6951 0 7
1115 759 0 9
1116 1997 0 72
1117 7048 0 8
1118 790 0 9
1119 1345 0 9
1120 394 0 11
1121 2097 0 11
1122 507 0 11
1123 7773 0 68
1124 2813 0 14
1125 867 0 8
1126 7343 0 19
1127 1569 0 23
1128 2373 0 91
1129 1587 0 38
1130 903 0 11
1131 17239 0 9
1132 925 0 15
1133 1207 0 10
1134 1983 0 10
1135 1992 0 39
1136 1294 0 63
1137 1715 1 0
1138 1678 0 375
1139 1004 0 12
1140 896 0 10
1141 1351 0 8
1142 672 0 86
1143 1686 0 9
1144 788 0 9
1145 1875 0 214
1146 1165 0 9
1147 1955 0 112
1148 382 0 94
1149 509 0 7
1150 5003 0 10
1151 1547 0 56
1152 2079 0 13
1153 3275 0 19
1154 616 0 12
1155 788 1 0
1156 712 0 26
1157 1415 0 46
1158 1416 0 12
1159 2806 0 11
1160 560 0 156
1161 1147 0 160
1162 1143 1 0
1163 1047 0 230
1164 235 0 8
1165 719 0 17
1166 5145 0 29
1167 16097 0 91
1168 987 0 8
1169 1069 0 11
1170 1425 0 8
1171 5154 0 122
1172 708 0 9
1173 1156 0 8
1174 3161 0 12
1175 537 0 12
1176 2737 0 54
1177 538 0 14
1178 238 0 11
1179 728 0 12
1180 5040 0 3
1181 1777 0 13
1182 760 0 50
1183 931 0 14
1184 7059 0 15
1185 1101 0 14
1186 959 0 92
1187 925 0 7
1188 2052 0 8
1189 344 0 10
1190 365 0 8
1191 1531 0 7
1192 477 0 91
1193 1828 0 23
1194 3399 0 9
1195 516 0 31
1196 4084 0 10
1197 675 0 12
1198 12615 0 29
1199 1391 0 13
1200 1286 0 110
1201 1589 0 7
1202 3255 0 15
1203 1002 0 8
1204 3530 1 7
1205 2037 0 31
1206 957 0 11
1207 678 0 185
1208 2526 0 49
1209 1951 0 142
1210 3366 0 13
1211 572 0 70
1212 1095 0 23
1213 17062 0 261
1214 999 0 8
1215 5155 0 85
1216 3358 0 74
1217 1457 0 617
1218 2768 0 48
1219 2145 0 10
1220 4122 0 8
1221 1416 0 10
1222 1127 0 56
1223 710 0 13
1224 1383 0 15
1225 6735 0 29
1226 1112 0 7
1227 2802 0 11
1228 6366 0 12
1229 1758 0 61
1230 190 0 19
1231 859 0 13
1232 550 0 9
1233 1992 0 22
1234 1522 0 12
1235 1200 0 11
1236 1557 0 28
1237 1988 0 11
1238 6155 0 10
1239 1382 1 17
1240 14755 0 77
1241 1229 0 24
1242 1227 0 82
1243 762 0 141
1244 1315 0 78
1245 528 0 7
1246 1347 0 9
1247 611 0 9
1248 564 0 14
1249 5109 0 38
1250 607 0 15
1251 3298 0 15
1252 275 0 29
1253 1919 0 69
1254 981 0 6
1255 1520 0 8
1256 12843 0 88
1257 2718 0 13
1258 1917 0 12
1259 1955 0 46
1260 1985 0 71
1261 1205 0 98
1262 1228 0 10
1263 2452 0 8
1264 936 0 146
1265 750 0 18
1266 1969 0 52
1267 1867 0 47
1268 1638 0 16
1269 2942 0 3
1270 2790 0 64
1271 1962 0 13
1272 1259 0 11
1273 994 0 12
1274 962 0 16
1275 1369 0 11
1276 1284 0 10
1277 2824 0 13
1278 3014 0 342
1279 2831 0 11
1280 802 0 11
1281 1945 0 133
1282 909 0 10
1283 2386 0 43
1284 570 0 105
1285 663 0 21
1286 807 0 18
1287 3259 0 16
1288 894 0 23
1289 618 0 9
1290 700 0 11
1291 1329 0 19
1292 410 0 19
1293 1350 0 10
1294 1155 0 26
1295 886 0 8
1296 997 0 12
1297 3080 0 7
1298 3322 0 12
1299 1340 1 0
1300 5088 0 8
1301 1057 0 34
1302 172 0 70
1303 1960 0 9
1304 371 0 9
1305 1943 0 13
1306 6168 0 11
1307 1165 0 10
1308 2885 0 297
1309 3707 0 20
1310 511 0 44
1311 1115 0 217
1312 3374 0 75
1313 979 0 76
1314 2954 0 111
1315 1183 0 6
1316 1171 0 9
1317 387 0 145
1318 2932 0 14
1319 1395 0 11
1320 2865 0 10
1321 2875 0 354
1322 394 0 11
1323 358 0 25
1324 5133 0 14
1325 734 0 9
1326 1129 0 12
1327 1944 0 41
1328 1517 0 52
1329 11609 0 13
1330 799 0 11
1331 1013 0 17
1332 1516 1 0
1333 6735 0 17
1334 1125 0 11
1335 2131 0 21
1336 740 0 8
1337 5089 1 0
1338 2069 0 10
1339 1858 0 18
1340 4996 0 14
1341 754 1 134
1342 3302 0 151
1343 3196 0 11
1344 543 0 27
1345 675 0 11
1346 1427 0 8
1347 1354 1 567
1348 571 0 12
1349 1954 0 19
1350 960 0 13
1351 7772 0 10
1352 984 0 73
1353 3191 0 67
1354 571 0 72
1355 796 0 11
1356 1338 0 224
1357 17084 1 23
1358 1351 0 9
1359 5 0 7
1360 2876 0 93
1361 968 0 95
1362 490 0 10
1363 1966 0 38
1364 648 0 8
1365 2879 0 13
1366 5089 0 177
1367 1986 0 12
1368 998 0 57
1369 919 0 13
1370 6366 1 0
1371 1980 0 29
1372 1951 0 10
1373 1296 0 12
1374 3291 0 7
1375 5067 0 7
1376 2876 0 8
1377 1057 0 9
1378 3152 0 13
1379 2815 0 25
1380 2219 1 26
1381 515 0 39
1382 639 0 12
1383 2517 0 21
1384 843 1 41
1385 1880 0 11
1386 6734 0 29
1387 2601 0 37
1388 252 0 11
1389 788 0 122
1390 970 0 20
1391 3360 0 17
1392 528 0 78
1393 5093 0 10
1394 1979 0 8
1395 1087 0 9
1396 2458 0 39
1397 1046 0 11
1398 1109 0 6
1399 1114 0 24
1400 2835 0 6
1401 1197 0 122
1402 786 0 20
1403 1381 0 11
1404 178 0 17
1405 327 0 11
1406 3210 0 44
1407 3677 0 9
1408 3243 0 8
1409 2792 0 8
1410 806 0 38
1411 1839 0 9
1412 1518 0 10
1413 3219 0 269
1414 6741 0 16
1415 1537 0 11
1416 12216 0 17
1417 1392 0 11
1418 1974 0 9
1419 282 0 10
1420 1951 0 12
1421 13376 0 21
1422 1044 0 12
1423 7865 0 24
1424 565 0 10
1425 1168 0 296
1426 1372 0 12
1427 970 0 11
1428 1076 0 49
1429 1153 0 9
1430 3205 0 18
1431 1520 0 11
1432 3221 0 99
1433 1127 0 25
1434 5054 0 11
1435 181 0 16
1436 797 0 6
1437 1026 0 10

17 1 1484
27
1438 372 0 13
1439 454 0 6
1440 3234 0 9
1441 1941 0 103
1442 14369 0 12
1443 711 0 14
1444 1886 0 17
1445 1318 0 31
1446 3257 0 37
1447 821 0 10
1448 1184 0 12
1449 2457 0 9
1450 460 1 122
1451 962 0 8
1452 2928 0 13
1453 7261 0 33
1454 5090 0 11
1455 782 0 39
1456 1677 0 33
1457 2600 0 25
1458 932 0 18
1459 5124 0 21
1460 1557 0 18
1461 9282 0 16
1462 1811 0 7
1463 1982 0 170
1464 1822 0 8

18 1 1497
180
1465 723 0 10
1466 2781 0 9
1467 1572 1 597
1468 1867 0 14
1469 1032 0 13
1470 1276 0 11
1471 1212 0 45
1472 891 0 29
1473 554 0 7
1474 2946 0 13
1475 334 0 9
1476 1516 0 105
1477 836 0 16
1478 2589 0 83
1479 832 0 10
1480 680 0 10
1481 5064 1 0
1482 2099 0 7
1483 1397 0 10
1484 165 0 8
1485 2792 0 13
1486 1454 0 7
1487 1417 0 10
1488 14376 0 192
1489 894 0 48
1490 2589 0 29
1491 3641 0 11
1492 771 0 21
1493 446 0 44
1494 1430 0 118
1495 5141 0 10
1496 1115 0 8
1497 1769 0 11
1498 1055 0 19
1499 3018 0 13
1500 1807 0 41
1501 1281 0 10
1502 5078 0 37
1503 1416 0 13
1504 2883 0 54
1505 3300 0 32
1506 545 0 13
1507 1427 0 146
1508 713 1 18
1509 1892 0 70
1510 1404 0 18
1511 428 0 13
1512 997 0 216
1513 532 0 12
1514 922 0 99
1515 1898 0 15
1516 2461 0 68
1517 1442 0 11
1518 1402 0 10
1519 507 0 19
1520 3354 0 18
1521 3331 0 21
1522 1277 0 14
1523 279 0 59
1524 1319 0 36
1525 6734 0 20
1526 3234 1 9
1527 13269 0 42
1528 2103 0 218
1529 1741 0 62
1530 1336 0 28
1531 775 0 14
1532 546 0 10
1533 205 0 44
1534 79 0 13
1535 908 0 199
1536 26 0 33
1537 1166 0 6
1538 3198 0 166
1539 361 0 8
1540 630 0 13
1541 682 0 50
1542 704 1 0
1543 2001 1 718
1544 1809 0 9
1545 886 0 15
1546 1956 0 11
1547 1970 0 70
1548 1052 0 11
1549 7761 0 7
1550 507 0 26
1551 1381 0 128
1552 1740 0 12
1553 224 0 122
1554 901 0 11
1555 768 0 10
1556 1142 0 11
1557 2391 0 19
1558 2938 0 8
1559 1261 0 11
1560 543 0 11
1561 871 0 14
1562 7496 0 12
1563 885 0 11
1564 2159 0 7
1565 543 0 13
1566 1051 0 12
1567 789 0 27
1568 2541 0 18
1569 1394 0 31
1570 703 0 11
1571 1117 0 10
1572 196 0 53
1573 1188 0 10
1574 5140 0 8
1575 623 0 61
1576 385 0 162
1577 1353 0 28
1578 1337 0 43
1579 1150 0 11
1580 2764 1 0
1581 1124 0 28
1582 1104 0 11
1583 894 0 8
1584 2853 0 12
1585 3016 0 11
1586 1131 0 10
1587 1260 1 31
1588 2912 1 18
1589 1822 0 31
1590 1258 0 30
1591 428 0 11
1592 1007 0 35
1593 1021 0 37
1594 451 0 12
1595 465 0 8
1596 2153 0 75
1597 657 0 22
1598 9620 0 51
1599 1419 0 15
1600 3227 0 97
1601 326 0 14
1602 688 0 9
1603 1536 0 11
1604 77 0 9
1605 798 0 26
1606 1408 0 11
1607 921 0 8
1608 3170 0 40
1609 14371 0 75
1610 1425 0 9
1611 9179 0 131
1612 1038 0 10
1613 588 0 41
1614 1942 0 11
1615 850 0 29
1616 175 0 60
1617 1345 0 12
1618 5076 0 213
1619 366 0 10
1620 202 0 132
1621 302 0 33
1622 595 0 44
1623 3379 0 7
1624 1990 0 172
1625 1855 0 12
1626 315 0 185
1627 1992 0 70
1628 1361 0 16
1629 655 0 10
1630 561 0 33
1631 548 0 34
1632 7673 0 44
1633 1404 0 29
1634 3763 0 34
1635 1307 0 37
1636 3267 0 11
1637 5147 0 9
1638 1407 0 29
1639 13376 0 15
1640 1374 0 30
1641 1274 0 14
1642 1241 0 17
1643 1060 0 9
1644 1368 0 27

19 0 314940
8
1645 616 0 40
1646 2241 0 39
1647 442 0 8
1648 1277 0 10
1649 3166 0 23
1650 1073 0 46
1651 1310 0 12
1652 1448 0 11

