10

0 1 290
133
0 3141 0 29
1 824 0 13
2 496 0 616
3 1504 0 12
4 2506 0 8
5 1971 0 123
6 1155 0 18
7 459 0 68
8 1152 0 28
9 1253 0 10
10 1298 0 13
11 643 0 9
12 6219 0 11
13 1368 1 103
14 566 0 24
15 3717 1 400
16 1071 0 12
17 304 0 9
18 2799 0 27
19 1250 0 18
20 1172 0 6
21 3557 0 12
22 975 0 98
23 424 0 8
24 1518 0 46
25 1513 0 76
26 9 0 26
27 1849 0 50
28 7036 1 28
29 3461 0 11
30 1166 0 186
31 615 1 0
32 1494 0 29
33 1143 0 8
34 257 0 8
35 817 0 10
36 17472 0 10
37 431 0 132
38 188 0 172
39 3370 0 11
40 1937 0 25
41 3240 0 8
42 742 0 11
43 1284 0 7
44 1308 0 19
45 7501 0 167
46 1511 0 11
47 1403 0 56
48 577 0 76
49 1309 0 39
50 1116 0 68
51 1168 0 30
52 6149 0 103
53 2594 0 82
54 3306 0 24
55 13369 0 25
56 494 0 142
57 9982 0 0
58 2371 0 28
59 6543 0 155
60 1168 0 9
61 637 1 125
62 608 0 34
63 7385 0 10
64 1931 0 20
65 15986 0 8
66 2363 0 10
67 1949 0 16
68 3299 0 20
69 1949 0 12
70 2554 0 2
71 2939 0 41
72 1428 0 12
73 1653 0 16
74 1770 0 8
75 1425 0 213
76 7550 0 7
77 3088 0 13
78 1876 0 8
79 1666 0 12
80 456 0 7
81 1873 0 92
82 2915 0 10
83 1979 1 5
84 431 0 7
85 2489 1 0
86 1120 0 80
87 1528 0 30
88 785 0 7
89 1786 0 78
90 2960 0 10
91 2856 0 20
92 888 0 15
93 1352 0 38
94 1954 0 9
95 2081 0 39
96 1218 0 11
97 1224 0 11
98 252 0 41
99 2048 0 68
100 1539 0 7
101 1171 1 17
102 1103 0 67
103 13069 0 23
104 549 0 90
105 2843 0 55
106 3267 0 65
107 1083 0 33
108 2518 0 72
109 1166 0 11
110 1644 0 10
111 1287 0 20
112 11500 0 8
113 823 0 6
114 862 0 14
115 2006 0 12
116 1381 0 11
117 1939 0 16
118 989 0 12
119 3282 0 13
120 4997 0 11
121 1367 0 11
122 9363 0 13
123 336 0 7
124 7487 0 73
125 849 0 10
126 1422 0 9
127 1133 0 94
128 1421 0 14
129 896 0 9
130 1802 0 59
131 3523 0 8
132 1945 0 11

1 1 296
33
133 1884 0 10
134 8554 0 10
135 8950 0 41
136 2452 0 96
137 2752 0 13
138 1039 0 10
139 3360 0 11
140 1506 0 73
141 1988 0 12
142 3379 0 182
143 3749 0 19
144 1950 0 98
145 1508 0 10
146 5945 0 8
147 1914 0 7
148 1580 0 8
149 2778 0 11
150 442 0 12
151 1224 0 10
152 1039 0 41
153 2916 0 9
154 5160 0 14
155 904 0 10
156 939 0 29
157 1538 1 0
158 765 0 17
159 1145 0 172
160 1786 0 11
161 1302 0 34
162 368 0 25
163 3243 0 19
164 3259 1 0
165 468 0 94

2 1 497
113
166 6230 0 8
167 3184 1 0
168 13055 0 66
169 5072 0 343
170 1940 0 10
171 1586 0 128
172 3223 0 11
173 2938 0 8
174 1456 0 10
175 680 0 11
176 909 1 21
177 1386 0 9
178 1294 0 17
179 372 0 69
180 1498 0 13
181 884 0 88
182 500 0 7
183 606 0 50
184 1455 0 9
185 685 0 34
186 5155 0 13
187 5065 0 12
188 2717 0 6
189 919 0 12
190 1829 0 8
191 2097 0 23
192 737 0 13
193 796 0 10
194 858 0 10
195 3223 0 8
196 1395 0 8
197 2922 0 20
198 2450 0 7
199 411 0 167
200 1536 0 73
201 894 0 10
202 7312 0 7
203 2927 0 16
204 1289 0 12
205 2560 0 97
206 5008 0 20
207 768 0 19
208 12375 0 8
209 203 0 11
210 298 0 14
211 2292 0 140
212 1419 0 29
213 1150 0 67
214 164 0 30
215 3150 0 40
216 5084 0 15
217 9363 0 11
218 12866 0 18
219 3231 0 40
220 453 0 13
221 272 1 0
222 3379 0 68
223 5052 0 12
224 2849 0 13
225 1905 0 41
226 2565 0 10
227 2812 0 6
228 445 0 17
229 902 0 13
230 515 0 9
231 2626 0 11
232 1871 0 11
233 2791 1 24
234 928 0 10
235 734 0 92
236 11790 0 9
237 615 0 13
238 277 0 39
239 586 0 11
240 372 0 11
241 3001 0 10
242 710 0 10
243 975 0 10
244 3232 0 174
245 411 0 8
246 507 0 217
247 11495 0 12
248 1243 1 0
249 1393 0 133
250 3712 0 164
251 2551 0 8
252 760 0 0
253 1944 0 10
254 718 0 18
255 1256 0 9
256 1328 0 53
257 922 0 18
258 1060 0 11
259 15986 1 46
260 2813 0 74
261 1038 0 43
262 682 0 9
263 833 0 7
264 1513 0 19
265 7282 0 7
266 3354 0 24
267 1157 0 9
268 3225 0 12
269 6766 0 21
270 2939 0 9
271 697 0 13
272 961 0 98
273 1968 0 22
274 434 0 37
275 1160 0 12
276 1075 0 14
277 1195 0 21
278 2933 0 13

3 0 498
122
279 411 0 143
280 7323 0 166
281 1513 0 7
282 3260 0 19
283 1095 0 20
284 2577 0 9
285 1513 0 15
286 1058 0 7
287 424 0 11
288 959 0 28
289 3385 0 9
290 1331 0 141
291 13571 0 36
292 436 0 7
293 547 0 9
294 732 0 15
295 1314 0 12
296 802 0 49
297 2358 0 72
298 1425 0 19
299 14371 0 26
300 2903 0 17
301 188 0 7
302 1970 0 259
303 548 0 7
304 1230 0 46
305 1409 0 13
306 3226 0 7
307 10978 0 8
308 1476 0 154
309 736 0 39
310 1140 0 9
311 7174 0 64
312 546 0 6
313 1182 0 18
314 621 0 10
315 1414 0 17
316 1526 0 260
317 1920 0 16
318 1012 0 8
319 559 0 99
320 790 0 11
321 982 0 111
322 1184 0 10
323 363 0 14
324 604 0 312
325 1948 0 18
326 5153 0 2
327 1462 0 11
328 16546 0 11
329 338 0 77
330 4100 0 78
331 823 0 71
332 1182 0 342
333 1418 0 67
334 12199 0 9
335 1904 0 11
336 7954 0 10
337 1215 0 206
338 2598 0 27
339 14870 0 9
340 513 0 10
341 1074 0 18
342 300 0 11
343 1952 0 11
344 2860 0 151
345 237 0 16
346 1319 0 10
347 1423 0 7
348 1516 1 28
349 2449 0 14
350 2812 0 183
351 1004 0 16
352 3922 0 65
353 754 0 12
354 724 0 16
355 12901 0 9
356 3378 0 60
357 295 0 13
358 1245 0 14
359 1418 0 23
360 956 0 10
361 499 0 122
362 1367 0 30
363 1301 0 10
364 721 0 13
365 2340 0 9
366 708 0 54
367 735 0 24
368 12545 0 113
369 7303 0 7
370 949 0 61
371 3516 0 21
372 787 0 312
373 1758 0 43
374 1513 0 7
375 636 0 72
376 1200 0 6
377 2175 0 19
378 1415 0 48
379 1094 0 18
380 2267 0 51
381 1106 0 38
382 1551 0 107
383 1767 0 12
384 455 0 50
385 933 0 88
386 3288 0 13
387 1985 0 12
388 1395 0 11
389 961 0 40
390 2848 0 14
391 872 0 22
392 3578 0 38
393 690 0 82
394 800 0 12
395 870 0 17
396 1250 0 150
397 1234 0 8
398 2592 0 7
399 846 0 12
400 7403 0 38

4 0 529
6
401 928 0 32
402 1513 0 66
403 1037 0 33
404 1303 0 180
405 3886 0 8
406 714 0 140

5 1 671
198
407 3739 0 169
408 480 0 114
409 12476 0 78
410 1327 0 40
411 917 0 32
412 644 0 41
413 1058 0 16
414 7477 0 62
415 2903 0 25
416 1253 0 52
417 736 0 13
418 2094 0 24
419 663 0 22
420 1062 0 146
421 2895 0 11
422 2981 0 18
423 13064 0 18
424 990 0 133
425 5148 0 12
426 3336 0 213
427 1104 0 419
428 1658 0 10
429 3191 0 148
430 382 0 8
431 3195 0 9
432 1644 0 136
433 15 0 45
434 7832 0 10
435 1231 0 17
436 1107 0 125
437 1970 0 12
438 998 0 37
439 169 0 8
440 209 0 22
441 817 1 8
442 2872 0 14
443 9303 0 7
444 937 0 2
445 933 0 13
446 575 0 12
447 2953 0 130
448 564 0 20
449 521 0 37
450 1163 0 22
451 223 0 9
452 5840 0 12
453 2830 0 15
454 938 0 10
455 3157 0 12
456 584 0 7
457 2865 0 130
458 1020 1 3
459 1732 1 16
460 276 0 53
461 563 0 48
462 938 0 14
463 2677 0 71
464 3291 0 15
465 1717 0 7
466 1002 0 12
467 1410 0 7
468 618 0 6
469 1991 0 101
470 3196 0 170
471 1346 0 21
472 1260 0 37
473 1859 0 10
474 1884 0 9
475 3377 0 37
476 847 0 29
477 1074 0 13
478 1125 0 83
479 343 0 8
480 2821 0 8
481 639 0 11
482 2537 0 7
483 2725 0 22
484 1039 0 32
485 2947 0 74
486 318 1 13
487 311 0 2
488 16415 0 10
489 925 0 9
490 1950 0 8
491 438 0 26
492 2909 0 99
493 3372 0 40
494 505 0 261
495 5074 0 188
496 1112 1 918
497 374 0 13
498 5118 0 33
499 903 0 10
500 2406 0 19
501 2295 0 8
502 838 0 11
503 1978 0 38
504 3184 0 29
505 243 0 221
506 965 0 13
507 3304 0 13
508 780 0 8
509 632 0 29
510 996 0 12
511 3358 0 156
512 3887 0 13
513 1757 0 11
514 3177 0 11
515 1155 0 15
516 1604 0 10
517 3218 1 0
518 1571 0 11
519 1947 1 0
520 3195 0 14
521 7263 0 14
522 2325 0 10
523 7967 0 7
524 1783 0 16
525 1273 0 23
526 1427 0 9
527 410 0 7
528 750 0 50
529 873 0 80
530 874 0 12
531 5862 0 248
532 516 0 10
533 3338 1 4
534 2374 0 36
535 738 0 67
536 2995 0 113
537 675 0 39
538 2737 0 10
539 1180 0 17
540 3335 0 9
541 1938 1 242
542 1574 0 0
543 2104 0 30
544 742 0 99
545 870 0 8
546 1931 0 9
547 1947 0 149
548 1228 0 15
549 934 0 8
550 1765 0 15
551 1289 0 32
552 779 0 14
553 1306 1 597
554 720 0 6
555 8914 0 23
556 843 0 13
557 2609 0 19
558 1281 0 49
559 1841 0 13
560 2100 0 10
561 838 0 8
562 1828 0 8
563 912 0 13
564 711 0 16
565 1136 0 26
566 11789 0 22
567 994 0 8
568 644 0 32
569 192 1 0
570 1799 0 7
571 1287 0 9
572 1171 0 41
573 2387 0 12
574 2528 0 9
575 3526 0 28
576 1053 0 10
577 1593 0 62
578 166 0 12
579 386 0 9
580 406 0 10
581 1305 0 49
582 869 0 9
583 2907 0 116
584 5075 0 22
585 1296 0 51
586 533 0 9
587 1381 0 335
588 1527 0 26
589 5114 0 8
590 4628 0 9
591 11617 0 15
592 796 0 22
593 346 0 10
594 1106 0 15
595 888 0 12
596 1891 0 8
597 845 1 0
598 1768 0 12
599 876 0 44
600 1481 0 42
601 3477 0 227
602 480 0 17
603 2555 0 12
604 608 0 340

6 0 702
8
605 1170 0 77
606 1679 0 11
607 693 0 67
608 1414 0 35
609 2869 0 18
610 833 0 8
611 1130 0 67
612 935 1 0

7 1 705
1296
613 3914 0 66
614 5054 0 11
615 2245 0 172
616 2419 0 9
617 3285 0 10
618 980 0 31
619 1189 0 14
620 393 0 18
621 210 0 75
622 17473 1 20
623 637 0 10
624 2414 0 156
625 467 0 13
626 886 1 19
627 7050 0 36
628 1980 0 11
629 734 0 98
630 7601 0 11
631 3223 0 30
632 10018 0 42
633 1971 0 27
634 1317 0 8
635 2913 0 11
636 1398 0 194
637 1425 0 41
638 1131 0 41
639 14924 1 473
640 2699 0 10
641 1138 0 8
642 181 0 32
643 508 0 27
644 14373 0 22
645 786 0 9
646 1507 0 13
647 383 0 6
648 14359 0 42
649 1803 0 230
650 1965 0 9
651 1967 0 10
652 999 0 12
653 370 0 14
654 1394 0 11
655 2216 0 9
656 1687 0 35
657 2796 0 8
658 783 0 75
659 3641 0 23
660 7743 0 11
661 2259 0 109
662 733 0 18
663 1637 0 22
664 567 0 9
665 900 0 170
666 2187 0 22
667 870 0 32
668 1428 0 13
669 839 0 128
670 1074 0 7
671 441 0 29
672 1529 0 368
673 1242 0 26
674 990 0 8
675 1288 0 12
676 990 0 27
677 375 0 68
678 1504 0 7
679 3169 0 9
680 51 0 8
681 1232 1 0
682 3243 0 12
683 4996 0 7
684 1234 0 219
685 898 0 7
686 3333 0 39
687 2970 0 27
688 2247 0 22
689 2541 0 11
690 3246 0 9
691 2873 0 0
692 707 0 32
693 1977 0 10
694 662 1 438
695 1860 0 25
696 2819 0 10
697 3066 0 13
698 654 0 8
699 566 0 14
700 3419 0 9
701 1034 0 7
702 1277 0 15
703 1793 0 15
704 1720 1 252
705 979 0 25
706 1013 0 13
707 3199 0 17
708 238 1 0
709 2226 0 69
710 10733 0 7
711 1957 1 619
712 1532 0 143
713 1160 0 6
714 17056 0 13
715 179 0 52
716 500 0 32
717 1010 0 12
718 619 0 28
719 767 0 11
720 876 0 12
721 660 0 11
722 1057 0 140
723 1951 0 75
724 7390 0 9
725 1032 0 80
726 1096 0 10
727 999 0 144
728 1390 0 11
729 2585 0 11
730 1530 0 11
731 2266 0 42
732 3294 0 181
733 2156 0 35
734 1638 0 144
735 1992 0 149
736 6804 0 11
737 1576 0 18
738 39 0 8
739 1709 0 13
740 492 0 11
741 1055 0 20
742 717 0 10
743 9370 0 8
744 1009 0 78
745 934 0 295
746 14446 0 14
747 488 0 10
748 654 0 9
749 1233 0 25
750 3556 0 80
751 6152 0 116
752 549 0 49
753 1217 0 11
754 250 0 10
755 989 0 8
756 12544 0 255
757 200 0 9
758 637 0 57
759 11980 0 1
760 690 0 9
761 1255 0 16
762 1335 0 57
763 2004 0 8
764 447 0 14
765 2059 0 10
766 1175 0 212
767 555 0 16
768 338 0 13
769 2912 0 23
770 602 0 17
771 692 0 11
772 1945 0 19
773 1843 0 105
774 1436 0 7
775 4175 0 9
776 242 0 41
777 5020 0 397
778 321 0 11
779 3312 0 41
780 2595 0 93
781 3407 0 17
782 1174 0 11
783 1508 0 54
784 965 0 12
785 1265 0 68
786 2809 0 10
787 1115 0 111
788 13006 0 144
789 243 0 10
790 2792 0 11
791 5080 0 11
792 187 0 54
793 3739 0 11
794 1218 0 8
795 2919 0 74
796 769 0 8
797 340 0 71
798 453 0 11
799 2894 0 13
800 2909 0 24
801 1947 0 23
802 844 0 99
803 7357 0 10
804 3335 0 11
805 1146 0 11
806 2129 0 33
807 1349 0 19
808 1763 0 9
809 637 0 36
810 3290 0 9
811 989 0 10
812 7471 0 32
813 1518 0 42
814 948 0 87
815 2260 1 156
816 2898 0 38
817 383 0 10
818 1142 0 109
819 1291 0 164
820 1525 0 12
821 678 0 11
822 836 0 12
823 800 0 19
824 317 0 19
825 671 0 17
826 390 0 219
827 2570 0 11
828 1010 0 38
829 1323 0 96
830 7050 0 18
831 2664 0 10
832 1920 0 139
833 722 0 12
834 1960 0 44
835 649 0 69
836 2009 0 38
837 1593 0 10
838 2149 0 40
839 3380 0 13
840 8829 0 108
841 2058 0 60
842 1191 0 6
843 1330 0 17
844 9092 0 11
845 1527 0 51
846 1852 0 9
847 1340 0 48
848 725 1 0
849 4122 0 9
850 254 0 9
851 1836 0 32
852 3239 0 27
853 2160 0 13
854 1894 0 28
855 3601 0 11
856 491 0 42
857 3188 0 16
858 3700 0 12
859 449 0 13
860 2963 0 11
861 932 0 11
862 3238 0 26
863 287 0 9
864 1392 0 70
865 1689 1 0
866 140 1 102
867 1098 0 12
868 941 0 100
869 5404 0 7
870 429 0 84
871 23 0 13
872 1769 0 46
873 7277 0 156
874 568 0 9
875 2310 0 69
876 1758 0 26
877 2403 0 13
878 1279 0 9
879 1380 0 30
880 1437 0 10
881 448 0 22
882 3308 0 57
883 1925 0 11
884 1516 0 11
885 1378 0 18
886 1983 0 14
887 781 0 11
888 2887 0 178
889 6916 0 52
890 837 0 21
891 1611 1 18
892 1537 0 82
893 252 0 85
894 1944 0 43
895 786 0 9
896 17353 0 84
897 629 0 41
898 2032 0 9
899 828 0 31
900 1536 0 36
901 751 0 12
902 2443 0 13
903 755 0 111
904 200 0 17
905 3372 0 7
906 609 0 41
907 7171 0 34
908 171 0 6
909 766 0 18
910 5115 0 8
911 1229 1 16
912 506 0 7
913 172 0 37
914 879 1 0
915 1978 0 9
916 540 0 71
917 880 0 37
918 3267 0 9
919 5827 0 51
920 3377 0 12
921 2573 0 8
922 1320 0 97
923 2948 0 12
924 1566 0 13
925 9367 0 8
926 438 0 14
927 1076 0 16
928 922 1 103
929 1338 0 53
930 1087 0 39
931 249 0 36
932 464 0 9
933 3376 0 74
934 1771 0 18
935 1948 0 3
936 1233 0 17
937 2229 0 9
938 1952 0 11
939 1423 0 69
940 1346 0 10
941 186 0 36
942 12852 1 0
943 2933 0 41
944 1346 1 0
945 5067 0 133
946 1652 0 43
947 2391 0 33
948 963 0 21
949 1963 0 17
950 1522 1 3
951 649 0 27
952 5135 0 92
953 3019 0 10
954 764 0 25
955 18137 0 23
956 1252 0 9
957 3407 0 74
958 2231 0 134
959 1250 0 7
960 3350 0 94
961 1978 0 15
962 1478 0 0
963 987 0 22
964 742 0 71
965 2057 0 12
966 5035 1 86
967 1196 0 35
968 173 0 97
969 536 0 23
970 1380 0 13
971 2908 0 5
972 620 0 12
973 1418 0 56
974 752 0 43
975 1555 0 8
976 1408 0 12
977 3173 0 76
978 2616 0 11
979 1358 0 141
980 1748 0 8
981 732 0 8
982 721 0 11
983 3215 0 48
984 1419 0 11
985 1104 0 171
986 389 0 10
987 6589 0 13
988 580 0 6
989 2888 1 267
990 2571 0 45
991 301 1 16
992 569 0 6
993 661 0 16
994 1338 0 11
995 947 0 36
996 632 0 8
997 427 1 0
998 1296 0 39
999 1397 0 55
1000 652 0 8
1001 3353 0 15
1002 5011 0 25
1003 7031 0 257
1004 16366 0 10
1005 940 0 7
1006 1302 0 56
1007 2853 0 10
1008 5002 0 125
1009 1316 0 7
1010 622 0 95
1011 1518 0 164
1012 889 0 16
1013 5046 0 11
1014 2834 0 9
1015 1844 0 12
1016 1311 0 170
1017 433 0 167
1018 2827 0 37
1019 3599 1 0
1020 426 0 9
1021 3324 0 23
1022 1968 0 24
1023 1212 0 17
1024 685 0 8
1025 1163 0 9
1026 2352 0 7
1027 1415 0 44
1028 133 0 10
1029 30 0 25
1030 962 0 9
1031 1707 0 10
1032 1537 0 23
1033 16754 0 54
1034 2599 0 111
1035 3310 0 13
1036 403 0 37
1037 1618 0 19
1038 639 0 47
1039 5125 0 201
1040 3299 0 84
1041 7663 0 10
1042 938 0 36
1043 1414 1 0
1044 1586 0 36
1045 435 0 9
1046 1316 0 37
1047 7793 0 13
1048 1956 0 8
1049 1390 0 36
1050 3276 0 9
1051 369 0 26
1052 2823 0 11
1053 1311 0 15
1054 1618 0 11
1055 533 0 36
1056 1941 0 7
1057 760 0 9
1058 499 0 11
1059 393 0 34
1060 662 0 10
1061 1136 0 9
1062 6739 0 11
1063 13090 0 88
1064 452 0 13
1065 2468 0 29
1066 141 0 99
1067 939 0 241
1068 1161 0 30
1069 725 0 9
1070 1920 0 18
1071 544 0 15
1072 3569 0 108
1073 5111 0 6
1074 16859 0 252
1075 220 0 75
1076 2445 0 50
1077 618 0 11
1078 1188 0 19
1079 2790 0 74
1080 1069 0 88
1081 5036 0 12
1082 934 0 146
1083 1677 0 17
1084 1188 0 68
1085 6209 0 189
1086 2930 0 0
1087 12797 0 13
1088 609 1 265
1089 989 0 9
1090 621 0 9
1091 1533 0 14
1092 694 0 40
1093 3668 0 17
1094 1663 0 11
1095 1247 0 57
1096 974 0 12
1097 2298 0 10
1098 7966 0 10
1099 2382 0 13
1100 7327 0 11
1101 3236 0 26
1102 1170 0 9
1103 1249 0 17
1104 6734 0 11
1105 793 0 7
1106 2411 0 296
1107 5264 0 26
1108 1302 0 55
1109 1516 0 9
1110 3233 0 100
1111 16578 0 7
1112 963 0 11
1113 456 0 9
1114 1975 0 10
1115 3472 0 13
1116 180 0 173
1117 502 0 10
1118 2847 0 230
1119 1684 0 7
1120 550 0 25
1121 1184 0 39
1122 1174 0 7
1123 1131 0 6
1124 548 0 37
1125 200 0 29
1126 1116 0 12
1127 1298 0 53
1128 1179 0 43
1129 1285 0 19
1130 2172 0 13
1131 9488 0 372
1132 1025 0 70
1133 7539 0 26
1134 1954 0 6
1135 446 0 54
1136 7354 0 12
1137 3363 0 13
1138 3203 0 109
1139 7724 0 62
1140 2723 0 67
1141 3152 1 30
1142 2553 0 24
1143 989 0 30
1144 748 0 38
1145 220 0 92
1146 546 0 82
1147 265 0 15
1148 3160 0 40
1149 2330 0 12
1150 2087 0 14
1151 5089 1 12
1152 1949 1 0
1153 2278 0 143
1154 1094 0 14
1155 680 0 19
1156 1871 0 14
1157 1243 1 0
1158 626 0 37
1159 1344 0 9
1160 836 0 259
1161 1044 0 158
1162 2948 0 86
1163 3152 0 105
1164 2821 0 10
1165 610 0 8
1166 761 0 7
1167 195 0 21
1168 1204 0 97
1169 1405 0 11
1170 6082 0 11
1171 678 0 7
1172 1122 0 160
1173 148 0 11
1174 1420 0 38
1175 483 0 8
1176 286 0 12
1177 5140 0 18
1178 286 0 11
1179 859 1 30
1180 910 0 22
1181 791 0 10
1182 2617 1 0
1183 797 0 40
1184 6560 0 7
1185 873 0 12
1186 1289 0 9
1187 610 0 170
1188 1283 0 12
1189 3227 0 27
1190 2468 0 10
1191 980 0 38
1192 616 0 9
1193 1473 0 11
1194 2258 0 11
1195 757 0 13
1196 1022 0 9
1197 1963 0 26
1198 1336 0 133
1199 1347 0 10
1200 1252 0 182
1201 993 0 11
1202 846 0 45
1203 1940 1 207
1204 1656 0 321
1205 1513 0 20
1206 2391 0 8
1207 2208 0 8
1208 1716 0 133
1209 6845 0 23
1210 1036 0 69
1211 1240 0 12
1212 995 0 26
1213 1517 0 10
1214 1958 0 12
1215 2580 1 400
1216 785 0 14
1217 2345 0 11
1218 2596 0 163
1219 344 0 29
1220 1532 0 10
1221 17473 0 45
1222 2686 0 9
1223 842 0 399
1224 3307 0 11
1225 1957 0 21
1226 770 0 9
1227 1207 0 78
1228 9303 0 415
1229 1080 0 31
1230 925 0 59
1231 1231 0 11
1232 2794 0 128
1233 1387 0 10
1234 1972 0 8
1235 1970 0 10
1236 3215 0 13
1237 6519 0 9
1238 1028 0 14
1239 2560 0 143
1240 1142 0 14
1241 1424 0 13
1242 272 0 27
1243 1067 0 19
1244 12687 0 20
1245 287 0 11
1246 661 0 35
1247 159 0 91
1248 1960 0 38
1249 3047 0 36
1250 1652 0 81
1251 823 0 20
1252 1144 0 26
1253 521 0 34
1254 2964 0 30
1255 931 0 14
1256 1277 0 99
1257 2647 0 17
1258 3141 0 18
1259 166 0 17
1260 954 0 11
1261 989 0 148
1262 956 0 30
1263 2585 0 14
1264 3294 0 104
1265 202 0 9
1266 7041 0 224
1267 1060 0 34
1268 2751 0 28
1269 818 0 8
1270 5075 0 93
1271 949 0 108
1272 926 0 37
1273 385 0 25
1274 508 0 29
1275 1035 0 30
1276 587 0 12
1277 1528 0 79
1278 347 0 30
1279 1316 1 118
1280 418 0 11
1281 2683 0 13
1282 1530 0 8
1283 1923 0 7
1284 388 0 37
1285 492 0 10
1286 1993 0 9
1287 8150 0 36
1288 2750 0 10
1289 1537 0 28
1290 1071 0 11
1291 778 0 7
1292 504 0 20
1293 756 0 73
1294 2178 0 110
1295 971 0 37
1296 1416 0 13
1297 12444 0 38
1298 6225 1 15
1299 1158 0 10
1300 2590 0 8
1301 914 0 14
1302 648 0 190
1303 2900 0 9
1304 2477 0 8
1305 1549 0 18
1306 13009 0 39
1307 3218 0 12
1308 919 0 30
1309 1421 0 11
1310 339 0 33
1311 3128 0 56
1312 2523 0 13
1313 170 0 73
1314 608 0 41
1315 3451 0 14
1316 3233 0 11
1317 7652 0 14
1318 2790 1 0
1319 1283 0 11
1320 902 0 32
1321 2168 0 22
1322 731 0 11
1323 2923 0 26
1324 1517 0 118
1325 1666 0 8
1326 1979 0 30
1327 679 1 247
1328 3668 0 7
1329 518 0 37
1330 807 0 8
1331 1768 0 31
1332 6452 0 10
1333 1985 0 406
1334 12643 0 8
1335 1509 0 10
1336 1302 0 28
1337 2790 0 9
1338 2404 0 42
1339 5020 0 38
1340 888 0 10
1341 1316 1 30
1342 7178 0 50
1343 1970 1 0
1344 1769 0 12
1345 916 0 33
1346 3738 0 8
1347 8915 0 194
1348 706 0 98
1349 6100 0 151
1350 1515 0 9
1351 857 0 11
1352 1221 0 8
1353 608 0 13
1354 938 0 11
1355 1006 0 22
1356 5120 0 10
1357 747 0 22
1358 9982 0 10
1359 3195 0 26
1360 1873 0 11
1361 7260 0 73
1362 1614 0 37
1363 1415 1 597
1364 2401 0 42
1365 25 0 11
1366 2149 0 87
1367 111 0 8
1368 202 0 7
1369 735 0 18
1370 1242 0 79
1371 665 0 42
1372 16630 0 31
1373 3244 0 13
1374 823 1 16
1375 7667 0 12
1376 1199 0 10
1377 14377 0 10
1378 947 0 50
1379 1407 0 43
1380 11788 0 13
1381 1548 0 58
1382 2537 0 40
1383 3072 0 75
1384 781 0 13
1385 5066 0 18
1386 6165 0 11
1387 2432 0 14
1388 1039 0 102
1389 795 0 7
1390 3713 0 8
1391 1535 0 19
1392 13055 0 69
1393 1256 0 7
1394 2929 0 38
1395 3439 0 222
1396 965 0 9
1397 768 0 37
1398 1407 0 9
1399 2092 0 55
1400 422 0 95
1401 630 0 14
1402 813 0 7
1403 1039 0 19
1404 1080 0 15
1405 1845 0 10
1406 6372 0 22
1407 958 0 11
1408 7328 0 8
1409 844 0 61
1410 2829 0 14
1411 841 0 40
1412 1497 0 17
1413 2127 0 53
1414 1974 0 105
1415 2884 1 16
1416 1070 0 37
1417 776 0 16
1418 2096 0 9
1419 1238 0 29
1420 989 0 12
1421 5125 0 77
1422 153 0 49
1423 2235 0 107
1424 7928 0 18
1425 1157 0 23
1426 1534 0 5
1427 1017 0 21
1428 1994 0 15
1429 2620 0 9
1430 2353 0 35
1431 797 0 13
1432 7895 0 11
1433 851 0 6
1434 634 0 98
1435 981 0 105
1436 6237 0 17
1437 1694 0 35
1438 760 0 11
1439 1231 0 12
1440 1807 0 112
1441 17619 0 12
1442 614 0 11
1443 1992 0 19
1444 857 0 41
1445 1805 0 18
1446 1353 0 17
1447 758 0 35
1448 722 0 51
1449 1541 1 17
1450 11606 0 29
1451 1955 0 29
1452 1984 0 27
1453 6157 0 7
1454 618 0 49
1455 1263 0 7
1456 1939 0 29
1457 922 0 10
1458 1697 0 148
1459 7535 0 17
1460 1933 0 12
1461 894 1 0
1462 848 0 7
1463 17869 0 56
1464 1108 0 13
1465 690 0 19
1466 831 0 59
1467 2557 0 95
1468 1116 0 11
1469 6558 0 38
1470 1980 0 7
1471 1966 0 160
1472 3343 0 20
1473 6002 0 6
1474 429 0 7
1475 1250 0 100
1476 1941 0 13
1477 1413 0 59
1478 1019 0 11
1479 603 0 12
1480 1020 0 12
1481 7869 0 8
1482 989 0 18
1483 652 0 26
1484 560 0 149
1485 1537 0 7
1486 829 0 32
1487 883 1 61
1488 5028 0 169
1489 1127 0 134
1490 2924 0 74
1491 1576 0 16
1492 232 0 9
1493 442 0 68
1494 394 0 38
1495 11260 1 0
1496 285 0 20
1497 1457 0 23
1498 1604 0 76
1499 992 0 9
1500 664 0 45
1501 2541 0 75
1502 733 0 13
1503 1197 0 12
1504 6500 0 12
1505 1276 0 24
1506 1024 0 8
1507 3051 0 38
1508 3073 0 9
1509 1036 0 13
1510 519 0 184
1511 2247 0 37
1512 969 0 167
1513 1939 0 10
1514 874 0 10
1515 1693 0 7
1516 1429 0 11
1517 1268 0 23
1518 888 0 15
1519 1351 0 23
1520 592 0 65
1521 664 0 120
1522 2580 0 136
1523 3362 0 152
1524 498 0 9
1525 545 0 19
1526 1944 0 9
1527 5149 0 62
1528 1424 0 8
1529 2709 0 13
1530 1062 0 160
1531 800 0 10
1532 1348 0 24
1533 2837 0 17
1534 1072 0 45
1535 407 0 33
1536 1407 1 536
1537 3231 0 11
1538 1399 0 12
1539 352 1 0
1540 1051 0 7
1541 2872 0 66
1542 1181 0 276
1543 1204 0 8
1544 462 0 11
1545 3373 0 22
1546 1624 0 133
1547 1082 0 11
1548 1416 0 105
1549 7050 1 199
1550 1883 0 106
1551 7346 0 29
1552 3338 0 8
1553 6579 0 13
1554 808 0 12
1555 489 0 165
1556 1067 0 13
1557 309 0 24
1558 1250 0 7
1559 3267 0 51
1560 2767 0 29
1561 1415 1 0
1562 1820 0 19
1563 1137 0 18
1564 1002 0 23
1565 12230 0 51
1566 1621 0 13
1567 3322 0 12
1568 1123 0 9
1569 2901 1 0
1570 610 1 0
1571 1573 0 9
1572 616 0 30
1573 676 0 10
1574 1853 0 13
1575 888 0 47
1576 1990 0 33
1577 415 0 86
1578 5125 0 10
1579 2908 0 89
1580 5013 0 18
1581 1064 0 6
1582 1977 0 8
1583 1726 0 378
1584 3227 0 96
1585 1176 0 9
1586 1684 0 42
1587 1793 0 15
1588 837 0 78
1589 599 0 8
1590 2858 0 24
1591 1167 0 9
1592 1518 0 225
1593 643 0 7
1594 865 0 95
1595 1454 0 42
1596 3383 0 44
1597 1042 0 141
1598 13372 0 29
1599 801 0 22
1600 3364 0 8
1601 970 0 13
1602 943 0 15
1603 3234 1 62
1604 423 0 8
1605 634 0 32
1606 1432 0 11
1607 1258 0 12
1608 649 0 32
1609 6742 0 8
1610 1653 0 11
1611 1339 0 109
1612 979 0 82
1613 626 0 8
1614 3258 0 172
1615 7086 0 9
1616 1128 0 6
1617 5141 0 63
1618 3796 0 12
1619 1979 0 8
1620 631 0 44
1621 468 0 9
1622 7951 0 12
1623 14377 0 12
1624 803 0 12
1625 979 0 12
1626 316 0 71
1627 1289 0 10
1628 1073 0 10
1629 1341 0 9
1630 1516 0 58
1631 1055 0 268
1632 3373 0 127
1633 1524 0 13
1634 891 0 48
1635 1051 0 16
1636 2869 0 175
1637 1975 0 11
1638 1529 0 9
1639 1628 0 9
1640 742 0 202
1641 938 1 0
1642 181 0 16
1643 1956 0 125
1644 2391 0 22
1645 2509 0 8
1646 783 0 12
1647 1384 0 10
1648 3373 0 7
1649 3742 0 32
1650 615 0 71
1651 1414 0 10
1652 657 0 315
1653 765 1 101
1654 5011 0 20
1655 2982 1 516
1656 1518 0 43
1657 226 0 70
1658 1992 0 371
1659 644 0 739
1660 990 0 71
1661 522 0 9
1662 7572 0 110
1663 1975 0 65
1664 671 0 11
1665 2793 0 19
1666 1145 0 13
1667 980 0 31
1668 1530 0 8
1669 989 0 51
1670 8886 0 127
1671 1980 0 37
1672 2433 0 14
1673 1165 0 11
1674 679 1 0
1675 2539 0 34
1676 4050 0 30
1677 819 0 56
1678 971 0 24
1679 3264 0 18
1680 1249 0 36
1681 2728 0 5
1682 1178 1 21
1683 2440 0 82
1684 3035 0 12
1685 2087 0 15
1686 1513 0 72
1687 2553 0 13
1688 1974 0 67
1689 2866 0 8
1690 1057 0 13
1691 427 0 14
1692 7494 0 9
1693 2920 0 9
1694 749 0 49
1695 1430 0 39
1696 957 0 42
1697 408 0 13
1698 1412 0 17
1699 1174 0 7
1700 1973 0 6
1701 1271 0 23
1702 1537 0 37
1703 7585 0 9
1704 11611 0 19
1705 839 0 13
1706 1401 0 149
1707 786 0 10
1708 3372 0 11
1709 1869 0 10
1710 1301 0 9
1711 1553 0 14
1712 1256 0 14
1713 989 0 8
1714 540 0 19
1715 7899 0 9
1716 2109 0 81
1717 1516 0 15
1718 1409 0 297
1719 1330 0 6
1720 2139 0 16
1721 7967 0 83
1722 194 0 11
1723 1189 0 67
1724 272 0 9
1725 1930 0 12
1726 2389 0 13
1727 877 0 30
1728 1305 0 41
1729 7321 1 0
1730 1204 0 18
1731 465 0 11
1732 1538 0 11
1733 3225 0 16
1734 1944 0 11
1735 492 0 179
1736 3415 1 473
1737 8899 0 11
1738 1056 0 76
1739 3152 0 18
1740 1193 0 6
1741 2979 0 32
1742 2605 0 11
1743 988 0 129
1744 1426 0 11
1745 1975 0 22
1746 650 0 21
1747 1952 0 11
1748 12486 0 17
1749 1375 0 13
1750 1365 0 43
1751 1042 0 10
1752 184 0 367
1753 1322 0 79
1754 259 0 14
1755 2562 0 23
1756 452 0 10
1757 1162 0 13
1758 12330 0 23
1759 2908 0 13
1760 735 0 8
1761 869 0 9
1762 799 0 82
1763 678 0 13
1764 1140 0 10
1765 5001 0 12
1766 1504 0 12
1767 2796 0 19
1768 1983 0 66
1769 1231 0 7
1770 1610 0 13
1771 7646 0 29
1772 457 0 34
1773 1964 0 12
1774 5131 0 164
1775 2328 0 10
1776 11254 0 12
1777 1771 0 9
1778 659 0 13
1779 1526 0 19
1780 412 0 22
1781 1047 0 47
1782 1017 0 18
1783 2172 0 73
1784 3167 0 68
1785 2832 0 36
1786 1425 0 10
1787 869 0 218
1788 580 0 49
1789 1334 0 372
1790 3369 0 12
1791 2876 0 7
1792 498 0 42
1793 476 0 131
1794 626 0 59
1795 1515 0 17
1796 1316 0 11
1797 1955 0 10
1798 8839 0 182
1799 1398 0 10
1800 3201 1 0
1801 1088 1 0
1802 877 0 47
1803 1975 0 11
1804 8189 0 7
1805 2813 0 47
1806 1841 0 7
1807 3196 0 13
1808 3152 0 7
1809 1380 0 36
1810 1272 0 35
1811 362 0 65
1812 1181 0 19
1813 1325 0 122
1814 1153 0 41
1815 1387 0 8
1816 7501 0 8
1817 1956 0 13
1818 1200 0 11
1819 3260 0 39
1820 1614 0 76
1821 984 0 97
1822 686 0 25
1823 414 0 10
1824 1970 0 82
1825 819 0 9
1826 1046 1 0
1827 2445 0 11
1828 1325 0 11
1829 2451 0 130
1830 4053 0 27
1831 500 0 9
1832 2273 0 46
1833 391 0 208
1834 3458 0 10
1835 1180 0 7
1836 188 0 98
1837 3335 0 8
1838 2761 0 10
1839 2330 0 74
1840 1978 0 3
1841 1988 0 9
1842 1245 0 8
1843 499 0 32
1844 510 0 72
1845 543 0 13
1846 904 0 76
1847 2431 0 13
1848 3377 0 11
1849 1157 0 28
1850 2463 0 135
1851 989 0 11
1852 1799 0 37
1853 3045 0 26
1854 905 0 48
1855 1537 0 6
1856 988 0 37
1857 1194 1 0
1858 3283 0 129
1859 1472 0 9
1860 1943 0 221
1861 7406 0 10
1862 902 0 37
1863 3549 0 49
1864 1314 0 9
1865 548 0 7
1866 971 0 10
1867 5138 0 135
1868 1122 0 76
1869 5158 0 179
1870 1300 0 12
1871 2278 0 78
1872 1783 0 15
1873 449 0 12
1874 630 0 10
1875 5098 0 13
1876 2357 0 8
1877 3147 0 63
1878 3194 0 9
1879 2942 0 43
1880 2013 0 32
1881 614 0 10
1882 1425 0 16
1883 843 0 46
1884 1776 0 8
1885 1611 0 7
1886 1215 0 9
1887 314 0 6
1888 814 0 12
1889 3823 0 181
1890 653 0 80
1891 1360 1 0
1892 789 0 11
1893 1217 0 8
1894 1520 0 12
1895 1428 0 14
1896 1278 0 11
1897 3374 0 19
1898 1807 0 11
1899 1419 0 78
1900 1954 0 30
1901 1186 0 7
1902 2919 0 17
1903 8838 1 30
1904 5118 1 0
1905 1173 0 68
1906 685 0 29
1907 990 0 9
1908 7033 0 11

8 0 709
6
1909 2883 0 12
1910 1128 0 72
1911 1263 0 13
1912 200 0 16
1913 576 0 13
1914 1161 0 13

9 1 185380
6
1915 679 0 68
1916 2975 0 55
1917 565 0 13
1918 1507 0 11
1919 12250 0 7
1920 1143 0 83

