20

0 0 252
6
0 1068 0 28
1 1880 1 516
2 7308 0 6
3 550 0 73
4 896 0 11
5 1329 0 30

1 1 296
25
6 1103 0 11
7 1405 0 127
8 872 0 13
9 2855 0 28
10 1048 0 28
11 1933 0 13
12 975 0 37
13 1055 0 83
14 5067 0 11
15 1275 0 10
16 648 0 6
17 3278 0 14
18 805 0 109
19 3505 0 9
20 183 0 12
21 6729 0 101
22 2127 0 49
23 5133 0 12
24 2804 0 19
25 327 0 34
26 861 0 11
27 3998 0 41
28 1072 0 55
29 1332 0 32
30 430 0 7

2 1 482
1
31 13920 0 15

3 0 503
26
32 1500 0 14
33 7390 0 11
34 1008 0 82
35 1408 0 372
36 2725 0 70
37 6223 0 24
38 1198 0 38
39 3406 0 77
40 715 0 29
41 2564 0 11
42 547 0 163
43 3166 0 84
44 1521 0 18
45 5090 0 9
46 1036 0 11
47 209 0 57
48 926 0 16
49 2148 0 9
50 1768 0 39
51 2741 0 59
52 869 0 18
53 9313 1 106
54 12857 0 10
55 3281 0 14
56 1206 0 91
57 12901 0 50

4 1 689
8
58 3270 0 11
59 3772 0 29
60 3365 0 68
61 991 0 306
62 6359 0 54
63 5081 1 31
64 1524 0 8
65 574 0 13

5 1 986
127
66 991 0 10
67 1311 0 18
68 445 0 114
69 570 0 34
70 1223 0 128
71 3920 0 30
72 542 0 10
73 1513 0 65
74 489 0 11
75 13381 0 32
76 494 0 38
77 958 0 7
78 305 0 19
79 1822 0 9
80 12413 0 24
81 1192 0 35
82 1260 0 61
83 499 0 313
84 409 0 53
85 1590 0 17
86 719 0 48
87 1263 0 24
88 1002 0 10
89 989 1 267
90 936 0 15
91 941 0 9
92 176 0 1
93 1416 0 76
94 1518 0 30
95 448 0 10
96 1950 0 12
97 2657 0 8
98 3374 0 11
99 478 0 218
100 699 0 9
101 1032 0 14
102 269 1 15
103 442 0 10
104 466 0 44
105 7696 0 14
106 3085 0 17
107 2958 0 29
108 1327 0 13
109 968 0 14
110 1965 0 64
111 492 0 11
112 973 0 23
113 616 0 14
114 495 0 53
115 1409 0 162
116 7853 0 63
117 797 0 101
118 2040 0 16
119 3534 0 14
120 2723 0 11
121 478 0 13
122 869 0 153
123 1296 0 16
124 4164 0 14
125 837 0 13
126 951 0 10
127 1153 0 15
128 824 0 52
129 804 0 12
130 1844 0 18
131 759 0 10
132 1947 1 0
133 6362 0 98
134 570 0 37
135 7268 0 11
136 1066 0 25
137 1408 0 9
138 7253 0 8
139 1817 1 265
140 574 0 15
141 1226 0 92
142 2333 0 7
143 653 0 80
144 1429 0 19
145 2025 0 17
146 1085 0 13
147 1074 0 13
148 1800 1 7
149 2964 0 8
150 10601 0 5
151 3333 0 11
152 1964 0 9
153 769 0 10
154 243 0 9
155 1013 0 29
156 885 0 10
157 16211 0 13
158 2604 0 16
159 624 0 10
160 535 0 10
161 2212 0 28
162 5048 0 8
163 3387 0 30
164 1513 0 0
165 1171 0 8
166 2793 0 63
167 3174 0 14
168 3225 0 73
169 435 0 38
170 456 1 27
171 1945 0 11
172 2253 0 28
173 2605 0 10
174 7398 0 9
175 2250 0 1
176 2007 0 98
177 946 0 11
178 3259 0 70
179 2878 0 74
180 1530 0 42
181 2306 0 13
182 6886 0 11
183 864 0 20
184 1517 0 25
185 911 0 67
186 2358 0 27
187 12770 0 10
188 561 0 317
189 1230 0 98
190 1992 0 253
191 3263 0 14
192 3336 0 11

6 1 1004
41
193 2830 0 20
194 1278 0 95
195 2599 0 68
196 2710 0 10
197 884 0 70
198 6248 0 20
199 1268 0 12
200 1432 0 121
201 1383 0 10
202 12038 0 10
203 1171 0 36
204 2431 0 12
205 796 0 11
206 2541 0 114
207 510 0 12
208 1392 0 16
209 2060 0 97
210 586 0 42
211 1421 0 12
212 1490 0 12
213 1387 0 16
214 685 0 9
215 1343 0 13
216 1387 0 8
217 11790 0 74
218 658 0 16
219 13570 0 11
220 1896 0 179
221 2823 0 13
222 5051 1 30
223 1324 0 8
224 2146 0 8
225 17619 0 8
226 2676 0 37
227 2525 0 9
228 1978 0 17
229 163 0 71
230 448 0 39
231 1315 0 212
232 615 0 23
233 1985 0 10

7 1 1449
1
234 1698 0 8

8 0 1450
257
235 5160 0 7
236 2072 0 12
237 7183 0 38
238 2247 0 77
239 363 0 12
240 5075 0 11
241 385 0 11
242 881 0 23
243 957 0 9
244 1799 0 80
245 468 0 9
246 813 0 11
247 1490 0 9
248 3167 0 22
249 558 0 22
250 1596 0 13
251 5007 0 16
252 1813 0 63
253 1978 0 69
254 1387 0 22
255 1744 0 24
256 1985 0 28
257 7050 0 42
258 1421 0 27
259 603 0 10
260 712 0 8
261 12538 0 13
262 1192 0 44
263 2335 0 21
264 498 0 11
265 980 0 13
266 6365 0 249
267 16300 0 56
268 648 0 13
269 989 0 11
270 9979 1 0
271 1337 0 175
272 1081 0 14
273 1059 0 9
274 412 0 45
275 1001 0 107
276 439 0 45
277 1406 0 114
278 2739 0 22
279 1795 0 3
280 1201 0 12
281 740 0 55
282 784 0 72
283 479 0 9
284 1950 0 18
285 2928 0 59
286 842 0 13
287 938 0 11
288 2333 0 22
289 868 0 8
290 1190 0 10
291 2285 0 11
292 671 0 28
293 957 0 103
294 1060 0 13
295 1697 0 5
296 1930 0 12
297 744 0 10
298 525 0 97
299 303 0 70
300 586 0 90
301 487 0 8
302 575 0 10
303 849 0 132
304 1516 0 15
305 2387 0 42
306 3789 0 118
307 586 0 6
308 1679 0 7
309 1202 0 12
310 2295 0 7
311 1468 0 107
312 1976 0 8
313 1684 0 38
314 1828 0 9
315 733 0 217
316 6926 0 110
317 1530 0 41
318 2194 0 11
319 1331 0 13
320 6960 0 27
321 1365 0 18
322 501 0 45
323 626 0 102
324 4715 0 12
325 795 0 31
326 1529 0 99
327 2808 0 126
328 2855 0 12
329 2067 0 10
330 965 0 8
331 5133 0 10
332 5145 0 11
333 1690 0 17
334 5011 0 12
335 1757 0 160
336 3248 0 9
337 1978 0 34
338 1261 0 27
339 1359 0 71
340 551 0 98
341 1042 0 10
342 3370 0 10
343 630 0 37
344 2111 0 8
345 1352 0 8
346 6170 0 41
347 464 0 41
348 882 0 75
349 451 0 10
350 614 0 16
351 3520 0 263
352 7322 0 11
353 1960 0 55
354 606 0 14
355 574 0 72
356 793 0 29
357 3317 0 38
358 696 0 48
359 3154 0 7
360 1538 0 28
361 578 0 70
362 3532 0 13
363 1346 0 244
364 748 0 14
365 1084 0 7
366 2053 0 97
367 1518 0 10
368 16667 0 40
369 3508 0 6
370 2407 0 11
371 2361 0 10
372 1232 0 56
373 682 0 84
374 823 0 10
375 3148 0 38
376 889 0 10
377 14111 0 19
378 5746 1 0
379 1985 0 17
380 3478 0 0
381 2356 0 9
382 3176 0 10
383 1421 0 26
384 2922 0 8
385 1259 0 15
386 1045 0 70
387 188 0 24
388 1899 0 128
389 648 0 49
390 951 0 8
391 2858 0 8
392 591 0 19
393 861 0 40
394 1044 0 13
395 1411 0 7
396 3222 0 14
397 3337 0 12
398 765 0 11
399 2836 0 74
400 5789 0 11
401 1009 0 12
402 1504 0 111
403 5026 0 11
404 2845 0 16
405 889 0 8
406 690 0 29
407 2261 0 211
408 12521 0 20
409 1134 0 16
410 364 0 7
411 1009 0 93
412 2303 0 9
413 2271 0 11
414 2783 0 13
415 1021 0 12
416 1508 0 166
417 7862 0 28
418 733 0 48
419 876 0 24
420 3191 0 13
421 173 0 73
422 1648 0 10
423 709 0 316
424 3233 0 13
425 431 0 14
426 1279 0 95
427 183 1 27
428 2467 0 14
429 8167 1 516
430 1033 0 9
431 2815 0 12
432 1429 0 28
433 12909 0 21
434 181 0 42
435 3377 0 207
436 7362 0 12
437 2248 0 50
438 3544 0 16
439 7281 0 17
440 1868 0 12
441 3157 0 226
442 1966 0 231
443 2807 0 37
444 1934 0 12
445 1248 1 0
446 933 0 7
447 426 0 28
448 2222 0 9
449 247 0 11
450 1313 0 2
451 311 0 14
452 6453 0 40
453 1813 0 6
454 715 0 7
455 950 0 155
456 1053 0 74
457 14373 0 12
458 555 0 17
459 1720 1 108
460 1410 0 8
461 581 0 6
462 16723 0 213
463 2851 0 30
464 539 1 0
465 699 0 12
466 1381 0 7
467 1920 0 74
468 2028 0 20
469 3289 0 13
470 1983 0 11
471 521 0 91
472 660 0 50
473 2916 0 32
474 459 0 12
475 1386 0 36
476 1113 0 7
477 715 0 46
478 1019 0 85
479 178 0 13
480 648 0 11
481 668 0 2
482 169 1 0
483 3253 0 7
484 16911 0 8
485 3156 0 72
486 2371 0 12
487 848 0 10
488 2216 0 12
489 2104 0 23
490 416 0 44
491 1518 0 23

9 1 1454
6
492 6730 0 10
493 1356 0 9
494 524 0 35
495 1954 0 31
496 1281 0 11
497 1306 0 37

10 1 1456
134
498 787 0 13
499 2479 0 91
500 3672 0 235
501 13007 0 48
502 989 0 23
503 3217 0 64
504 686 0 110
505 1518 0 9
506 12219 0 63
507 1819 0 40
508 783 0 33
509 843 0 94
510 6584 0 10
511 77 0 9
512 1526 0 21
513 510 0 10
514 597 0 25
515 314 0 24
516 252 0 55
517 1507 0 280
518 1343 0 50
519 6952 0 12
520 1513 1 25
521 1178 0 13
522 669 0 9
523 1180 0 142
524 3359 0 39
525 829 0 11
526 531 0 95
527 2892 0 37
528 1547 0 144
529 1373 0 66
530 29 0 12
531 1181 0 10
532 1754 0 11
533 312 0 52
534 826 0 30
535 2939 0 75
536 649 0 18
537 1332 0 148
538 2859 0 22
539 352 0 19
540 14109 0 13
541 2811 0 78
542 1610 0 11
543 6561 0 30
544 3386 0 19
545 11951 0 74
546 1400 0 61
547 5043 0 7
548 761 0 12
549 1106 0 79
550 10902 0 8
551 2841 0 20
552 17332 0 11
553 1752 0 13
554 6503 0 7
555 1258 0 10
556 0 0 10
557 1133 0 88
558 302 0 13
559 1888 0 12
560 1052 0 123
561 1206 0 62
562 1473 0 60
563 1058 0 11
564 989 0 10
565 989 0 81
566 1943 0 12
567 8191 0 72
568 2409 0 37
569 1809 0 18
570 5139 0 12
571 930 1 0
572 490 0 65
573 1962 0 22
574 616 0 32
575 1027 0 8
576 6211 0 1
577 1730 0 21
578 821 1 0
579 1316 0 90
580 1133 0 9
581 767 0 29
582 1947 0 9
583 1962 0 10
584 906 0 63
585 2813 0 69
586 740 0 11
587 1531 0 22
588 3245 0 66
589 1205 0 82
590 1997 0 31
591 5093 0 11
592 552 0 28
593 1219 0 17
594 3239 0 75
595 617 0 12
596 3340 0 121
597 507 0 14
598 745 0 86
599 742 0 221
600 2907 0 12
601 1570 0 9
602 2907 1 3
603 938 0 17
604 1292 0 11
605 1303 0 9
606 278 0 11
607 1327 0 41
608 559 0 8
609 1663 0 138
610 989 0 11
611 1294 0 7
612 1291 0 35
613 1331 0 93
614 646 0 14
615 937 0 8
616 5125 0 206
617 755 0 37
618 1536 1 38
619 3617 0 14
620 2450 0 9
621 3233 0 22
622 1177 1 0
623 2120 0 9
624 7087 0 22
625 3328 0 10
626 6165 0 97
627 710 0 14
628 1990 0 90
629 602 0 32
630 1427 0 27
631 464 0 45

11 1 1456
6
632 2901 0 13
633 1441 0 29
634 1294 0 13
635 2848 0 130
636 3371 0 7
637 3346 0 11

12 1 1458
1050
638 1505 0 36
639 3910 0 10
640 1039 0 16
641 5077 0 11
642 1007 0 11
643 237 0 12
644 478 0 28
645 13280 0 8
646 6805 0 10
647 1244 0 17
648 194 0 73
649 1363 0 24
650 12649 0 11
651 677 0 22
652 3244 0 12
653 1041 0 12
654 837 0 7
655 2797 0 10
656 3215 0 122
657 1286 0 13
658 1108 0 19
659 2729 0 39
660 505 0 15
661 2868 0 24
662 833 0 96
663 625 0 12
664 554 0 12
665 1104 0 61
666 1398 0 30
667 784 0 343
668 2557 0 21
669 3232 0 10
670 3241 0 11
671 359 0 12
672 217 0 9
673 52 0 133
674 733 0 155
675 1953 0 22
676 1149 0 15
677 854 0 19
678 2539 0 39
679 3231 1 0
680 638 0 105
681 5095 0 81
682 422 0 36
683 1990 0 8
684 314 0 7
685 801 0 38
686 3200 0 13
687 1282 0 7
688 3181 0 8
689 1198 0 8
690 608 0 73
691 1518 0 9
692 824 0 18
693 1223 0 8
694 1005 0 89
695 1580 0 38
696 643 0 38
697 928 0 147
698 576 0 68
699 721 1 0
700 1063 0 36
701 1504 0 112
702 1537 0 199
703 989 0 9
704 1029 0 19
705 1430 0 13
706 2730 0 18
707 1957 0 101
708 1959 0 10
709 13017 0 147
710 1271 0 39
711 3356 0 20
712 2879 0 10
713 690 0 8
714 1511 0 16
715 1942 0 18
716 1116 0 86
717 2376 0 65
718 1010 0 18
719 1065 0 12
720 281 0 36
721 1125 0 9
722 6560 0 12
723 1715 0 46
724 1326 0 14
725 6237 0 11
726 1216 0 9
727 983 0 58
728 8843 0 13
729 1344 0 79
730 708 0 110
731 1897 0 11
732 1004 0 17
733 14462 0 14
734 1736 0 14
735 2240 0 20
736 1291 1 0
737 550 0 10
738 1605 0 44
739 1176 0 31
740 2944 0 10
741 1285 0 11
742 282 0 15
743 389 0 13
744 1476 0 12
745 1943 0 23
746 1267 0 39
747 3208 0 10
748 2193 0 8
749 799 0 12
750 3353 0 37
751 987 0 9
752 945 0 11
753 2185 0 31
754 468 0 85
755 768 0 10
756 2400 0 8
757 3100 0 36
758 1222 0 10
759 1297 0 11
760 741 0 70
761 1954 0 10
762 1407 0 83
763 3377 0 115
764 2635 0 28
765 1360 0 8
766 3152 0 10
767 1514 0 238
768 1270 0 17
769 437 0 7
770 176 0 47
771 2530 0 15
772 28 0 142
773 1376 0 23
774 921 0 81
775 1948 0 32
776 1990 0 12
777 3551 0 30
778 2393 0 17
779 12813 0 2
780 1856 0 27
781 1118 0 8
782 2018 0 47
783 738 0 12
784 337 0 33
785 700 0 41
786 3011 0 10
787 839 1 28
788 2078 0 18
789 443 0 60
790 1770 0 31
791 726 0 22
792 3871 0 13
793 174 0 6
794 1329 0 204
795 6231 0 68
796 412 0 8
797 9980 0 11
798 1513 0 7
799 1947 0 9
800 1426 0 11
801 1734 0 67
802 1523 0 23
803 1121 0 8
804 16909 0 1
805 578 0 19
806 1142 0 26
807 2841 0 12
808 1117 0 39
809 1964 0 6
810 2817 0 11
811 1431 0 46
812 251 0 12
813 502 0 11
814 915 0 18
815 2468 0 36
816 12686 0 10
817 2789 0 11
818 1072 0 11
819 1703 0 8
820 545 0 11
821 667 0 18
822 390 1 29
823 2426 0 11
824 3230 0 7
825 1362 0 29
826 6456 1 0
827 2841 0 16
828 928 0 18
829 2381 0 10
830 793 0 17
831 1051 0 12
832 719 0 32
833 268 0 16
834 181 0 130
835 1410 0 148
836 665 0 8
837 1970 0 13
838 1350 0 12
839 12404 0 53
840 533 0 17
841 1589 1 18
842 3744 0 13
843 262 0 7
844 7296 0 8
845 295 0 45
846 2381 0 10
847 1068 0 160
848 1717 0 107
849 1893 0 56
850 816 0 9
851 13008 0 29
852 1127 0 18
853 2826 0 264
854 2909 0 160
855 1421 0 11
856 3286 0 10
857 405 0 9
858 13011 0 26
859 3626 0 38
860 1110 0 39
861 7493 0 31
862 1390 0 12
863 1946 0 11
864 950 1 81
865 955 0 15
866 830 0 9
867 170 0 9
868 1840 0 83
869 3287 0 69
870 1986 0 59
871 710 0 136
872 6366 0 9
873 198 0 44
874 795 0 39
875 200 0 10
876 386 0 7
877 6951 0 8
878 434 1 320
879 7105 0 11
880 1121 0 15
881 10222 0 10
882 2016 0 13
883 232 1 0
884 823 0 8
885 1953 1 0
886 10018 0 14
887 1248 0 316
888 1179 0 13
889 8189 0 12
890 1401 0 12
891 2224 0 161
892 561 0 29
893 3375 0 34
894 798 0 142
895 1526 0 7
896 643 0 8
897 1069 0 17
898 362 0 12
899 1244 0 71
900 807 0 9
901 1424 1 0
902 5683 1 30
903 935 0 11
904 865 0 134
905 2433 0 7
906 745 0 14
907 170 0 8
908 738 0 109
909 1598 0 10
910 1283 0 67
911 2427 0 9
912 12741 0 24
913 633 0 7
914 716 0 14
915 684 0 11
916 406 0 48
917 394 0 13
918 2865 0 12
919 2070 0 66
920 1131 0 21
921 208 0 15
922 1757 0 42
923 1513 0 30
924 875 0 27
925 1982 0 24
926 10064 0 21
927 1167 0 10
928 3149 0 8
929 1596 0 150
930 715 0 12
931 2861 0 18
932 1491 0 11
933 1345 1 29
934 1985 0 27
935 1233 1 0
936 1025 0 85
937 1779 1 0
938 1682 1 422
939 906 1 438
940 1513 0 10
941 934 0 367
942 1229 1 0
943 6734 0 7
944 288 0 11
945 13010 1 5
946 901 0 10
947 2876 0 20
948 8 0 62
949 1566 0 11
950 1379 0 54
951 1487 0 8
952 381 0 34
953 471 0 8
954 1525 0 21
955 333 0 381
956 1274 0 44
957 418 0 98
958 2687 0 60
959 2899 0 52
960 897 0 67
961 3193 0 16
962 1194 0 3
963 739 1 437
964 296 0 24
965 1282 0 140
966 6178 0 13
967 563 0 7
968 12449 0 11
969 2519 0 38
970 3536 0 79
971 5095 0 12
972 749 0 7
973 444 0 132
974 514 0 11
975 3461 0 7
976 1202 0 11
977 600 0 9
978 3195 0 34
979 3339 0 15
980 1114 0 12
981 6219 0 11
982 1322 0 776
983 1627 0 100
984 3379 0 63
985 3216 0 10
986 849 0 19
987 629 0 12
988 1848 0 107
989 496 0 8
990 3174 0 12
991 972 0 84
992 503 0 16
993 5145 0 36
994 404 0 78
995 191 0 7
996 3312 0 9
997 747 0 15
998 1480 0 285
999 1338 0 157
1000 648 0 7
1001 2870 0 225
1002 5043 0 27
1003 3473 0 13
1004 2729 0 11
1005 148 0 13
1006 1276 0 11
1007 1161 0 11
1008 2266 0 35
1009 638 0 8
1010 1429 0 7
1011 603 0 11
1012 616 0 61
1013 3199 0 17
1014 986 0 25
1015 353 0 87
1016 1414 0 16
1017 293 0 24
1018 941 0 11
1019 2218 0 9
1020 2828 0 16
1021 6180 0 94
1022 1265 0 19
1023 3141 0 27
1024 1219 0 9
1025 1413 0 10
1026 612 0 19
1027 1745 0 152
1028 1758 0 26
1029 931 0 30
1030 2995 0 6
1031 533 0 21
1032 3575 0 18
1033 1680 0 74
1034 1141 0 30
1035 3349 0 8
1036 2033 0 7
1037 1905 0 9
1038 6739 0 23
1039 790 0 80
1040 801 0 9
1041 1002 0 10
1042 636 0 63
1043 7384 0 11
1044 2562 0 279
1045 1518 0 62
1046 3631 0 12
1047 1345 0 7
1048 1425 0 42
1049 456 0 9
1050 6175 0 8
1051 2352 0 12
1052 539 0 59
1053 3330 0 102
1054 5978 0 24
1055 1010 0 48
1056 1724 0 48
1057 9314 0 7
1058 1698 0 21
1059 2875 0 69
1060 1076 0 21
1061 1530 1 80
1062 303 0 15
1063 645 0 11
1064 347 0 7
1065 3366 0 15
1066 884 0 8
1067 1588 0 15
1068 6952 0 94
1069 2930 0 58
1070 338 0 10
1071 3429 0 10
1072 6630 0 130
1073 1074 0 13
1074 7534 0 13
1075 1045 0 12
1076 2463 0 10
1077 2132 0 149
1078 1140 0 42
1079 1516 0 9
1080 586 0 13
1081 1979 0 10
1082 959 0 10
1083 3165 0 56
1084 548 0 17
1085 3484 0 20
1086 287 0 29
1087 880 0 8
1088 676 1 315
1089 1856 0 17
1090 3314 0 73
1091 1094 0 16
1092 1221 0 23
1093 989 0 11
1094 561 0 20
1095 2828 0 11
1096 649 0 225
1097 942 0 11
1098 759 0 280
1099 2935 0 7
1100 2141 0 9
1101 5106 0 21
1102 1892 0 29
1103 1630 0 12
1104 138 0 11
1105 852 0 13
1106 1827 0 10
1107 6366 0 19
1108 5034 0 280
1109 311 0 99
1110 2106 0 27
1111 7471 0 11
1112 3425 0 11
1113 989 0 10
1114 559 0 12
1115 1317 0 10
1116 2575 0 39
1117 1063 0 40
1118 425 0 16
1119 571 0 25
1120 1133 0 10
1121 6951 0 7
1122 11792 0 7
1123 519 0 21
1124 5117 0 10
1125 599 0 67
1126 7308 0 9
1127 710 0 8
1128 1576 0 78
1129 5150 0 13
1130 1138 0 39
1131 777 0 9
1132 1261 0 55
1133 1518 0 10
1134 893 0 40
1135 1333 1 29
1136 721 0 177
1137 901 0 13
1138 1716 0 110
1139 365 0 7
1140 544 0 76
1141 14897 0 13
1142 428 0 11
1143 760 0 8
1144 861 0 106
1145 592 0 11
1146 3139 0 26
1147 619 0 41
1148 463 1 0
1149 2513 0 21
1150 3343 0 19
1151 387 0 12
1152 2865 0 143
1153 2729 0 35
1154 3306 1 536
1155 3315 0 9
1156 1944 0 29
1157 1173 1 0
1158 3256 0 19
1159 1203 0 9
1160 3216 0 11
1161 1512 0 35
1162 989 0 372
1163 1296 0 11
1164 977 0 617
1165 592 0 9
1166 31 0 14
1167 431 1 26
1168 1431 0 9
1169 5021 0 90
1170 1697 0 9
1171 5084 0 17
1172 706 0 8
1173 777 0 29
1174 859 0 11
1175 1026 0 41
1176 3192 0 29
1177 585 0 39
1178 1951 0 79
1179 1507 0 44
1180 1075 0 0
1181 3999 0 8
1182 1409 0 12
1183 351 0 9
1184 2806 0 11
1185 1582 0 10
1186 2800 0 71
1187 2333 0 26
1188 6730 0 9
1189 2712 0 12
1190 1900 0 50
1191 1319 0 69
1192 1175 0 13
1193 2857 0 13
1194 1238 0 71
1195 1276 0 70
1196 170 0 11
1197 6575 0 9
1198 899 0 11
1199 577 0 37
1200 1069 0 56
1201 1292 0 10
1202 169 1 400
1203 1393 0 20
1204 3368 0 24
1205 6952 0 77
1206 8192 1 24
1207 3443 0 87
1208 3323 0 57
1209 693 0 10
1210 1964 0 42
1211 5093 0 36
1212 1835 0 45
1213 871 0 10
1214 1275 0 61
1215 1317 0 41
1216 806 0 7
1217 1052 0 11
1218 5036 0 8
1219 826 0 53
1220 290 0 13
1221 975 0 8
1222 1647 0 17
1223 1517 0 9
1224 1513 0 12
1225 2857 0 13
1226 1188 1 15
1227 1270 1 26
1228 2813 0 11
1229 1947 0 188
1230 1954 0 45
1231 848 0 30
1232 2310 0 12
1233 13918 0 9
1234 1281 0 10
1235 2798 0 38
1236 1349 0 9
1237 917 0 70
1238 1181 0 21
1239 7327 1 19
1240 505 0 82
1241 798 0 0
1242 2849 0 16
1243 1149 0 68
1244 7292 0 9
1245 1335 0 35
1246 1671 0 38
1247 642 0 12
1248 2555 0 9
1249 7309 0 276
1250 222 0 10
1251 646 0 187
1252 2246 1 0
1253 653 0 9
1254 1278 0 80
1255 12925 0 18
1256 1505 1 566
1257 1083 0 77
1258 5112 0 13
1259 438 0 13
1260 870 1 0
1261 444 0 130
1262 889 0 8
1263 2842 0 7
1264 5082 0 9
1265 1072 0 38
1266 3331 0 18
1267 513 0 11
1268 7184 0 12
1269 821 0 13
1270 938 0 11
1271 61 0 27
1272 3378 0 148
1273 2892 0 21
1274 7038 0 13
1275 1455 0 121
1276 473 0 67
1277 988 0 9
1278 724 0 17
1279 1296 0 9
1280 2481 0 10
1281 3601 0 170
1282 7366 0 129
1283 1218 0 8
1284 2920 0 11
1285 1095 0 14
1286 1358 1 597
1287 472 0 64
1288 2869 1 142
1289 3315 0 38
1290 3149 0 10
1291 516 0 42
1292 2164 0 54
1293 848 0 37
1294 1129 0 220
1295 12075 0 7
1296 652 0 52
1297 711 0 34
1298 1086 0 60
1299 1386 0 42
1300 578 0 7
1301 6102 0 81
1302 912 0 10
1303 2012 0 88
1304 375 0 137
1305 977 0 8
1306 358 0 72
1307 1817 0 8
1308 863 0 10
1309 1300 0 10
1310 313 0 6
1311 899 0 7
1312 7808 0 53
1313 373 0 38
1314 7407 0 23
1315 1111 0 13
1316 3402 1 62
1317 610 0 180
1318 3907 0 54
1319 1513 0 11
1320 3254 0 37
1321 536 0 186
1322 524 0 59
1323 1427 0 14
1324 382 0 8
1325 3248 0 11
1326 6732 0 17
1327 1180 0 13
1328 2168 0 9
1329 1149 0 14
1330 1280 0 27
1331 952 0 17
1332 198 0 9
1333 6871 0 145
1334 6580 0 612
1335 972 1 0
1336 1725 0 172
1337 7003 0 10
1338 14378 0 92
1339 1462 0 30
1340 3122 0 11
1341 922 1 596
1342 1517 0 13
1343 649 0 134
1344 673 0 15
1345 1028 0 57
1346 5047 0 342
1347 3194 0 6
1348 1082 0 13
1349 1414 0 40
1350 1301 0 149
1351 1198 0 9
1352 672 0 11
1353 12646 0 11
1354 648 0 19
1355 1962 0 12
1356 485 0 11
1357 573 0 15
1358 1943 0 11
1359 1537 0 10
1360 11502 0 8
1361 1687 0 3
1362 3968 0 6
1363 2903 0 13
1364 8549 0 122
1365 3356 0 26
1366 645 0 18
1367 1187 0 13
1368 8899 0 65
1369 12476 0 7
1370 6099 0 13
1371 968 0 13
1372 647 0 114
1373 168 0 14
1374 3625 0 98
1375 688 0 14
1376 3229 0 14
1377 1494 0 15
1378 1821 0 8
1379 535 0 11
1380 1080 0 15
1381 618 0 52
1382 939 0 7
1383 1060 0 9
1384 3437 0 10
1385 2470 0 213
1386 2387 0 30
1387 3538 0 103
1388 7302 0 6
1389 1516 0 13
1390 629 0 38
1391 645 0 13
1392 246 0 24
1393 12257 0 13
1394 1835 0 131
1395 1558 0 10
1396 3225 0 11
1397 2307 0 63
1398 3314 0 71
1399 3333 0 20
1400 191 0 28
1401 1136 0 11
1402 989 0 11
1403 586 0 17
1404 1959 0 3
1405 5074 0 6
1406 1353 0 30
1407 548 0 10
1408 1176 0 45
1409 1855 0 73
1410 6861 0 13
1411 1130 0 8
1412 948 0 9
1413 5086 0 172
1414 1312 0 51
1415 1070 0 97
1416 588 0 13
1417 435 0 241
1418 2934 1 438
1419 447 0 13
1420 898 0 8
1421 6766 0 12
1422 950 0 14
1423 9981 0 32
1424 2371 0 34
1425 627 0 29
1426 1948 0 27
1427 7477 0 9
1428 3378 0 18
1429 181 0 10
1430 2001 0 53
1431 2525 0 34
1432 339 0 47
1433 5096 0 7
1434 692 0 23
1435 5130 0 16
1436 1976 0 9
1437 7856 0 7
1438 1360 0 2
1439 912 0 11
1440 9313 0 23
1441 2679 0 37
1442 378 0 40
1443 2924 0 9
1444 5126 0 26
1445 657 0 8
1446 13262 0 12
1447 507 0 9
1448 2764 0 12
1449 643 0 7
1450 5963 0 130
1451 1513 0 37
1452 5019 0 15
1453 3154 0 3
1454 527 0 13
1455 3342 0 70
1456 3006 0 24
1457 3169 0 66
1458 1428 0 283
1459 755 0 418
1460 3373 0 10
1461 177 0 7
1462 1241 0 13
1463 1053 0 10
1464 3186 0 10
1465 1933 0 7
1466 1401 0 37
1467 1967 0 171
1468 758 0 47
1469 3698 0 8
1470 1529 0 34
1471 12527 0 7
1472 12337 0 7
1473 3315 0 114
1474 1522 0 36
1475 15985 0 66
1476 5088 0 67
1477 915 0 135
1478 477 0 7
1479 1542 0 13
1480 1092 0 11
1481 7510 0 16
1482 7998 0 92
1483 1130 1 0
1484 17470 0 39
1485 16321 0 10
1486 1699 0 11
1487 681 0 73
1488 763 0 8
1489 2074 0 13
1490 1390 0 12
1491 5048 0 160
1492 3132 0 7
1493 1561 0 11
1494 2536 0 114
1495 820 0 9
1496 669 0 38
1497 197 0 15
1498 1375 0 11
1499 1425 0 12
1500 848 0 9
1501 9310 0 13
1502 1346 0 175
1503 3302 0 9
1504 504 0 16
1505 1076 0 12
1506 12539 0 9
1507 1973 0 18
1508 1021 0 18
1509 966 0 29
1510 6914 0 11
1511 5031 0 7
1512 1575 0 10
1513 1995 0 11
1514 1952 0 146
1515 1233 0 11
1516 2321 0 8
1517 849 0 9
1518 2813 0 18
1519 3561 0 24
1520 517 0 12
1521 1334 0 16
1522 1099 0 8
1523 2901 0 32
1524 2466 0 9
1525 1854 0 8
1526 3799 0 28
1527 784 0 17
1528 890 0 258
1529 3230 0 7
1530 6455 0 160
1531 513 0 17
1532 1024 0 17
1533 1143 0 11
1534 506 0 42
1535 1131 0 19
1536 183 0 12
1537 1065 0 223
1538 1379 0 18
1539 2968 0 12
1540 1301 0 10
1541 657 0 41
1542 5343 0 37
1543 1526 1 0
1544 1504 0 11
1545 759 0 9
1546 1389 0 128
1547 5082 0 11
1548 2471 0 28
1549 1580 0 8
1550 992 0 100
1551 1836 0 19
1552 8829 0 11
1553 1066 0 96
1554 3379 0 43
1555 1964 0 11
1556 1909 0 27
1557 2540 0 12
1558 1149 0 38
1559 1972 0 23
1560 5136 0 14
1561 1697 0 40
1562 2030 0 8
1563 378 0 17
1564 1516 1 85
1565 3316 0 107
1566 888 0 21
1567 1370 1 81
1568 170 0 7
1569 406 0 110
1570 2406 0 9
1571 1417 0 168
1572 5091 0 70
1573 857 0 13
1574 1396 0 11
1575 729 0 33
1576 240 0 43
1577 2660 0 8
1578 1991 0 8
1579 270 0 8
1580 2900 0 23
1581 272 0 125
1582 3348 0 106
1583 1338 0 34
1584 770 0 13
1585 3247 0 38
1586 693 1 0
1587 463 0 21
1588 881 0 98
1589 2723 0 7
1590 246 0 8
1591 1419 0 9
1592 3215 0 9
1593 1041 0 163
1594 2827 0 30
1595 875 0 11
1596 3726 0 40
1597 189 0 10
1598 1200 0 13
1599 930 0 113
1600 1057 0 8
1601 2523 0 7
1602 3564 0 23
1603 608 0 143
1604 3335 0 16
1605 3314 0 42
1606 2110 0 12
1607 1513 0 52
1608 1485 0 68
1609 737 0 10
1610 2818 0 12
1611 1275 0 7
1612 387 0 16
1613 18 0 12
1614 1431 0 37
1615 1909 0 20
1616 1066 0 7
1617 2456 0 16
1618 1926 0 7
1619 928 0 16
1620 1181 0 13
1621 886 0 17
1622 5040 0 11
1623 2030 1 314
1624 3252 0 14
1625 331 0 27
1626 816 0 13
1627 1943 0 13
1628 1057 0 13
1629 1221 1 0
1630 1418 0 90
1631 7718 0 9
1632 634 0 377
1633 989 0 5
1634 1972 0 12
1635 3268 0 44
1636 186 0 89
1637 1886 0 14
1638 7050 0 34
1639 212 0 9
1640 1962 0 43
1641 3201 0 79
1642 1197 0 8
1643 1236 0 11
1644 2236 0 11
1645 1272 0 14
1646 699 0 13
1647 7304 0 14
1648 1732 0 14
1649 1024 0 12
1650 6553 1 0
1651 3246 0 10
1652 1082 0 10
1653 332 0 13
1654 763 0 40
1655 2192 1 145
1656 3354 0 438
1657 1051 0 15
1658 3211 0 69
1659 1988 0 12
1660 2159 0 19
1661 1514 0 16
1662 894 0 10
1663 2100 0 48
1664 5109 0 11
1665 650 0 9
1666 9133 0 53
1667 6874 0 12
1668 255 1 272
1669 2546 0 11
1670 1490 0 11
1671 2914 0 15
1672 2410 0 10
1673 774 0 80
1674 739 0 9
1675 1095 0 17
1676 1194 0 11
1677 5804 0 70
1678 3776 0 47
1679 1645 0 92
1680 734 0 403
1681 1330 0 8
1682 7502 0 8
1683 7311 1 36
1684 1202 1 0
1685 7535 0 10
1686 525 0 8
1687 1066 0 131

13 1 1459
4
1688 1780 0 86
1689 989 0 52
1690 3563 0 26
1691 2852 0 19

14 1 1461
1
1692 7359 0 8

15 1 1481
25
1693 164 0 12
1694 1580 0 9
1695 226 0 54
1696 812 0 17
1697 993 0 11
1698 1314 0 13
1699 3358 0 10
1700 7050 0 38
1701 1510 0 11
1702 7253 0 9
1703 809 0 19
1704 1204 0 6
1705 455 0 75
1706 976 0 149
1707 2900 0 112
1708 5094 0 13
1709 2435 0 64
1710 2906 0 9
1711 937 0 10
1712 921 0 34
1713 912 0 168
1714 12229 0 63
1715 2784 0 40
1716 2433 0 110
1717 1303 0 150

16 1 1491
22
1718 753 0 133
1719 1960 0 11
1720 961 0 15
1721 186 0 19
1722 5051 0 110
1723 1350 0 11
1724 1292 0 5
1725 1784 0 67
1726 747 0 7
1727 468 0 13
1728 3930 0 14
1729 1330 0 11
1730 767 0 9
1731 657 0 43
1732 13385 0 72
1733 662 0 11
1734 2356 0 55
1735 1037 0 420
1736 527 0 42
1737 803 0 134
1738 3517 0 11
1739 6447 1 0

17 1 1491
50
1740 353 0 14
1741 384 0 13
1742 1236 0 8
1743 804 0 17
1744 2955 0 8
1745 2903 0 38
1746 669 0 6
1747 1334 0 11
1748 642 0 7
1749 1537 0 12
1750 2923 0 7
1751 895 1 0
1752 3222 0 9
1753 511 0 270
1754 553 0 16
1755 1325 0 9
1756 3151 0 13
1757 2954 0 97
1758 13916 1 0
1759 1964 0 41
1760 1101 0 18
1761 7367 0 6
1762 6366 0 22
1763 7050 0 36
1764 387 0 59
1765 1429 0 7
1766 3271 0 7
1767 2302 0 92
1768 1703 0 8
1769 5084 0 110
1770 3383 0 10
1771 1346 1 110
1772 3011 0 63
1773 1162 0 56
1774 609 0 9
1775 2491 0 7
1776 445 0 78
1777 2711 0 7
1778 26 0 13
1779 1218 0 18
1780 1207 0 11
1781 2552 0 306
1782 5042 0 9
1783 17619 0 188
1784 837 0 100
1785 6747 0 7
1786 537 0 9
1787 3353 0 44
1788 925 0 175
1789 2327 0 11

18 1 1497
135
1790 1267 0 307
1791 772 0 26
1792 1968 0 133
1793 1397 0 99
1794 6226 0 7
1795 660 0 2
1796 1535 0 39
1797 1445 0 7
1798 1091 0 68
1799 1960 0 23
1800 3531 0 807
1801 1183 0 72
1802 1348 0 13
1803 1034 0 10
1804 3677 0 14
1805 1384 0 9
1806 6213 1 89
1807 1974 0 209
1808 3673 0 12
1809 11480 0 76
1810 3379 0 75
1811 732 0 53
1812 1322 0 9
1813 1678 0 10
1814 2031 0 72
1815 1299 0 45
1816 1753 0 13
1817 160 0 67
1818 1210 0 7
1819 1996 0 54
1820 1910 0 46
1821 717 0 32
1822 1409 0 9
1823 1976 0 12
1824 2572 0 9
1825 512 0 70
1826 607 0 7
1827 1991 0 8
1828 2428 0 38
1829 1958 0 37
1830 12816 0 10
1831 1423 0 12
1832 653 0 23
1833 1049 0 13
1834 628 0 49
1835 1941 0 8
1836 1948 0 8
1837 932 0 151
1838 1802 0 28
1839 833 0 6
1840 1069 0 8
1841 1180 0 7
1842 1972 0 12
1843 181 0 30
1844 5056 0 44
1845 618 0 10
1846 1081 0 16
1847 646 0 12
1848 1414 0 72
1849 825 0 14
1850 5834 0 14
1851 695 0 8
1852 1412 0 10
1853 3507 0 11
1854 928 0 24
1855 602 0 8
1856 2947 0 95
1857 2197 0 10
1858 1220 0 13
1859 723 0 7
1860 1336 0 81
1861 1340 0 22
1862 1429 0 25
1863 1363 0 18
1864 2350 0 39
1865 3245 0 7
1866 1529 0 10
1867 2420 0 72
1868 2853 0 14
1869 2933 0 10
1870 1984 0 13
1871 2858 0 82
1872 1320 0 52
1873 814 0 29
1874 423 0 20
1875 7538 1 20
1876 1400 0 10
1877 3293 0 13
1878 360 0 15
1879 6010 0 13
1880 2821 0 10
1881 1249 0 9
1882 4029 0 41
1883 618 0 51
1884 2049 0 13
1885 341 0 39
1886 432 0 72
1887 297 0 23
1888 783 0 144
1889 3293 0 13
1890 5026 0 12
1891 2877 0 12
1892 618 1 0
1893 1826 0 33
1894 186 0 13
1895 1430 0 3
1896 274 1 0
1897 5140 0 24
1898 6735 0 135
1899 2306 0 182
1900 631 0 156
1901 989 0 46
1902 930 0 13
1903 1387 0 8
1904 891 0 21
1905 1444 0 171
1906 1204 0 28
1907 1868 0 50
1908 698 0 103
1909 3601 0 16
1910 2541 0 8
1911 7032 0 7
1912 685 0 42
1913 1280 0 9
1914 538 0 8
1915 6579 0 17
1916 953 0 7
1917 2575 0 249
1918 948 0 13
1919 1537 0 49
1920 9303 0 8
1921 3137 0 11
1922 485 0 99
1923 1176 0 9
1924 755 0 63

19 0 301433
26
1925 625 0 99
1926 1152 0 9
1927 2936 0 188
1928 1186 0 10
1929 1418 0 14
1930 1165 0 16
1931 1505 0 11
1932 1012 0 17
1933 12865 0 7
1934 1830 0 21
1935 1438 0 54
1936 823 0 42
1937 657 0 64
1938 2150 0 19
1939 2541 0 7
1940 13917 0 76
1941 1798 0 11
1942 7861 0 70
1943 448 0 15
1944 1153 0 94
1945 697 0 12
1946 1305 0 10
1947 2307 0 12
1948 3217 0 81
1949 1076 0 111
1950 1113 0 134

