20

0 0 296
8
0 3326 1 627
1 498 0 9
2 6555 0 11
3 989 0 42
4 3414 0 11
5 894 0 7
6 3198 0 8
7 383 0 29

1 0 538
22
8 7051 0 12
9 1490 1 61
10 1429 0 11
11 1030 0 9
12 393 0 10
13 305 0 7
14 1941 0 45
15 1356 0 29
16 3287 0 11
17 5098 0 10
18 3094 1 0
19 1146 0 12
20 1618 0 12
21 13008 0 8
22 640 0 13
23 459 0 176
24 686 0 88
25 3769 0 10
26 13070 0 98
27 8763 0 40
28 1510 0 17
29 1672 0 11

2 1 699
50
30 6748 0 8
31 2108 0 34
32 8169 0 53
33 819 0 8
34 845 0 89
35 2799 0 24
36 2067 0 7
37 2872 0 12
38 233 0 31
39 1966 0 17
40 922 0 13
41 7984 0 47
42 367 1 0
43 444 0 11
44 257 0 42
45 170 0 15
46 767 0 148
47 559 0 14
48 944 0 78
49 1319 0 8
50 1162 0 113
51 921 0 122
52 2160 0 29
53 5145 0 9
54 1140 0 45
55 459 0 13
56 6180 0 9
57 1991 0 19
58 989 0 13
59 3329 0 9
60 812 0 7
61 2418 0 9
62 3345 0 48
63 1410 1 64
64 1413 0 14
65 762 0 13
66 1414 0 10
67 593 0 12
68 1410 0 10
69 1868 0 8
70 1969 1 0
71 821 0 9
72 1771 0 11
73 300 0 38
74 614 0 153
75 1636 0 208
76 1259 0 11
77 1287 0 9
78 652 0 8
79 14917 0 9

3 0 705
1242
80 3372 0 6
81 2399 0 9
82 1506 0 242
83 2369 0 32
84 1621 0 8
85 758 0 143
86 1403 0 13
87 1513 1 6
88 1059 0 18
89 507 0 20
90 743 0 81
91 1237 0 11
92 7680 0 9
93 266 0 30
94 544 0 130
95 1529 0 7
96 1031 0 12
97 2836 0 77
98 448 0 11
99 6144 1 0
100 7385 0 18
101 1124 0 16
102 635 0 7
103 1114 0 11
104 1897 1 266
105 1243 0 37
106 1101 0 15
107 3379 1 0
108 1328 0 14
109 1177 0 10
110 1513 0 13
111 1513 0 34
112 614 0 13
113 2079 0 8
114 3311 0 8
115 1066 0 18
116 3250 0 12
117 992 0 10
118 246 0 7
119 3314 0 13
120 1217 0 25
121 1954 0 10
122 387 0 33
123 1887 1 61
124 2371 0 8
125 1589 0 9
126 1675 0 11
127 7321 0 7
128 2866 0 7
129 2258 0 13
130 2207 0 91
131 1018 0 110
132 1528 0 21
133 981 0 54
134 1181 0 16
135 6951 0 2
136 8182 0 98
137 899 0 22
138 1378 0 72
139 2852 0 19
140 549 0 9
141 2506 0 8
142 2040 0 12
143 2863 0 19
144 712 0 12
145 869 0 815
146 1968 0 11
147 3548 0 56
148 3723 0 7
149 5973 0 63
150 3374 0 12
151 11819 0 11
152 1005 0 12
153 1375 0 13
154 2404 0 12
155 1955 0 31
156 3390 0 16
157 890 1 20
158 1424 0 14
159 873 0 18
160 3373 0 157
161 545 0 9
162 2564 0 19
163 2889 0 154
164 5008 0 613
165 1933 0 8
166 696 0 409
167 706 0 14
168 5969 0 11
169 1731 0 13
170 1121 0 144
171 5014 0 22
172 5093 0 18
173 2616 0 9
174 1703 0 8
175 1854 0 13
176 1104 0 11
177 17280 0 33
178 237 0 41
179 2551 0 55
180 1516 0 40
181 1407 0 10
182 1755 1 31
183 6455 0 33
184 2923 0 14
185 874 0 10
186 6955 0 40
187 782 0 12
188 1832 0 47
189 1243 0 13
190 6198 0 25
191 1016 0 42
192 7861 0 42
193 3216 0 8
194 613 0 12
195 1298 0 7
196 10018 0 38
197 1027 0 7
198 1143 0 11
199 1281 0 10
200 1331 0 11
201 491 0 121
202 3584 0 6
203 2500 0 9
204 5091 0 11
205 1127 0 40
206 1620 0 11
207 1979 0 50
208 883 0 9
209 148 0 78
210 3373 0 9
211 2586 0 76
212 3099 0 94
213 3444 0 87
214 818 0 90
215 86 0 41
216 6172 0 113
217 3616 0 144
218 1676 0 102
219 1228 0 18
220 3364 0 8
221 2995 0 20
222 3457 0 10
223 7049 0 123
224 754 0 33
225 194 0 9
226 639 0 13
227 211 0 71
228 1244 0 8
229 3378 0 13
230 1516 0 10
231 970 0 8
232 1941 0 10
233 3376 0 8
234 2015 1 0
235 1167 0 13
236 3530 0 49
237 1978 0 18
238 1334 0 9
239 6623 0 5
240 428 0 10
241 822 0 76
242 623 0 30
243 798 0 8
244 194 0 98
245 2905 0 67
246 3465 0 29
247 964 0 14
248 547 0 51
249 1478 1 33
250 608 0 8
251 2828 0 11
252 5106 0 7
253 1886 0 43
254 1346 0 17
255 7903 0 17
256 1947 0 30
257 3696 0 71
258 1936 0 10
259 921 0 8
260 206 0 24
261 989 0 23
262 529 0 10
263 953 0 12
264 1978 0 16
265 1528 0 25
266 3225 0 7
267 2967 0 17
268 987 0 160
269 3550 0 57
270 2741 0 171
271 411 0 48
272 1256 0 9
273 971 0 74
274 866 0 82
275 1462 0 28
276 1060 0 7
277 144 0 11
278 802 0 29
279 1431 0 19
280 2309 0 30
281 652 0 9
282 2892 0 7
283 1384 0 33
284 2849 0 8
285 1423 0 78
286 1135 0 38
287 948 0 22
288 324 0 8
289 3227 0 9
290 1180 0 108
291 833 0 41
292 480 0 48
293 2047 0 31
294 748 0 132
295 1933 0 145
296 6747 0 177
297 1979 0 9
298 3252 0 11
299 223 0 13
300 2918 0 9
301 1244 0 10
302 501 0 9
303 1287 0 12
304 882 0 37
305 675 0 14
306 624 0 13
307 200 0 10
308 1652 0 10
309 1236 0 8
310 687 0 26
311 1844 0 6
312 427 0 14
313 1516 0 131
314 789 0 39
315 2025 0 40
316 2740 0 9
317 1977 0 11
318 538 0 70
319 997 0 36
320 1054 0 9
321 1421 0 128
322 1084 0 85
323 526 0 273
324 773 0 429
325 893 0 8
326 8095 0 27
327 1971 0 14
328 716 0 10
329 5925 0 222
330 503 0 11
331 1168 0 17
332 1154 0 9
333 442 1 314
334 545 0 70
335 1179 0 9
336 325 0 16
337 1238 0 7
338 3148 0 6
339 2240 0 10
340 851 0 30
341 424 0 6
342 2779 0 3
343 600 0 13
344 823 0 24
345 14369 0 8
346 812 0 17
347 1144 0 105
348 837 0 8
349 5133 0 317
350 16467 0 83
351 789 0 17
352 3333 0 7
353 1429 0 10
354 1222 0 9
355 782 0 0
356 1144 0 7
357 569 0 104
358 361 0 20
359 748 1 0
360 1545 0 9
361 1899 0 31
362 851 0 35
363 198 0 32
364 1878 0 12
365 1048 0 95
366 526 0 15
367 9315 0 10
368 2929 0 10
369 1976 0 14
370 1408 0 616
371 665 0 11
372 1424 0 88
373 1986 0 11
374 1958 0 39
375 960 0 89
376 9363 0 9
377 300 0 5
378 192 0 9
379 619 1 295
380 5036 0 256
381 3926 0 9
382 948 0 7
383 3225 0 5
384 3438 0 36
385 1199 0 16
386 1050 0 7
387 600 0 34
388 407 0 9
389 501 0 7
390 2794 0 9
391 3293 0 55
392 1031 0 13
393 3333 0 173
394 752 0 241
395 929 0 21
396 354 0 11
397 1505 1 0
398 1526 0 13
399 6951 0 12
400 788 0 11
401 2325 0 13
402 884 0 6
403 387 1 0
404 1965 0 38
405 12220 0 19
406 3172 0 11
407 1938 0 12
408 2911 1 566
409 1018 0 10
410 575 0 35
411 815 0 12
412 416 0 15
413 1513 0 28
414 304 0 10
415 1444 0 195
416 1526 0 24
417 1063 0 10
418 5040 0 262
419 3985 1 319
420 8022 1 0
421 2859 0 160
422 1865 0 13
423 2393 0 12
424 427 0 19
425 2536 0 57
426 1060 0 10
427 2204 0 8
428 2917 0 11
429 1525 0 13
430 3296 0 11
431 1522 0 40
432 763 0 29
433 3178 0 10
434 1954 0 10
435 586 0 8
436 1146 0 12
437 608 0 13
438 2849 0 13
439 992 0 39
440 1539 0 18
441 1976 0 8
442 1375 0 68
443 945 0 19
444 517 0 7
445 852 0 7
446 1104 0 9
447 754 0 9
448 924 0 21
449 1043 0 72
450 1145 0 8
451 2395 1 400
452 1985 0 12
453 13593 0 8
454 1322 0 8
455 2545 0 11
456 1967 0 9
457 23 0 9
458 1479 0 13
459 919 0 8
460 1011 0 7
461 610 0 11
462 1310 0 248
463 1425 0 13
464 3518 0 8
465 1603 1 20
466 1641 0 12
467 1430 0 8
468 5070 0 11
469 2794 0 111
470 1530 0 7
471 183 0 39
472 17650 0 20
473 480 0 17
474 790 0 63
475 872 0 30
476 1424 0 19
477 1525 0 36
478 16199 0 33
479 1268 0 111
480 10640 0 21
481 1960 0 37
482 822 0 42
483 841 0 12
484 1367 0 12
485 675 0 12
486 1168 0 13
487 191 0 9
488 3749 0 12
489 3143 0 22
490 1295 0 19
491 3160 0 72
492 3272 0 66
493 1241 0 13
494 3107 0 10
495 445 0 39
496 1097 0 8
497 8191 0 10
498 819 0 13
499 6475 0 10
500 3384 0 8
501 1929 0 8
502 1062 0 24
503 573 0 15
504 660 0 24
505 2508 0 8
506 3368 0 112
507 270 0 63
508 13064 0 14
509 1304 0 11
510 2089 0 9
511 7775 0 128
512 16235 0 19
513 1344 0 12
514 1523 0 22
515 3364 0 7
516 3218 0 8
517 989 0 33
518 578 0 11
519 1510 0 71
520 1304 0 53
521 1307 0 15
522 1129 0 9
523 1188 0 13
524 1879 0 13
525 715 0 16
526 2587 0 38
527 886 0 13
528 202 0 16
529 1296 0 78
530 3614 0 44
531 2120 0 35
532 7470 0 13
533 14927 0 38
534 841 0 10
535 1267 0 3
536 6729 0 13
537 5070 0 31
538 436 0 220
539 3205 0 13
540 8187 0 20
541 1620 0 12
542 1125 0 8
543 6175 0 45
544 197 0 38
545 1291 0 36
546 1972 0 12
547 3179 0 53
548 614 0 8
549 1122 0 70
550 5875 0 10
551 12531 0 36
552 1970 0 8
553 1181 0 9
554 6779 0 10
555 8950 0 8
556 2496 0 8
557 1945 0 69
558 1501 0 65
559 72 0 74
560 1059 0 20
561 783 0 53
562 1346 0 7
563 1195 0 11
564 1035 0 10
565 5122 0 39
566 3367 0 168
567 618 0 8
568 981 1 0
569 799 0 8
570 14543 0 10
571 833 0 48
572 11945 1 17
573 1408 0 20
574 1431 0 20
575 3190 0 28
576 3367 0 17
577 7268 0 12
578 1100 0 12
579 1091 0 22
580 1609 1 0
581 198 0 8
582 7499 0 52
583 2663 0 77
584 867 0 52
585 787 0 7
586 555 0 10
587 1269 0 278
588 5069 0 13
589 814 0 15
590 2860 0 13
591 142 0 13
592 1089 0 11
593 637 0 24
594 3208 0 23
595 3357 0 9
596 12428 0 11
597 171 0 13
598 1206 0 14
599 840 1 17
600 1947 0 9
601 1979 0 26
602 2250 0 5
603 14376 0 25
604 1906 0 59
605 2757 0 15
606 1160 0 8
607 1727 1 17
608 1243 1 26
609 777 0 18
610 1896 0 39
611 1040 0 77
612 7402 0 11
613 524 0 131
614 1314 0 7
615 791 0 11
616 940 0 11
617 676 0 8
618 1088 0 44
619 11872 1 0
620 1421 0 69
621 6149 0 11
622 3449 1 0
623 587 0 265
624 3373 0 25
625 1305 0 35
626 648 0 101
627 1253 0 106
628 3184 0 11
629 821 0 27
630 1596 0 30
631 6926 0 72
632 359 0 8
633 606 0 8
634 823 1 28
635 3564 0 11
636 835 0 21
637 1424 0 7
638 3258 0 28
639 354 0 105
640 2519 0 13
641 1892 0 8
642 875 0 19
643 796 0 11
644 3183 0 28
645 3326 0 54
646 6203 0 130
647 435 0 12
648 1967 0 160
649 929 0 20
650 1524 0 302
651 2005 0 12
652 1233 0 8
653 971 0 72
654 706 0 11
655 2725 0 7
656 898 0 12
657 1956 0 14
658 1183 0 231
659 1987 0 93
660 5139 0 12
661 1511 0 8
662 1131 0 49
663 1320 0 55
664 17570 0 6
665 935 0 12
666 1990 0 10
667 7371 0 10
668 1431 0 7
669 1856 0 12
670 1431 0 161
671 786 0 9
672 7049 0 133
673 1131 0 13
674 5070 0 31
675 1050 0 16
676 313 0 9
677 1529 0 11
678 1979 0 7
679 13569 0 51
680 5023 0 11
681 2311 0 91
682 1099 0 7
683 1427 0 8
684 392 0 14
685 414 0 75
686 7838 0 11
687 2301 0 37
688 701 0 10
689 5036 0 12
690 620 0 11
691 171 0 10
692 699 1 400
693 5871 0 19
694 14849 0 41
695 1079 0 9
696 5774 1 102
697 1970 0 46
698 1978 0 32
699 97 0 321
700 421 0 12
701 1493 1 400
702 581 0 15
703 3511 0 24
704 1821 0 11
705 1429 0 8
706 927 0 36
707 1036 0 193
708 458 0 7
709 608 0 11
710 90 0 10
711 1126 1 122
712 701 0 17
713 3196 0 98
714 691 0 7
715 1537 0 7
716 903 0 19
717 2079 0 18
718 310 0 13
719 1759 0 8
720 989 0 11
721 2039 0 44
722 2815 0 9
723 1946 0 13
724 1430 0 61
725 1945 0 9
726 1970 0 37
727 2218 0 8
728 2938 0 10
729 497 0 10
730 1537 0 16
731 6734 0 38
732 1140 0 25
733 925 0 11
734 832 0 23
735 999 0 9
736 1295 0 13
737 648 0 12
738 299 0 8
739 1101 0 12
740 2892 0 89
741 1337 0 8
742 2748 0 6
743 575 0 9
744 1232 0 19
745 2430 0 8
746 1219 0 8
747 2809 0 14
748 531 0 10
749 697 0 12
750 1257 0 19
751 585 0 79
752 1192 0 9
753 3302 0 13
754 10402 0 8
755 1367 0 8
756 7404 0 29
757 6746 1 0
758 1288 0 22
759 592 0 7
760 1944 0 40
761 13569 0 11
762 1991 1 514
763 3255 0 11
764 989 0 22
765 1305 0 8
766 1149 1 51
767 744 0 11
768 7390 0 11
769 2447 0 73
770 459 0 62
771 2478 0 57
772 2460 0 11
773 1917 0 9
774 3156 0 9
775 2492 0 353
776 1119 0 13
777 3176 0 30
778 5090 0 175
779 1587 0 140
780 2875 0 201
781 1733 0 9
782 656 0 9
783 1290 0 9
784 14111 0 40
785 254 0 45
786 721 0 12
787 8830 0 8
788 1677 0 14
789 1414 0 9
790 247 0 9
791 1465 1 0
792 700 0 8
793 1945 0 8
794 1702 0 12
795 989 0 320
796 1673 0 12
797 1144 0 217
798 2449 0 12
799 805 0 17
800 1961 0 10
801 580 0 7
802 465 0 10
803 1635 0 17
804 1402 0 13
805 14389 0 29
806 3343 0 26
807 2343 0 97
808 3373 0 31
809 851 0 69
810 876 0 9
811 1299 0 11
812 1131 0 94
813 1032 0 23
814 424 0 18
815 1197 0 41
816 658 0 79
817 456 0 48
818 714 0 6
819 427 0 43
820 604 0 48
821 547 0 57
822 1246 0 119
823 334 1 0
824 1312 0 54
825 1185 0 15
826 779 0 14
827 3378 0 37
828 441 0 15
829 542 0 104
830 2156 0 14
831 694 0 70
832 3254 0 29
833 1137 0 9
834 1140 1 0
835 1700 0 118
836 1672 0 13
837 1016 0 29
838 492 0 8
839 558 0 12
840 1149 0 11
841 1270 0 11
842 477 0 14
843 1068 0 9
844 1581 0 16
845 2958 0 59
846 47 0 92
847 1377 0 11
848 2307 0 16
849 3482 0 14
850 2169 0 18
851 698 0 63
852 5076 0 12
853 3201 0 10
854 1970 0 9
855 3374 0 24
856 785 0 11
857 459 0 11
858 677 0 11
859 380 0 106
860 444 0 9
861 937 0 7
862 856 0 10
863 5758 0 10
864 581 0 7
865 1697 0 8
866 977 0 148
867 1947 0 39
868 528 0 69
869 3283 0 11
870 2371 0 100
871 955 0 13
872 3497 0 16
873 2344 0 46
874 1367 0 19
875 1423 0 11
876 1794 0 39
877 1979 0 8
878 1981 0 9
879 475 0 91
880 747 0 24
881 594 1 516
882 7920 0 9
883 550 0 8
884 1305 0 6
885 1024 0 16
886 492 0 7
887 989 0 150
888 1289 0 12
889 6244 0 29
890 586 0 189
891 3222 0 32
892 302 0 130
893 1392 0 16
894 240 0 12
895 995 0 67
896 2830 0 18
897 781 0 69
898 742 0 25
899 344 0 18
900 6206 0 18
901 2956 0 10
902 1081 0 12
903 417 0 38
904 1620 0 11
905 2493 0 19
906 2721 0 53
907 536 0 8
908 555 0 8
909 739 0 8
910 647 1 40
911 2333 0 9
912 2589 0 15
913 181 0 14
914 4146 0 141
915 2474 0 9
916 2726 0 9
917 6456 0 51
918 1264 0 76
919 17470 0 9
920 1332 0 71
921 2805 0 14
922 991 0 130
923 1351 0 27
924 1193 0 13
925 302 0 34
926 1381 0 189
927 1392 0 32
928 3345 0 11
929 1077 0 7
930 454 0 39
931 989 0 48
932 3969 0 10
933 564 0 49
934 1256 0 15
935 196 0 14
936 177 0 10
937 2668 0 12
938 1418 0 71
939 984 0 39
940 1379 0 9
941 1356 0 28
942 3374 0 151
943 1140 0 17
944 1275 0 33
945 2408 0 6
946 357 0 11
947 5108 1 110
948 1863 0 42
949 1380 1 0
950 3154 0 22
951 1259 0 8
952 1589 0 16
953 1894 0 63
954 780 0 27
955 1354 0 11
956 782 0 251
957 1138 0 8
958 3143 0 32
959 1143 1 23
960 1294 0 35
961 465 0 36
962 3069 0 27
963 1286 1 0
964 398 0 9
965 968 0 18
966 736 0 17
967 1155 0 18
968 2037 0 13
969 484 0 53
970 892 0 11
971 3325 0 77
972 1410 0 41
973 894 0 16
974 17650 1 81
975 839 0 36
976 2486 0 17
977 3351 0 27
978 179 0 29
979 558 0 9
980 265 0 10
981 1052 0 39
982 3351 0 10
983 2925 0 13
984 3191 0 13
985 1182 0 7
986 1696 0 8
987 655 0 617
988 599 1 3
989 6195 0 11
990 2233 0 40
991 1957 0 203
992 1222 0 7
993 2577 0 13
994 405 0 28
995 2878 0 14
996 1098 0 130
997 1992 0 11
998 11613 0 75
999 226 0 16
1000 3594 0 67
1001 1032 0 151
1002 1417 0 10
1003 826 0 11
1004 3353 0 19
1005 808 0 17
1006 1988 0 18
1007 454 0 12
1008 5789 0 37
1009 952 0 13
1010 1510 0 18
1011 1834 0 91
1012 1374 0 17
1013 620 0 11
1014 2155 0 7
1015 911 0 21
1016 2076 0 224
1017 1457 0 103
1018 1164 0 12
1019 1112 0 11
1020 686 0 29
1021 680 0 68
1022 1586 0 24
1023 5075 0 9
1024 2908 0 11
1025 3292 1 0
1026 574 0 7
1027 5047 0 7
1028 1035 0 7
1029 441 0 14
1030 2850 0 7
1031 717 0 37
1032 3218 0 13
1033 1014 0 30
1034 2119 0 7
1035 1138 0 222
1036 1701 0 12
1037 918 0 19
1038 2063 0 29
1039 1070 0 64
1040 517 0 25
1041 652 0 187
1042 1204 0 8
1043 2330 0 10
1044 1359 0 11
1045 6487 0 44
1046 1361 0 12
1047 5758 1 0
1048 806 0 12
1049 3338 0 17
1050 261 0 71
1051 545 0 433
1052 1401 0 8
1053 1418 0 147
1054 2656 0 30
1055 2020 0 17
1056 2962 0 11
1057 1529 0 30
1058 7772 0 112
1059 1267 0 13
1060 770 0 11
1061 3021 0 171
1062 1618 0 11
1063 449 0 12
1064 1368 0 9
1065 3143 0 28
1066 428 0 7
1067 1088 0 129
1068 1714 0 52
1069 865 0 80
1070 1744 0 32
1071 706 0 8
1072 1587 0 13
1073 1699 0 14
1074 3339 0 87
1075 1020 0 36
1076 421 0 39
1077 1530 0 19
1078 1234 0 89
1079 1476 0 51
1080 1168 0 18
1081 11820 0 13
1082 5024 0 39
1083 1008 0 14
1084 1007 0 11
1085 1809 0 9
1086 1378 0 28
1087 2413 0 24
1088 208 0 10
1089 1096 1 0
1090 714 0 7
1091 1057 0 13
1092 989 1 115
1093 777 0 107
1094 1286 0 267
1095 2228 0 8
1096 786 0 64
1097 1380 0 12
1098 1185 0 21
1099 1359 0 11
1100 3181 0 14
1101 790 0 15
1102 1177 0 11
1103 493 0 9
1104 665 0 10
1105 916 0 10
1106 16 0 70
1107 1321 0 17
1108 738 0 8
1109 1032 0 25
1110 2548 0 11
1111 664 0 10
1112 1538 0 11
1113 160 1 0
1114 1329 0 7
1115 2807 0 50
1116 1428 0 10
1117 6551 0 81
1118 965 1 0
1119 1413 0 160
1120 777 0 24
1121 1893 0 8
1122 1807 0 6
1123 3154 0 9
1124 1442 0 71
1125 1100 0 13
1126 1423 0 48
1127 1261 0 17
1128 827 0 12
1129 15335 0 29
1130 1028 0 76
1131 1447 0 156
1132 1220 0 7
1133 7502 0 8
1134 5106 0 124
1135 2837 0 195
1136 1116 0 353
1137 650 0 13
1138 1528 0 7
1139 851 0 174
1140 192 0 13
1141 673 0 11
1142 5032 0 91
1143 1694 0 8
1144 3022 0 8
1145 7266 0 12
1146 11819 1 47
1147 2135 0 11
1148 868 0 13
1149 1511 0 13
1150 1594 0 235
1151 1108 0 63
1152 1142 0 261
1153 177 0 57
1154 1834 0 53
1155 989 0 13
1156 1096 0 7
1157 9303 0 13
1158 485 0 17
1159 480 0 93
1160 2932 0 19
1161 2907 0 83
1162 1945 0 15
1163 7909 0 10
1164 1297 0 62
1165 1243 0 11
1166 1887 0 72
1167 7404 0 37
1168 1751 0 9
1169 931 0 78
1170 1488 0 18
1171 929 0 19
1172 844 0 617
1173 1219 0 69
1174 1632 0 11
1175 225 1 16
1176 694 0 11
1177 1939 0 76
1178 613 0 18
1179 967 1 64
1180 3157 0 11
1181 894 0 19
1182 3437 0 9
1183 738 0 34
1184 2560 0 8
1185 572 0 80
1186 1983 0 17
1187 1698 0 84
1188 788 0 15
1189 870 0 13
1190 1089 0 12
1191 1236 0 8
1192 3622 1 0
1193 1973 0 7
1194 3221 0 11
1195 977 0 15
1196 243 0 60
1197 927 0 137
1198 1178 0 22
1199 1526 0 9
1200 999 0 13
1201 704 0 15
1202 1680 0 9
1203 6273 1 0
1204 7346 0 10
1205 2239 0 27
1206 1255 0 220
1207 3658 0 13
1208 649 0 155
1209 6894 0 14
1210 2375 0 34
1211 11615 0 11
1212 1803 0 106
1213 906 0 40
1214 1140 0 10
1215 3379 0 36
1216 287 0 8
1217 627 0 21
1218 1583 0 37
1219 1573 0 11
1220 1976 0 22
1221 6755 0 31
1222 1191 0 7
1223 1376 0 9
1224 7487 1 17
1225 1057 0 82
1226 625 0 15
1227 876 0 15
1228 2851 0 149
1229 1879 0 14
1230 5151 0 0
1231 3162 0 13
1232 505 1 0
1233 1977 0 8
1234 1921 0 7
1235 16629 0 54
1236 909 1 478
1237 13370 0 91
1238 2797 0 28
1239 57 0 10
1240 2537 0 8
1241 6135 0 16
1242 5147 0 46
1243 3662 0 7
1244 1183 0 7
1245 1721 1 60
1246 1127 1 16
1247 485 0 12
1248 8887 0 10
1249 536 0 18
1250 1429 0 72
1251 7003 0 10
1252 609 0 33
1253 1050 0 50
1254 1951 0 17
1255 2883 0 9
1256 2031 0 10
1257 1392 0 83
1258 2759 0 29
1259 534 1 400
1260 11794 1 376
1261 2924 0 11
1262 1140 0 25
1263 1318 0 12
1264 177 0 17
1265 5011 0 40
1266 5077 0 13
1267 535 0 207
1268 622 0 14
1269 1075 0 36
1270 6366 0 35
1271 2152 0 42
1272 510 0 7
1273 6951 0 13
1274 989 0 18
1275 881 0 40
1276 17470 0 17
1277 1570 0 11
1278 1944 0 82
1279 3722 0 9
1280 989 0 27
1281 991 0 11
1282 1946 0 11
1283 12482 1 0
1284 1530 0 12
1285 484 0 64
1286 1641 0 17
1287 767 0 44
1288 904 0 8
1289 716 0 13
1290 1744 0 40
1291 1537 0 164
1292 7389 0 13
1293 2806 0 31
1294 694 0 12
1295 497 0 11
1296 2809 0 108
1297 3820 0 70
1298 3374 0 67
1299 7049 1 47
1300 1101 0 58
1301 1982 0 71
1302 1078 0 9
1303 456 0 7
1304 6362 0 137
1305 1056 0 40
1306 2128 0 302
1307 3001 0 10
1308 1428 1 28
1309 967 0 9
1310 1206 0 17
1311 1826 0 20
1312 5045 0 9
1313 772 0 7
1314 488 0 9
1315 1974 0 29
1316 1423 0 100
1317 135 0 11
1318 818 0 178
1319 1950 0 10
1320 2464 0 79
1321 699 0 70

4 1 715
2
1322 807 0 9
1323 1130 0 29

5 1 964
90
1324 1965 0 352
1325 1962 0 11
1326 1427 0 27
1327 1486 0 9
1328 1100 0 8
1329 609 0 9
1330 812 0 18
1331 163 0 9
1332 2919 0 10
1333 3056 0 9
1334 7409 0 15
1335 6793 0 9
1336 2042 0 15
1337 1986 0 131
1338 813 0 15
1339 2406 0 8
1340 1537 0 63
1341 3247 0 16
1342 1111 0 56
1343 3341 0 142
1344 11935 0 183
1345 902 0 14
1346 289 0 18
1347 5149 0 49
1348 1954 0 11
1349 12730 0 10
1350 799 0 69
1351 2690 0 39
1352 6951 0 2
1353 925 0 16
1354 1136 0 68
1355 2926 0 75
1356 1513 0 19
1357 469 0 13
1358 3157 0 37
1359 1194 0 13
1360 674 1 0
1361 563 0 11
1362 1235 0 30
1363 2045 0 10
1364 2455 0 11
1365 1780 0 18
1366 202 1 25
1367 1528 0 115
1368 2832 0 12
1369 242 0 41
1370 2757 0 63
1371 1729 0 7
1372 3391 0 7
1373 1516 0 13
1374 979 0 68
1375 975 0 9
1376 1346 0 7
1377 1895 0 39
1378 2007 0 11
1379 3321 0 8
1380 575 1 1
1381 1984 0 13
1382 13070 0 15
1383 789 0 11
1384 434 0 12
1385 6 0 12
1386 6230 0 82
1387 1046 0 141
1388 1427 0 11
1389 417 0 290
1390 1166 0 12
1391 489 0 13
1392 1040 0 8
1393 1285 0 68
1394 2862 0 40
1395 656 0 26
1396 5105 0 7
1397 1658 0 16
1398 1288 0 11
1399 1388 0 13
1400 847 0 7
1401 1342 0 26
1402 1942 0 182
1403 1389 0 52
1404 3253 0 72
1405 6141 0 19
1406 877 0 15
1407 854 0 8
1408 2161 0 250
1409 6190 0 7
1410 264 0 11
1411 181 0 10
1412 1258 0 44
1413 2918 0 16

6 1 1007
1
1414 17133 0 10

7 1 1440
26
1415 1660 0 26
1416 720 0 12
1417 738 0 110
1418 3124 0 68
1419 989 0 7
1420 634 0 12
1421 2434 0 8
1422 2862 0 42
1423 3191 0 7
1424 1807 0 22
1425 1045 0 10
1426 583 0 25
1427 2862 1 0
1428 3715 0 50
1429 1642 0 23
1430 1342 0 10
1431 2902 0 9
1432 1154 0 36
1433 3359 0 7
1434 665 0 13
1435 1419 0 162
1436 1416 0 131
1437 938 0 22
1438 12224 0 11
1439 1327 0 41
1440 1564 0 10

8 1 1441
22
1441 1961 0 12
1442 1421 0 9
1443 920 0 11
1444 1981 0 7
1445 14378 0 26
1446 1070 0 80
1447 204 0 11
1448 1260 0 12
1449 1321 0 10
1450 2078 0 9
1451 2275 0 16
1452 1513 0 16
1453 572 0 99
1454 1106 1 15
1455 3218 0 13
1456 381 0 71
1457 6455 0 10
1458 684 0 7
1459 6730 0 16
1460 2232 0 13
1461 1711 0 7
1462 1531 0 13

9 0 1444
200
1463 31 0 5
1464 1061 0 12
1465 2115 0 13
1466 1380 1 0
1467 1333 0 293
1468 972 0 99
1469 7051 0 9
1470 1984 0 11
1471 618 0 9
1472 1518 0 52
1473 1356 0 11
1474 773 0 67
1475 2912 0 43
1476 538 0 7
1477 1880 0 33
1478 1165 0 12
1479 3225 0 87
1480 918 0 39
1481 1132 0 323
1482 866 0 39
1483 3263 0 50
1484 3441 0 10
1485 1425 0 83
1486 3250 0 30
1487 658 0 24
1488 14789 0 20
1489 8915 0 11
1490 3911 0 86
1491 1157 0 54
1492 1516 0 19
1493 607 0 212
1494 1269 0 34
1495 2899 0 8
1496 1444 0 9
1497 447 0 81
1498 1979 0 7
1499 1188 0 15
1500 781 0 22
1501 581 0 38
1502 649 0 33
1503 3233 0 241
1504 1530 0 39
1505 1591 0 7
1506 633 0 13
1507 905 0 9
1508 567 0 18
1509 6890 0 10
1510 2553 0 72
1511 1141 0 50
1512 1186 0 121
1513 619 0 10
1514 3939 0 104
1515 191 0 103
1516 3672 0 8
1517 1203 1 18
1518 3335 0 81
1519 464 0 47
1520 3219 0 7
1521 709 0 97
1522 3265 0 10
1523 894 0 12
1524 3186 0 110
1525 2604 0 99
1526 415 0 60
1527 1673 0 13
1528 857 0 23
1529 1326 1 26
1530 2949 0 8
1531 2175 0 11
1532 614 0 11
1533 1988 0 9
1534 1465 0 69
1535 1157 0 10
1536 1084 0 9
1537 1602 0 11
1538 1118 0 16
1539 1194 0 18
1540 1380 0 11
1541 1864 0 12
1542 1018 0 8
1543 1230 0 7
1544 622 0 111
1545 3240 0 11
1546 188 0 10
1547 296 0 17
1548 348 0 21
1549 1053 0 29
1550 3372 0 73
1551 1394 0 12
1552 2817 0 10
1553 477 0 21
1554 510 0 3
1555 602 0 11
1556 657 0 11
1557 967 0 287
1558 511 0 11
1559 2788 0 9
1560 168 0 7
1561 726 0 93
1562 1108 0 10
1563 1366 0 11
1564 1306 0 40
1565 464 0 81
1566 923 0 10
1567 905 0 12
1568 582 0 67
1569 1598 1 0
1570 592 0 14
1571 11081 0 84
1572 188 0 9
1573 5046 0 12
1574 378 0 25
1575 875 0 9
1576 371 0 69
1577 876 0 9
1578 989 0 13
1579 1070 0 10
1580 849 0 17
1581 3734 0 8
1582 1417 0 11
1583 1772 0 96
1584 3377 0 33
1585 3155 0 8
1586 1322 0 34
1587 1528 0 8
1588 1407 0 31
1589 1055 0 12
1590 2952 0 107
1591 7406 0 11
1592 2047 0 12
1593 1814 0 21
1594 736 0 11
1595 609 0 55
1596 3365 0 12
1597 1987 0 27
1598 903 0 28
1599 3174 0 20
1600 2339 0 22
1601 1390 0 7
1602 12502 0 24
1603 468 0 156
1604 1971 0 34
1605 633 0 11
1606 2864 0 29
1607 2665 0 55
1608 915 0 44
1609 1213 0 10
1610 3351 0 43
1611 924 0 17
1612 463 0 12
1613 550 0 9
1614 1511 1 17
1615 967 0 10
1616 848 0 46
1617 6372 0 112
1618 3176 0 13
1619 3277 0 11
1620 3720 0 8
1621 1721 0 7
1622 2742 1 0
1623 858 0 29
1624 1516 0 12
1625 1212 0 41
1626 827 0 16
1627 1018 1 28
1628 1134 0 16
1629 793 0 127
1630 3305 0 10
1631 469 0 29
1632 269 0 27
1633 851 0 15
1634 907 0 182
1635 1766 0 90
1636 6915 0 29
1637 17029 1 12
1638 922 0 40
1639 17619 0 76
1640 3374 0 10
1641 2935 0 11
1642 2241 0 22
1643 1250 0 40
1644 2809 0 145
1645 275 0 9
1646 1325 0 36
1647 872 0 71
1648 783 0 11
1649 952 0 26
1650 1357 0 11
1651 6729 0 38
1652 631 0 9
1653 7043 0 14
1654 823 0 9
1655 722 0 8
1656 14927 0 7
1657 171 0 38
1658 1314 0 11
1659 2900 0 170
1660 1972 0 98
1661 1170 0 12
1662 1964 0 7

10 1 1458
31
1663 2828 0 9
1664 878 0 10
1665 738 0 73
1666 2546 1 515
1667 179 0 105
1668 190 0 26
1669 1345 0 9
1670 762 0 56
1671 3473 0 18
1672 3558 0 11
1673 198 0 8
1674 635 0 7
1675 5025 0 144
1676 2029 0 8
1677 235 0 15
1678 1912 0 8
1679 6729 0 43
1680 1354 0 9
1681 508 0 22
1682 2916 0 8
1683 1633 0 14
1684 304 0 9
1685 799 0 108
1686 416 0 66
1687 846 0 22
1688 927 0 39
1689 347 0 32
1690 1257 0 13
1691 1207 0 9
1692 552 0 13
1693 1727 0 8

11 1 1460
178
1694 2447 0 38
1695 602 0 9
1696 505 0 8
1697 996 0 21
1698 2292 0 12
1699 5048 0 9
1700 2515 0 13
1701 7186 0 63
1702 8094 0 17
1703 2372 0 13
1704 837 0 44
1705 2094 0 7
1706 1513 0 6
1707 1199 0 11
1708 1080 0 72
1709 887 0 10
1710 2195 0 13
1711 1060 0 40
1712 13258 0 11
1713 1553 0 150
1714 6109 0 23
1715 256 0 43
1716 3247 0 10
1717 6926 0 13
1718 669 0 8
1719 2927 0 9
1720 1327 0 173
1721 1253 0 20
1722 569 0 48
1723 1287 0 37
1724 890 0 70
1725 4650 0 72
1726 1411 0 63
1727 3408 0 10
1728 1228 0 8
1729 2782 0 87
1730 7258 0 55
1731 779 0 11
1732 924 0 187
1733 3279 1 0
1734 905 0 13
1735 1116 0 11
1736 3332 0 7
1737 3396 1 6
1738 961 0 9
1739 1364 0 10
1740 1090 0 13
1741 1274 0 9
1742 3376 0 14
1743 1014 0 12
1744 2859 0 11
1745 1949 0 8
1746 882 0 40
1747 537 0 53
1748 277 0 28
1749 6734 0 135
1750 1420 0 7
1751 2283 0 53
1752 6742 0 13
1753 3254 0 93
1754 181 0 6
1755 2887 0 38
1756 1513 0 20
1757 1161 1 0
1758 962 0 57
1759 6741 0 15
1760 10001 0 9
1761 2517 0 12
1762 2992 0 12
1763 1126 0 17
1764 469 0 9
1765 2737 0 13
1766 1233 0 171
1767 1984 0 8
1768 703 0 9
1769 1412 0 8
1770 1229 0 6
1771 1518 0 131
1772 9303 0 9
1773 1819 0 10
1774 1248 0 70
1775 7918 0 31
1776 1007 0 147
1777 1953 0 8
1778 3270 1 516
1779 1293 0 11
1780 497 0 12
1781 1960 0 7
1782 1752 0 9
1783 586 0 11
1784 1259 0 12
1785 1392 0 70
1786 5096 0 10
1787 3272 0 15
1788 390 0 23
1789 8915 0 11
1790 6865 0 7
1791 598 1 267
1792 565 0 12
1793 3657 0 11
1794 751 0 10
1795 5071 1 158
1796 1861 0 111
1797 1269 0 88
1798 2943 0 9
1799 2958 0 15
1800 5089 0 9
1801 893 0 17
1802 3233 0 15
1803 1226 0 188
1804 704 0 10
1805 3001 0 41
1806 11076 1 344
1807 2557 0 13
1808 507 0 208
1809 2509 0 11
1810 279 0 111
1811 899 0 6
1812 1530 0 11
1813 1694 0 13
1814 1981 0 40
1815 1281 0 12
1816 7647 0 14
1817 3039 0 13
1818 1274 0 67
1819 2481 0 7
1820 2789 0 54
1821 2201 0 9
1822 2779 0 7
1823 953 0 12
1824 1319 0 12
1825 841 0 35
1826 3260 0 8
1827 1956 0 35
1828 916 0 13
1829 919 0 21
1830 7298 0 63
1831 1399 0 37
1832 12724 0 14
1833 3378 0 10
1834 2130 0 10
1835 913 0 43
1836 616 0 44
1837 1218 0 10
1838 964 0 13
1839 1304 0 109
1840 1817 0 65
1841 700 0 72
1842 888 0 9
1843 1251 0 12
1844 853 0 13
1845 184 0 8
1846 2436 0 7
1847 231 0 40
1848 3191 0 53
1849 1046 0 72
1850 1962 0 11
1851 1238 0 12
1852 896 0 15
1853 7050 0 10
1854 1971 0 8
1855 428 0 13
1856 163 0 13
1857 206 0 13
1858 1221 0 10
1859 1060 0 10
1860 658 0 102
1861 846 0 9
1862 122 0 23
1863 2905 0 103
1864 1975 0 11
1865 636 0 9
1866 368 0 12
1867 2293 0 11
1868 3187 0 13
1869 2790 0 7
1870 1033 0 7
1871 970 0 38

12 1 1463
33
1872 926 0 13
1873 3184 0 13
1874 940 0 13
1875 2280 0 129
1876 3474 0 12
1877 992 0 21
1878 1422 0 8
1879 307 0 9
1880 975 0 40
1881 2602 0 11
1882 1537 0 150
1883 1459 0 164
1884 1409 0 11
1885 1392 0 13
1886 3231 0 13
1887 857 0 18
1888 2359 0 29
1889 3263 0 9
1890 762 1 0
1891 514 0 29
1892 196 0 8
1893 1374 0 0
1894 517 0 11
1895 2401 0 55
1896 1874 0 253
1897 387 0 11
1898 603 0 9
1899 1366 0 16
1900 989 0 61
1901 1140 0 13
1902 941 0 157
1903 527 0 9
1904 17013 0 9

13 1 1471
22
1905 703 0 109
1906 7979 0 9
1907 189 1 1
1908 6146 0 18
1909 2594 0 29
1910 1035 0 28
1911 3350 0 0
1912 4117 0 42
1913 1975 0 19
1914 382 0 10
1915 1927 0 37
1916 7274 0 143
1917 1684 0 92
1918 1242 1 278
1919 1531 0 22
1920 909 0 14
1921 1517 0 11
1922 1220 0 26
1923 7908 0 7
1924 3384 0 12
1925 2720 0 12
1926 3261 0 10

14 1 1471
5
1927 1023 0 7
1928 507 0 31
1929 6190 0 9
1930 4056 0 11
1931 2497 0 8

15 1 1477
21
1932 3247 0 11
1933 734 0 10
1934 1510 1 0
1935 860 0 20
1936 3233 0 14
1937 200 0 12
1938 6173 1 556
1939 786 0 29
1940 1538 0 11
1941 1132 0 16
1942 1837 0 101
1943 1036 0 10
1944 1945 0 111
1945 1961 0 11
1946 1348 0 13
1947 626 0 13
1948 746 0 50
1949 871 0 8
1950 1073 0 9
1951 1892 0 13
1952 2410 0 136

16 1 1480
25
1953 6743 0 9
1954 1183 1 0
1955 1646 0 10
1956 614 0 63
1957 548 0 164
1958 1277 0 28
1959 1072 0 28
1960 3233 0 9
1961 1681 0 9
1962 1213 0 129
1963 1416 0 9
1964 255 0 67
1965 1950 0 261
1966 667 0 7
1967 3495 0 71
1968 2865 0 7
1969 1262 0 13
1970 2319 0 20
1971 1436 0 81
1972 665 0 11
1973 3311 0 66
1974 418 1 537
1975 568 0 10
1976 2840 0 12
1977 675 0 16

17 1 1484
1
1978 3340 0 11

18 1 1496
422
1979 1119 0 190
1980 206 0 90
1981 333 0 37
1982 1528 0 9
1983 1063 0 9
1984 313 1 20
1985 1621 1 27
1986 1307 0 7
1987 574 0 44
1988 6455 0 38
1989 3398 0 11
1990 2081 0 28
1991 4 0 10
1992 1367 0 8
1993 5914 0 71
1994 349 0 10
1995 8191 0 83
1996 1396 0 34
1997 907 0 24
1998 2878 0 15
1999 3349 0 11
2000 382 0 145
2001 1062 0 8
2002 2264 0 30
2003 1180 0 8
2004 2457 0 12
2005 700 0 137
2006 840 0 17
2007 2945 0 11
2008 5774 0 70
2009 1420 0 39
2010 946 0 9
2011 531 0 11
2012 1026 0 9
2013 776 0 14
2014 7410 0 196
2015 1306 0 10
2016 5231 0 10
2017 621 0 12
2018 696 0 8
2019 379 0 11
2020 915 0 53
2021 1849 0 13
2022 1121 0 11
2023 1905 0 7
2024 541 0 20
2025 1342 0 35
2026 2047 0 66
2027 4040 0 23
2028 6563 0 15
2029 1415 0 17
2030 187 0 11
2031 2837 0 36
2032 480 0 8
2033 1969 0 8
2034 1757 0 14
2035 6177 0 8
2036 15 0 12
2037 689 0 19
2038 6757 0 11
2039 2428 0 13
2040 3271 0 8
2041 1733 0 9
2042 1507 0 14
2043 3377 0 13
2044 1007 0 89
2045 1649 0 12
2046 1336 0 11
2047 3653 0 13
2048 1375 0 26
2049 5091 0 30
2050 3163 0 15
2051 989 0 10
2052 728 0 14
2053 1302 0 9
2054 634 0 9
2055 978 0 112
2056 905 0 71
2057 2209 0 73
2058 913 0 22
2059 1946 0 11
2060 3576 0 9
2061 1123 0 37
2062 1246 0 5
2063 1055 0 25
2064 1270 0 67
2065 7703 0 12
2066 1417 0 9
2067 931 0 8
2068 1267 0 8
2069 1405 0 13
2070 251 0 24
2071 544 0 13
2072 622 0 11
2073 1092 0 24
2074 17301 0 299
2075 1935 0 7
2076 552 1 0
2077 1245 0 12
2078 783 0 11
2079 1242 0 8
2080 448 0 16
2081 1513 0 70
2082 446 0 12
2083 436 0 54
2084 1655 0 7
2085 955 0 15
2086 958 0 87
2087 3288 0 7
2088 1373 0 7
2089 3980 0 9
2090 2943 0 11
2091 1010 0 151
2092 2466 0 41
2093 1034 0 8
2094 932 0 10
2095 823 0 75
2096 2012 1 0
2097 1142 0 73
2098 1191 0 18
2099 1281 0 10
2100 747 0 156
2101 2080 0 10
2102 759 0 130
2103 1074 0 9
2104 2541 0 178
2105 1861 0 9
2106 1330 0 22
2107 824 0 16
2108 2206 0 38
2109 3257 0 74
2110 1073 0 134
2111 243 0 30
2112 599 0 13
2113 1162 0 23
2114 3194 0 8
2115 5093 0 16
2116 876 0 70
2117 1346 0 10
2118 989 0 10
2119 1413 0 35
2120 2855 0 13
2121 989 0 59
2122 768 0 14
2123 6357 0 11
2124 1336 0 383
2125 41 0 13
2126 2784 0 10
2127 1204 0 23
2128 885 0 8
2129 500 0 42
2130 1237 0 20
2131 429 1 8
2132 1007 0 17
2133 1266 0 11
2134 1197 0 8
2135 9316 0 11
2136 3336 0 217
2137 1272 0 11
2138 172 0 27
2139 1095 0 225
2140 16097 0 17
2141 1248 0 94
2142 1535 0 15
2143 3777 1 81
2144 3256 0 164
2145 1021 0 82
2146 1307 0 35
2147 1585 0 115
2148 1090 0 17
2149 8125 0 10
2150 249 0 14
2151 648 0 118
2152 1815 0 10
2153 12836 0 75
2154 1242 0 8
2155 1057 0 10
2156 1303 0 10
2157 2937 0 22
2158 6104 0 8
2159 989 0 8
2160 1140 0 8
2161 482 0 12
2162 1529 0 13
2163 292 0 134
2164 381 0 25
2165 696 0 162
2166 2062 0 39
2167 737 0 10
2168 315 0 13
2169 971 0 182
2170 989 0 14
2171 471 0 136
2172 3991 0 11
2173 579 0 44
2174 393 0 93
2175 1571 0 80
2176 1328 0 31
2177 1392 0 15
2178 920 0 34
2179 330 0 21
2180 1982 0 28
2181 1431 0 8
2182 1348 1 41
2183 13061 0 17
2184 6571 0 82
2185 260 0 0
2186 5045 0 25
2187 1133 0 9
2188 1594 0 9
2189 694 0 11
2190 6449 0 11
2191 574 0 10
2192 2384 0 16
2193 2137 0 11
2194 2503 0 11
2195 1287 0 90
2196 14372 0 11
2197 658 0 22
2198 1149 0 73
2199 1777 0 10
2200 1132 0 143
2201 530 0 8
2202 2042 1 0
2203 519 0 8
2204 747 0 90
2205 2042 0 73
2206 5018 0 2
2207 3607 0 100
2208 790 0 262
2209 6199 0 12
2210 420 1 0
2211 17177 0 57
2212 3428 0 9
2213 920 0 8
2214 2824 0 11
2215 1409 0 17
2216 1870 0 21
2217 3355 1 161
2218 433 0 13
2219 1518 0 11
2220 1824 1 13
2221 3619 0 27
2222 477 0 18
2223 12918 0 231
2224 432 0 109
2225 1102 0 12
2226 7049 1 0
2227 800 1 139
2228 1895 0 10
2229 3275 0 8
2230 1412 0 11
2231 1626 0 64
2232 17774 0 10
2233 5058 0 25
2234 648 0 64
2235 1214 0 37
2236 557 0 16
2237 1050 0 37
2238 263 0 13
2239 1583 0 10
2240 2947 0 9
2241 2804 1 101
2242 3272 0 40
2243 3775 0 12
2244 1890 0 10
2245 1348 0 11
2246 2607 0 9
2247 1973 0 10
2248 1528 0 8
2249 3200 0 39
2250 1960 0 63
2251 1782 0 9
2252 3613 0 11
2253 1428 0 38
2254 989 0 9
2255 30 0 14
2256 1271 0 108
2257 669 0 142
2258 177 0 37
2259 989 0 129
2260 1278 0 21
2261 1155 0 10
2262 3420 0 68
2263 12783 0 6
2264 881 0 27
2265 1048 0 16
2266 6548 0 185
2267 539 0 14
2268 3368 0 22
2269 1906 0 106
2270 6435 0 18
2271 17187 0 71
2272 626 0 29
2273 1291 1 19
2274 1727 0 13
2275 1280 0 6
2276 1383 0 8
2277 1939 1 0
2278 2883 0 9
2279 6533 0 11
2280 1921 0 12
2281 1394 0 50
2282 821 1 0
2283 819 0 7
2284 715 0 7
2285 4818 0 14
2286 1703 0 180
2287 2081 0 28
2288 5724 0 16
2289 769 0 10
2290 387 0 113
2291 5034 0 9
2292 3574 0 66
2293 1117 0 11
2294 769 0 367
2295 1384 0 19
2296 374 0 11
2297 853 0 8
2298 1432 0 9
2299 1515 0 16
2300 205 0 14
2301 2033 0 13
2302 707 0 9
2303 2789 0 9
2304 6103 0 40
2305 765 0 11
2306 1948 0 11
2307 731 0 9
2308 6211 0 227
2309 1100 0 59
2310 1917 0 51
2311 1261 0 21
2312 444 0 33
2313 1310 0 16
2314 791 0 98
2315 1522 0 52
2316 1504 0 11
2317 3533 0 27
2318 1642 0 29
2319 1540 0 97
2320 1698 0 9
2321 6366 0 13
2322 2224 0 46
2323 609 0 63
2324 1378 0 11
2325 1585 0 7
2326 1067 0 37
2327 895 1 17
2328 416 0 11
2329 201 0 17
2330 1293 1 0
2331 1336 0 94
2332 1872 0 9
2333 2573 0 45
2334 3109 0 96
2335 1785 0 63
2336 1341 0 14
2337 635 0 12
2338 2563 0 267
2339 2867 0 9
2340 1860 0 8
2341 775 0 10
2342 1890 0 28
2343 543 0 7
2344 21 0 20
2345 984 0 18
2346 1288 0 11
2347 1582 0 13
2348 1252 0 77
2349 5093 0 67
2350 17418 1 15
2351 935 0 9
2352 258 0 10
2353 1513 0 37
2354 293 0 12
2355 6841 0 12
2356 442 0 20
2357 1415 0 124
2358 1770 0 9
2359 3952 0 8
2360 5075 1 0
2361 1983 0 11
2362 523 0 17
2363 3356 0 11
2364 1248 0 38
2365 2925 0 76
2366 1013 0 8
2367 2085 0 47
2368 891 0 40
2369 1538 0 33
2370 1249 1 0
2371 1315 0 70
2372 1934 1 19
2373 1038 0 7
2374 2310 0 32
2375 524 0 99
2376 630 0 51
2377 333 0 257
2378 2634 0 37
2379 3583 0 9
2380 952 0 36
2381 1007 0 8
2382 2799 0 8
2383 608 0 7
2384 966 0 40
2385 2563 0 11
2386 3169 0 7
2387 973 0 34
2388 3255 0 48
2389 711 0 8
2390 2598 0 616
2391 655 0 98
2392 6557 0 11
2393 269 0 12
2394 3317 0 13
2395 1002 0 128
2396 5087 1 565
2397 1236 0 24
2398 689 0 70
2399 2536 0 8
2400 876 0 10

19 1 381851
693
2401 1533 0 11
2402 1055 0 12
2403 1033 0 98
2404 2533 0 13
2405 2929 0 73
2406 1050 0 44
2407 680 0 13
2408 1779 0 8
2409 7303 0 20
2410 169 0 263
2411 515 0 9
2412 887 1 504
2413 765 0 27
2414 1190 0 27
2415 3253 0 27
2416 1537 0 8
2417 2775 0 24
2418 6102 0 184
2419 1120 0 28
2420 545 0 13
2421 881 0 8
2422 906 0 15
2423 13061 0 34
2424 1183 0 89
2425 3309 0 7
2426 1206 0 68
2427 1516 0 17
2428 1095 0 39
2429 8076 0 24
2430 3358 0 157
2431 441 0 70
2432 361 0 8
2433 1033 0 18
2434 2381 0 8
2435 1978 0 152
2436 2146 0 69
2437 506 0 11
2438 5003 0 10
2439 1734 0 41
2440 1095 0 9
2441 8842 0 17
2442 1903 0 49
2443 1694 0 201
2444 5036 0 12
2445 2633 0 106
2446 2437 0 10
2447 17244 0 15
2448 5175 0 80
2449 2500 0 10
2450 2452 0 54
2451 948 0 21
2452 649 0 70
2453 3166 0 142
2454 7703 1 30
2455 1835 0 35
2456 280 0 11
2457 1057 0 13
2458 974 0 81
2459 1182 0 116
2460 1054 0 112
2461 2530 0 130
2462 14565 0 10
2463 202 0 14
2464 1973 0 28
2465 606 0 8
2466 6731 0 17
2467 984 0 36
2468 1306 0 18
2469 890 0 25
2470 1235 0 18
2471 1213 0 18
2472 2848 0 184
2473 681 0 16
2474 3477 0 13
2475 1096 0 27
2476 1958 0 39
2477 3437 0 11
2478 1830 0 42
2479 770 0 7
2480 1397 0 343
2481 2384 0 48
2482 1081 0 13
2483 3385 0 18
2484 1513 0 8
2485 946 0 13
2486 1999 0 9
2487 1193 0 6
2488 927 0 454
2489 1516 0 147
2490 1160 0 9
2491 1497 0 18
2492 1170 0 11
2493 1285 0 19
2494 3220 0 9
2495 7041 0 8
2496 3199 0 106
2497 1306 0 54
2498 534 0 41
2499 1942 0 78
2500 2340 0 21
2501 2890 0 161
2502 2942 0 22
2503 495 0 16
2504 594 0 48
2505 1339 0 159
2506 934 0 35
2507 807 0 91
2508 2227 0 7
2509 4110 0 25
2510 1413 0 13
2511 1316 0 31
2512 2291 0 101
2513 2474 0 10
2514 429 0 36
2515 1266 0 13
2516 1992 1 21
2517 1018 0 12
2518 588 0 15
2519 1036 0 11
2520 1183 0 12
2521 1169 0 221
2522 1251 0 17
2523 511 0 13
2524 12426 0 91
2525 545 0 7
2526 2401 0 13
2527 741 0 7
2528 540 0 13
2529 149 0 30
2530 6363 0 16
2531 7342 0 38
2532 1145 0 17
2533 1199 0 141
2534 1513 1 11
2535 1266 0 8
2536 576 0 10
2537 1750 0 12
2538 1900 0 11
2539 1966 0 41
2540 2887 0 13
2541 2259 0 13
2542 1484 0 73
2543 3052 1 29
2544 328 0 130
2545 1189 0 10
2546 1159 0 9
2547 1236 0 38
2548 641 0 10
2549 1057 0 10
2550 269 0 21
2551 17036 0 23
2552 412 0 11
2553 2823 0 165
2554 577 0 64
2555 3051 0 151
2556 1707 0 12
2557 700 0 148
2558 16038 0 25
2559 1005 0 9
2560 1164 0 11
2561 558 0 11
2562 1425 0 17
2563 561 0 7
2564 129 0 7
2565 3000 0 11
2566 207 0 25
2567 2235 0 16
2568 2861 0 9
2569 1516 0 76
2570 517 0 9
2571 1547 0 23
2572 880 0 12
2573 579 0 11
2574 6463 0 11
2575 1054 0 19
2576 3516 0 10
2577 2223 0 8
2578 1237 0 13
2579 1963 0 10
2580 7384 0 9
2581 2869 0 24
2582 380 0 11
2583 417 0 10
2584 496 0 11
2585 1735 0 7
2586 3179 0 92
2587 698 0 11
2588 1564 0 94
2589 1121 0 136
2590 782 0 8
2591 1314 0 7
2592 1255 0 27
2593 5041 0 17
2594 906 0 196
2595 739 0 19
2596 1528 0 28
2597 1958 0 38
2598 1207 0 84
2599 1551 0 20
2600 104 0 11
2601 1968 0 17
2602 437 0 11
2603 835 0 16
2604 565 0 107
2605 327 0 12
2606 633 0 64
2607 837 1 16
2608 1733 0 31
2609 3293 0 11
2610 745 0 11
2611 7012 0 9
2612 3210 0 25
2613 2322 0 120
2614 2853 0 19
2615 989 0 26
2616 2811 0 11
2617 680 0 73
2618 2930 0 13
2619 5000 0 7
2620 1733 0 16
2621 13548 0 144
2622 12620 0 37
2623 1928 1 30
2624 839 0 16
2625 1504 0 10
2626 1576 0 37
2627 1731 0 85
2628 7367 0 23
2629 617 0 12
2630 1552 0 96
2631 2910 0 38
2632 666 0 50
2633 1428 0 129
2634 3193 0 13
2635 1126 0 221
2636 2247 0 10
2637 1519 0 7
2638 1381 0 19
2639 699 0 13
2640 2344 0 11
2641 220 0 21
2642 11848 0 119
2643 11957 0 11
2644 971 0 10
2645 1782 0 13
2646 1295 0 42
2647 5101 0 74
2648 915 0 18
2649 631 0 132
2650 516 1 18
2651 1961 0 284
2652 1043 0 17
2653 9315 0 41
2654 1164 0 51
2655 823 0 83
2656 2596 0 23
2657 2802 0 10
2658 657 0 12
2659 489 0 18
2660 2846 0 19
2661 1511 0 7
2662 6739 0 10
2663 6733 0 77
2664 1945 0 8
2665 2593 0 45
2666 1108 0 9
2667 123 0 80
2668 413 0 34
2669 563 0 100
2670 3658 0 34
2671 877 0 8
2672 2838 0 7
2673 124 0 13
2674 6807 0 8
2675 856 0 97
2676 922 0 17
2677 2818 0 141
2678 527 0 9
2679 2859 0 18
2680 3527 0 27
2681 5077 0 34
2682 1554 0 8
2683 2344 0 9
2684 6362 0 11
2685 3504 1 17
2686 2338 0 9
2687 403 0 14
2688 601 0 9
2689 1053 0 162
2690 363 0 10
2691 3568 1 0
2692 429 0 187
2693 1421 0 22
2694 2102 0 42
2695 947 0 39
2696 1564 0 617
2697 1188 0 98
2698 2876 0 16
2699 3278 0 9
2700 1408 0 12
2701 1270 0 83
2702 1992 0 8
2703 1863 0 13
2704 1155 0 22
2705 2161 0 13
2706 760 0 51
2707 413 0 42
2708 1220 0 12
2709 16401 0 10
2710 1384 0 8
2711 2369 0 12
2712 1506 0 28
2713 1538 0 10
2714 1735 0 36
2715 1084 0 12
2716 7555 0 152
2717 807 0 19
2718 1276 0 8
2719 388 1 26
2720 7500 0 130
2721 1674 1 25
2722 1404 0 12
2723 3673 0 71
2724 2843 0 46
2725 1411 0 23
2726 1984 0 27
2727 1362 0 13
2728 1067 0 13
2729 5096 0 13
2730 565 0 79
2731 1378 0 5
2732 2390 0 10
2733 1341 0 9
2734 3331 0 24
2735 1057 0 17
2736 551 0 7
2737 46 0 12
2738 1265 0 10
2739 1387 0 31
2740 7876 0 114
2741 1518 0 7
2742 963 0 11
2743 714 0 42
2744 4993 0 38
2745 7492 0 12
2746 444 0 13
2747 12766 0 73
2748 1836 1 50
2749 642 0 101
2750 6554 0 15
2751 1245 0 10
2752 1724 0 11
2753 736 0 9
2754 1612 0 39
2755 604 0 8
2756 171 0 28
2757 1161 0 292
2758 5111 0 8
2759 2190 0 30
2760 1313 0 11
2761 1943 0 18
2762 3146 0 59
2763 408 0 9
2764 2895 1 16
2765 1119 0 9
2766 986 0 7
2767 1910 0 10
2768 13055 0 6
2769 731 0 7
2770 675 0 133
2771 757 0 14
2772 7389 0 114
2773 1041 0 12
2774 735 0 144
2775 2164 0 16
2776 596 0 74
2777 919 0 0
2778 648 0 14
2779 2790 0 10
2780 400 0 7
2781 1956 0 32
2782 660 0 40
2783 927 0 22
2784 1980 1 29
2785 2589 0 11
2786 544 0 10
2787 1323 0 11
2788 1402 0 13
2789 2657 0 8
2790 1984 0 7
2791 3324 0 45
2792 1033 0 7
2793 2462 0 12
2794 1287 0 19
2795 974 0 22
2796 1419 0 8
2797 13370 0 10
2798 1809 0 8
2799 5071 0 8
2800 7316 0 17
2801 6564 0 8
2802 2345 0 8
2803 1418 0 56
2804 3216 0 77
2805 513 0 15
2806 1530 0 9
2807 2726 0 12
2808 3158 0 11
2809 188 0 8
2810 1985 0 72
2811 1394 0 13
2812 11870 0 82
2813 1446 0 67
2814 1532 0 38
2815 6891 0 103
2816 1370 0 10
2817 3372 0 18
2818 3231 0 29
2819 244 0 47
2820 4588 0 7
2821 3418 0 161
2822 997 0 27
2823 1545 0 78
2824 187 1 0
2825 1340 0 73
2826 1150 0 27
2827 766 0 14
2828 1921 0 11
2829 3437 0 6
2830 7859 0 22
2831 1425 0 41
2832 822 0 11
2833 7721 0 17
2834 5145 0 8
2835 1398 0 24
2836 1523 0 9
2837 1186 0 11
2838 2905 0 11
2839 5141 0 18
2840 1396 0 38
2841 3070 0 10
2842 883 0 8
2843 1959 0 22
2844 1267 0 11
2845 2261 0 16
2846 1919 0 53
2847 656 0 13
2848 2570 0 38
2849 500 0 11
2850 760 0 43
2851 1378 0 79
2852 1332 0 14
2853 469 0 17
2854 767 0 9
2855 872 0 73
2856 965 0 8
2857 1625 0 12
2858 1125 0 42
2859 2496 0 9
2860 3232 0 170
2861 11604 0 20
2862 1032 1 0
2863 2852 0 8
2864 3141 0 9
2865 1173 0 39
2866 5086 0 32
2867 353 0 12
2868 3228 0 198
2869 1361 0 9
2870 1194 0 11
2871 1362 0 10
2872 196 0 10
2873 282 0 13
2874 963 0 12
2875 930 0 11
2876 1468 0 74
2877 438 0 42
2878 1407 0 8
2879 202 0 134
2880 1440 0 33
2881 1675 0 12
2882 1033 0 8
2883 6451 0 9
2884 1064 0 10
2885 1392 0 15
2886 264 0 23
2887 5947 0 22
2888 3299 1 400
2889 1963 0 11
2890 13478 0 67
2891 617 0 21
2892 989 0 22
2893 509 0 8
2894 1623 0 8
2895 431 0 12
2896 2447 0 7
2897 3242 0 9
2898 1548 0 160
2899 1963 0 9
2900 1431 0 80
2901 555 0 15
2902 371 0 17
2903 2458 0 53
2904 1108 0 183
2905 1384 0 133
2906 470 0 12
2907 1593 0 13
2908 1149 0 14
2909 1254 0 15
2910 12763 0 331
2911 385 0 71
2912 7183 0 12
2913 3198 0 18
2914 1538 0 16
2915 3571 0 39
2916 3359 0 108
2917 1233 0 3
2918 465 0 13
2919 521 0 13
2920 483 0 10
2921 132 0 12
2922 752 0 8
2923 1372 0 39
2924 2863 0 13
2925 1054 0 26
2926 7762 1 597
2927 1080 0 11
2928 1248 0 46
2929 675 0 34
2930 3291 0 41
2931 1953 0 10
2932 7264 0 13
2933 1660 0 12
2934 2730 0 11
2935 1625 0 12
2936 14374 0 19
2937 1272 0 0
2938 1268 0 29
2939 323 0 8
2940 2091 0 29
2941 6463 0 8
2942 858 0 21
2943 2140 0 12
2944 1302 0 9
2945 3305 0 13
2946 2817 0 9
2947 12679 0 36
2948 5056 0 14
2949 989 0 11
2950 2819 0 78
2951 1506 0 10
2952 1333 0 13
2953 8191 0 29
2954 441 0 10
2955 2239 0 11
2956 1518 0 18
2957 1111 0 98
2958 992 0 10
2959 924 0 7
2960 1505 1 4
2961 3360 0 7
2962 3195 0 42
2963 519 0 17
2964 1419 0 10
2965 375 0 11
2966 1511 0 9
2967 2098 0 8
2968 744 0 140
2969 2603 1 186
2970 1638 0 8
2971 1507 0 14
2972 830 0 30
2973 2867 0 15
2974 1346 0 15
2975 968 0 8
2976 2249 0 11
2977 5105 0 40
2978 5086 0 13
2979 533 0 18
2980 409 0 12
2981 941 0 7
2982 489 0 222
2983 241 0 13
2984 1365 0 20
2985 6138 0 7
2986 3362 0 18
2987 911 0 34
2988 3546 0 12
2989 1273 0 10
2990 1043 0 8
2991 742 0 11
2992 1516 0 189
2993 13030 0 24
2994 7834 0 9
2995 1405 0 86
2996 492 0 37
2997 7369 0 12
2998 2136 0 20
2999 1163 0 13
3000 711 0 6
3001 2891 0 73
3002 835 0 9
3003 2316 1 0
3004 1412 0 10
3005 1026 1 47
3006 744 0 11
3007 1733 0 12
3008 386 0 53
3009 817 0 10
3010 1992 0 16
3011 640 0 12
3012 172 0 23
3013 1538 0 255
3014 615 0 41
3015 391 0 32
3016 1678 0 5
3017 512 0 24
3018 2069 0 11
3019 6206 0 11
3020 1898 1 400
3021 2092 0 11
3022 621 0 142
3023 1260 0 74
3024 851 0 17
3025 515 0 115
3026 5102 0 11
3027 1407 0 10
3028 925 0 8
3029 1362 0 29
3030 1245 0 7
3031 1948 0 11
3032 1733 0 8
3033 1057 0 125
3034 950 0 32
3035 2197 1 16
3036 1293 0 19
3037 2319 0 73
3038 2887 0 10
3039 628 0 13
3040 872 0 46
3041 1956 0 69
3042 1304 0 11
3043 1955 0 11
3044 1852 0 71
3045 5090 0 47
3046 201 0 18
3047 821 0 10
3048 5133 0 129
3049 17058 1 473
3050 3025 0 3
3051 2847 0 77
3052 1731 0 71
3053 2343 0 37
3054 441 0 6
3055 1425 0 10
3056 1948 0 29
3057 1971 0 31
3058 1359 0 11
3059 703 0 13
3060 1048 0 11
3061 802 1 0
3062 529 0 8
3063 1268 0 37
3064 846 0 70
3065 2194 0 15
3066 2078 0 12
3067 2052 0 12
3068 2808 0 182
3069 1192 0 32
3070 1166 1 0
3071 8897 0 11
3072 1657 0 43
3073 1360 0 11
3074 1046 0 8
3075 1026 0 55
3076 758 0 18
3077 1121 0 10
3078 2141 0 131
3079 1210 0 11
3080 503 0 11
3081 869 0 51
3082 1804 0 10
3083 5076 0 9
3084 2118 0 14
3085 3230 0 12
3086 3380 0 11
3087 7402 0 59
3088 195 0 7
3089 3376 0 68
3090 829 0 2
3091 7048 0 111
3092 1314 0 14
3093 882 0 9

