20

0 1 281
1
0 975 0 74

1 1 484
7
1 740 0 27
2 543 0 99
3 800 0 48
4 4009 0 11
5 1331 0 131
6 2091 0 10
7 1398 0 18

2 1 485
54
8 2381 0 15
9 12759 0 13
10 1235 0 9
11 513 0 93
12 3225 0 9
13 2823 0 11
14 1206 0 10
15 1737 0 8
16 866 0 13
17 1274 0 30
18 7040 0 11
19 3173 0 23
20 7500 0 12
21 1952 0 36
22 1347 0 39
23 16621 0 37
24 1352 0 27
25 579 0 33
26 391 0 22
27 6952 0 11
28 1513 0 13
29 3177 0 10
30 2410 0 85
31 378 0 285
32 7838 0 7
33 2603 0 8
34 801 0 98
35 2406 0 11
36 2189 0 13
37 12451 0 11
38 2026 0 28
39 1270 0 8
40 2861 0 8
41 623 0 70
42 2873 0 30
43 486 0 16
44 1007 0 7
45 3374 0 37
46 631 0 49
47 107 0 22
48 448 0 8
49 3778 0 14
50 1105 0 11
51 1320 0 12
52 1513 0 73
53 3154 0 12
54 3319 0 151
55 1974 0 25
56 1008 0 29
57 255 0 16
58 1254 0 10
59 1068 0 28
60 1082 0 17
61 216 0 10

3 1 530
1081
62 1061 0 29
63 2012 0 13
64 994 0 12
65 682 1 0
66 2580 0 10
67 12385 0 7
68 1989 0 13
69 1032 0 9
70 505 0 16
71 457 0 17
72 2549 0 12
73 954 0 36
74 7968 0 9
75 1527 0 13
76 1112 0 9
77 1710 0 18
78 523 0 55
79 810 0 9
80 1589 0 15
81 1069 0 10
82 1165 0 136
83 6188 0 367
84 6232 0 92
85 1712 0 13
86 8905 1 91
87 781 0 6
88 1714 1 217
89 407 0 16
90 7878 0 9
91 3283 0 26
92 16306 0 71
93 11606 0 13
94 1312 0 16
95 2912 0 19
96 1060 0 194
97 403 0 39
98 12572 0 8
99 428 0 11
100 989 0 8
101 1396 0 10
102 956 0 76
103 2507 0 31
104 829 0 41
105 2901 1 17
106 860 0 10
107 1612 0 9
108 5113 0 28
109 6137 0 20
110 1444 0 13
111 1983 0 10
112 3162 0 10
113 6918 0 16
114 989 0 29
115 6372 0 25
116 3335 0 14
117 1315 0 74
118 2512 0 11
119 996 0 18
120 3285 0 12
121 1121 0 7
122 1013 0 52
123 2297 0 197
124 726 0 13
125 1393 0 7
126 445 0 36
127 1909 0 9
128 1438 0 42
129 2936 0 8
130 1637 0 18
131 1375 0 13
132 517 0 10
133 418 0 11
134 17434 0 108
135 1395 0 76
136 2796 0 156
137 1998 0 39
138 12735 1 30
139 599 0 917
140 1513 0 23
141 1010 0 22
142 1429 0 10
143 608 0 34
144 1959 0 9
145 924 0 10
146 2231 0 10
147 2712 0 18
148 3088 0 68
149 1278 0 28
150 1421 0 13
151 1759 0 29
152 1853 0 40
153 1518 0 18
154 448 0 11
155 1601 0 8
156 999 0 33
157 924 0 18
158 2233 0 17
159 1169 0 11
160 436 0 11
161 776 0 353
162 722 0 379
163 194 0 11
164 1345 0 174
165 7536 0 19
166 838 0 26
167 888 0 328
168 7371 0 16
169 800 0 10
170 7407 0 37
171 2497 1 0
172 1777 0 8
173 6469 0 14
174 558 0 12
175 425 0 129
176 891 0 10
177 2466 0 10
178 2463 0 35
179 648 0 10
180 1978 0 10
181 2860 0 9
182 2403 0 66
183 2154 0 29
184 1962 0 7
185 5040 0 11
186 5002 0 9
187 1799 0 8
188 1008 1 60
189 178 0 30
190 729 0 14
191 1961 0 9
192 1406 0 11
193 1077 0 7
194 989 0 38
195 2273 0 13
196 869 0 58
197 5080 0 67
198 1593 0 131
199 3170 0 8
200 6053 0 46
201 2316 0 12
202 2354 0 133
203 8424 0 12
204 897 0 31
205 181 0 45
206 954 0 73
207 1442 0 12
208 1071 0 9
209 946 0 13
210 1261 1 0
211 753 0 74
212 4277 0 220
213 16257 0 11
214 1945 0 11
215 1065 0 73
216 958 0 51
217 823 1 315
218 1894 0 10
219 499 0 29
220 3244 0 9
221 5122 0 12
222 2060 0 27
223 404 0 11
224 2015 0 10
225 5050 0 15
226 881 0 49
227 1237 0 13
228 685 0 7
229 923 0 10
230 3233 0 14
231 729 0 11
232 1407 0 13
233 316 0 23
234 11794 0 11
235 1140 0 18
236 2811 0 11
237 132 0 13
238 6952 0 8
239 181 0 12
240 1080 0 8
241 1058 0 8
242 188 1 6
243 439 0 8
244 3298 0 10
245 3342 0 153
246 1880 0 12
247 544 0 177
248 796 0 12
249 3171 0 24
250 3301 0 143
251 1021 0 7
252 1439 0 10
253 520 0 11
254 11382 0 11
255 2178 0 10
256 538 0 11
257 2153 0 22
258 1968 0 50
259 2559 0 13
260 2429 0 10
261 581 0 49
262 2125 0 5
263 313 0 77
264 1079 0 14
265 1225 0 23
266 2870 1 0
267 1678 0 70
268 1160 0 19
269 2329 0 8
270 665 0 13
271 1883 0 16
272 12379 0 23
273 458 0 12
274 1551 0 10
275 1166 0 87
276 2740 0 72
277 883 0 8
278 3556 0 7
279 1967 0 8
280 3914 0 12
281 236 0 164
282 11796 0 19
283 1406 0 11
284 1881 0 19
285 1316 0 10
286 2773 0 5
287 803 0 117
288 1968 0 42
289 1245 0 7
290 190 0 9
291 5964 0 8
292 3302 0 14
293 1506 0 7
294 1221 0 13
295 837 0 10
296 1203 0 76
297 2259 0 13
298 579 1 567
299 3297 0 7
300 4 0 38
301 3060 0 17
302 6742 0 3
303 2842 0 15
304 936 0 306
305 1406 0 67
306 2914 0 15
307 1526 0 109
308 735 0 75
309 1238 0 38
310 1052 0 7
311 7262 1 7
312 2493 1 0
313 808 0 17
314 906 0 19
315 991 0 14
316 721 0 12
317 1165 0 27
318 1218 0 162
319 1546 0 26
320 1504 0 13
321 240 0 11
322 2079 0 186
323 1520 0 8
324 8191 0 12
325 214 0 30
326 720 0 17
327 784 0 13
328 3273 0 13
329 3752 0 10
330 1943 0 137
331 1387 0 41
332 1219 0 9
333 8914 0 100
334 2807 0 8
335 971 0 17
336 2785 0 15
337 393 1 46
338 2668 0 127
339 412 0 17
340 1741 0 92
341 528 0 86
342 2279 0 29
343 7584 0 29
344 2285 0 11
345 3216 0 15
346 587 0 40
347 2049 0 8
348 2535 1 0
349 620 0 87
350 1016 0 9
351 11791 0 37
352 961 0 12
353 1991 0 14
354 1199 0 88
355 711 0 10
356 2278 0 273
357 3303 0 10
358 1516 0 72
359 1009 0 7
360 516 0 11
361 1173 0 12
362 1914 0 12
363 408 0 10
364 17395 0 9
365 756 0 8
366 2218 0 28
367 883 0 13
368 2262 0 57
369 408 0 74
370 2533 0 99
371 5139 0 150
372 1250 0 12
373 208 0 11
374 402 0 26
375 843 0 10
376 2451 0 18
377 614 0 18
378 3324 0 11
379 5095 0 14
380 1178 0 19
381 2951 0 36
382 2903 0 105
383 617 0 8
384 1516 0 9
385 1161 0 151
386 664 0 11
387 1144 0 10
388 3201 0 25
389 6916 0 22
390 1044 0 9
391 1445 0 179
392 330 1 7
393 12566 0 22
394 913 0 11
395 1311 0 11
396 3432 0 76
397 1093 0 40
398 2500 0 57
399 1518 0 8
400 588 0 29
401 984 0 7
402 2353 0 12
403 611 0 352
404 1897 0 11
405 2375 0 32
406 711 0 43
407 1960 0 12
408 1183 0 44
409 359 0 11
410 1266 0 13
411 513 0 73
412 1536 0 8
413 1360 0 0
414 1957 0 41
415 739 0 11
416 1163 0 8
417 563 0 9
418 680 0 8
419 2247 0 15
420 701 0 10
421 3298 0 238
422 1759 0 11
423 367 0 9
424 598 0 12
425 10531 0 19
426 14447 0 8
427 5001 0 36
428 2065 0 29
429 697 0 11
430 843 0 8
431 1140 0 11
432 387 1 0
433 1410 0 145
434 3175 0 8
435 3067 0 387
436 3256 0 13
437 222 0 10
438 2892 0 13
439 1159 0 8
440 3459 0 33
441 3285 1 0
442 717 0 41
443 5095 0 18
444 747 0 140
445 352 0 197
446 1420 0 128
447 1093 0 9
448 596 0 97
449 244 0 13
450 5092 0 41
451 1280 0 13
452 290 0 25
453 10018 0 9
454 5031 0 74
455 9363 0 18
456 199 0 41
457 480 0 62
458 907 0 11
459 2851 0 19
460 890 0 36
461 5048 0 7
462 1603 0 10
463 531 0 14
464 5147 0 12
465 985 0 8
466 915 0 36
467 86 0 45
468 275 0 11
469 1988 0 11
470 66 0 37
471 960 0 32
472 533 0 74
473 325 0 23
474 1050 0 13
475 2002 0 42
476 657 0 74
477 1958 0 19
478 6959 0 47
479 635 0 9
480 594 0 9
481 1707 0 140
482 4224 0 8
483 877 0 98
484 1525 0 199
485 1193 0 9
486 1383 0 28
487 859 0 14
488 1545 0 39
489 965 0 11
490 4827 0 71
491 728 0 8
492 989 0 39
493 5148 0 19
494 1359 0 7
495 847 0 24
496 1063 0 14
497 515 0 17
498 329 0 68
499 802 0 10
500 698 1 7
501 3097 0 11
502 3543 0 11
503 696 0 12
504 2002 0 9
505 1059 0 40
506 487 0 80
507 1209 0 13
508 6853 0 72
509 10620 0 32
510 1281 0 10
511 845 0 10
512 5127 0 29
513 1253 0 14
514 3318 0 13
515 1313 0 11
516 3771 0 16
517 2448 0 10
518 1974 0 74
519 573 0 13
520 564 0 32
521 324 0 8
522 12377 0 10
523 440 0 36
524 14921 0 19
525 2673 0 25
526 2295 0 12
527 1379 0 17
528 1129 0 12
529 2928 0 29
530 228 0 49
531 1792 0 11
532 2507 1 17
533 3917 0 11
534 2071 0 95
535 1022 0 41
536 999 0 21
537 1376 0 67
538 207 0 82
539 6526 0 682
540 1129 0 19
541 5934 0 147
542 1336 0 27
543 1311 0 13
544 1546 0 9
545 542 0 27
546 1080 0 99
547 2853 1 396
548 41 0 9
549 2382 0 10
550 422 0 10
551 3186 0 11
552 2703 0 14
553 11976 1 13
554 844 0 14
555 961 0 143
556 439 0 27
557 2904 0 10
558 1215 0 16
559 822 0 6
560 2067 0 10
561 1417 0 18
562 3035 0 38
563 659 0 11
564 406 0 28
565 1332 0 16
566 3324 0 255
567 734 0 14
568 1414 0 32
569 975 0 130
570 758 0 27
571 14462 0 11
572 1430 1 0
573 1527 0 12
574 1526 0 39
575 692 0 19
576 1121 0 23
577 3764 0 30
578 1669 0 10
579 510 0 13
580 6156 0 54
581 3281 1 515
582 3238 0 12
583 989 0 12
584 1323 0 25
585 626 0 8
586 428 0 14
587 1944 0 23
588 721 0 69
589 539 0 9
590 190 0 12
591 1481 0 31
592 6455 0 12
593 3316 0 35
594 808 0 7
595 202 0 14
596 497 0 11
597 775 0 19
598 3468 0 13
599 277 0 61
600 1138 0 222
601 515 0 57
602 947 0 9
603 6131 0 7
604 2537 0 9
605 833 0 14
606 2826 0 403
607 1085 0 169
608 6177 0 10
609 898 0 34
610 2682 0 43
611 895 0 10
612 5129 0 13
613 2584 0 6
614 863 0 12
615 2800 0 14
616 1167 1 0
617 596 0 149
618 3203 0 13
619 3607 0 8
620 2076 0 8
621 2806 0 11
622 1190 0 66
623 1061 0 9
624 1722 0 72
625 1420 0 209
626 564 0 12
627 785 0 13
628 6190 0 9
629 470 0 24
630 1707 0 8
631 441 0 7
632 1663 0 5
633 1850 0 86
634 5083 0 8
635 472 0 11
636 1319 0 12
637 4733 0 24
638 2605 0 12
639 3968 0 17
640 781 0 74
641 680 0 8
642 1244 0 24
643 3378 0 7
644 3375 0 14
645 876 1 376
646 661 0 71
647 1745 0 10
648 2790 0 37
649 1990 0 76
650 6895 0 38
651 3367 0 9
652 5012 0 10
653 1521 0 19
654 1601 0 34
655 728 0 15
656 1178 0 211
657 1151 0 13
658 989 0 132
659 225 0 10
660 11609 0 7
661 14444 0 10
662 365 0 67
663 825 0 8
664 3229 0 40
665 1335 0 9
666 1967 0 19
667 1988 0 10
668 706 0 11
669 775 0 31
670 578 0 14
671 6959 0 10
672 490 0 14
673 933 0 116
674 6257 0 12
675 2996 0 182
676 2672 0 9
677 1709 0 23
678 855 0 9
679 547 1 397
680 705 0 8
681 8209 0 20
682 2464 0 33
683 313 0 22
684 760 0 53
685 2791 0 9
686 726 0 28
687 2582 0 12
688 12717 0 8
689 703 1 65
690 566 0 10
691 869 0 13
692 17495 0 13
693 802 0 13
694 1360 0 104
695 5113 0 7
696 1420 0 113
697 1007 0 12
698 1349 0 55
699 1113 0 110
700 1165 0 27
701 546 0 14
702 5138 0 10
703 11315 0 53
704 5098 0 22
705 350 0 12
706 2528 0 25
707 536 1 0
708 3092 0 36
709 495 0 10
710 1511 0 16
711 2967 0 10
712 612 0 40
713 16687 0 22
714 1965 0 13
715 1934 0 11
716 3275 0 21
717 1983 0 24
718 1086 0 12
719 5758 0 135
720 6366 0 19
721 5041 0 7
722 628 0 21
723 2592 0 36
724 678 0 42
725 1240 1 31
726 2853 0 15
727 1949 0 97
728 1909 0 9
729 453 0 11
730 1334 0 10
731 591 0 17
732 869 0 54
733 6457 0 33
734 5147 0 31
735 2277 1 0
736 1248 0 18
737 1286 0 49
738 1164 0 20
739 12559 0 143
740 2851 0 23
741 3379 0 19
742 7042 0 18
743 7550 0 12
744 3345 0 14
745 8705 0 437
746 352 0 9
747 1068 0 111
748 435 0 9
749 648 0 14
750 3346 0 47
751 947 0 41
752 710 0 7
753 825 0 11
754 2414 0 6
755 331 0 10
756 5082 0 9
757 2234 0 44
758 973 0 107
759 297 0 23
760 1979 0 13
761 1169 0 13
762 1264 0 68
763 527 0 16
764 429 0 9
765 204 0 16
766 518 0 21
767 203 0 57
768 3185 0 11
769 1979 0 96
770 576 0 259
771 1025 0 0
772 2920 0 10
773 1194 0 21
774 13593 1 0
775 1243 0 77
776 691 0 7
777 3298 0 44
778 3226 1 315
779 2487 0 19
780 1179 0 6
781 1514 0 8
782 6952 0 9
783 1168 0 19
784 1769 0 43
785 2140 0 47
786 270 0 98
787 936 0 19
788 1538 0 8
789 961 0 16
790 591 0 28
791 3140 0 43
792 465 0 20
793 2219 0 22
794 902 0 7
795 3938 0 24
796 1528 0 8
797 1001 0 2
798 1194 0 6
799 509 0 156
800 1355 0 20
801 2317 0 17
802 1058 0 8
803 723 0 341
804 1183 0 70
805 3462 0 245
806 1072 0 10
807 868 0 67
808 451 1 0
809 296 0 13
810 1582 0 40
811 768 0 19
812 1516 0 67
813 730 0 106
814 6359 0 10
815 1188 1 516
816 2872 0 27
817 1685 0 9
818 541 0 11
819 2500 0 8
820 477 0 73
821 2862 0 11
822 7401 0 8
823 1513 0 32
824 2194 0 25
825 898 0 10
826 1314 0 9
827 471 0 71
828 690 0 24
829 980 0 36
830 426 0 11
831 2099 1 0
832 552 0 10
833 932 0 148
834 2103 0 63
835 1155 0 11
836 920 0 11
837 207 0 11
838 1144 0 23
839 337 0 33
840 8624 0 8
841 1416 0 8
842 1834 0 16
843 804 0 11
844 1589 0 29
845 2884 0 35
846 1349 0 50
847 754 0 11
848 832 0 11
849 1527 0 42
850 274 0 8
851 3268 0 51
852 705 0 13
853 1516 0 222
854 976 0 10
855 6524 1 566
856 965 0 11
857 1223 0 14
858 3311 0 58
859 1950 0 8
860 889 0 12
861 696 0 25
862 2963 0 9
863 5048 0 11
864 876 0 212
865 1124 0 25
866 3311 0 114
867 944 0 29
868 7051 0 43
869 566 0 11
870 2073 0 29
871 5109 0 255
872 1963 0 95
873 1100 0 42
874 7558 0 120
875 989 0 85
876 2499 0 76
877 1245 1 150
878 6954 0 16
879 8829 0 18
880 445 0 10
881 7404 0 17
882 2031 0 12
883 3189 0 31
884 2867 0 9
885 1864 0 7
886 1621 0 11
887 636 0 77
888 2311 0 10
889 1108 0 35
890 1817 0 8
891 7537 0 33
892 694 0 13
893 1379 0 34
894 7953 0 12
895 2268 0 8
896 316 0 7
897 1878 0 16
898 5054 0 72
899 12050 0 67
900 1403 0 13
901 3701 0 9
902 3566 0 12
903 2027 0 8
904 876 0 9
905 3877 0 33
906 711 0 11
907 1133 0 14
908 3936 0 11
909 5105 0 57
910 1534 0 39
911 1968 0 32
912 1132 0 73
913 345 0 12
914 1616 0 10
915 1890 0 97
916 2498 0 9
917 1256 0 223
918 1333 0 7
919 726 0 63
920 1836 0 11
921 918 0 9
922 10012 0 11
923 1513 0 68
924 6366 0 8
925 414 0 73
926 514 0 6
927 1399 0 6
928 1286 0 17
929 1619 1 513
930 441 0 13
931 485 0 13
932 11470 0 8
933 1358 0 82
934 1517 0 12
935 970 0 9
936 462 0 9
937 1005 1 18
938 188 1 477
939 4087 0 10
940 745 0 33
941 1530 0 29
942 1986 0 384
943 871 1 0
944 1895 0 9
945 6363 0 36
946 748 0 81
947 7039 0 8
948 1502 0 13
949 1184 0 10
950 1224 0 41
951 3488 0 10
952 884 0 8
953 1260 0 150
954 3601 0 39
955 487 0 12
956 497 0 11
957 1388 0 13
958 7275 0 38
959 280 0 37
960 994 0 6
961 6893 0 10
962 2440 0 11
963 2293 1 516
964 985 1 0
965 1045 0 9
966 1504 0 14
967 1302 0 11
968 883 0 61
969 378 0 134
970 184 0 15
971 357 0 64
972 1206 0 11
973 7748 0 130
974 1246 0 29
975 2886 0 17
976 355 0 29
977 1700 0 100
978 3157 0 89
979 6177 0 31
980 511 0 17
981 351 0 9
982 324 0 31
983 1118 0 13
984 2080 0 48
985 820 0 143
986 1404 0 9
987 463 0 72
988 3290 0 10
989 1265 0 34
990 6372 0 45
991 1095 0 10
992 898 0 8
993 1277 0 35
994 1765 0 44
995 423 0 27
996 2982 0 10
997 1046 0 11
998 3358 0 13
999 1282 0 19
1000 1066 0 25
1001 5051 0 13
1002 225 0 12
1003 1673 0 12
1004 942 0 99
1005 1522 0 41
1006 7032 0 283
1007 406 0 10
1008 3234 0 11
1009 1223 0 13
1010 1265 1 0
1011 3584 0 149
1012 2149 0 8
1013 515 0 11
1014 517 1 0
1015 1428 0 38
1016 5058 0 33
1017 912 0 14
1018 1524 0 23
1019 3223 0 30
1020 1381 0 11
1021 442 0 10
1022 2417 0 141
1023 3346 1 16
1024 2595 0 8
1025 5011 0 49
1026 5049 0 73
1027 1084 0 27
1028 860 0 10
1029 481 0 15
1030 867 0 9
1031 3367 0 180
1032 916 0 32
1033 402 0 10
1034 1413 0 8
1035 9310 0 31
1036 5989 0 110
1037 721 0 48
1038 3048 0 13
1039 680 0 10
1040 862 0 10
1041 12870 0 6
1042 1396 0 7
1043 1252 0 69
1044 6744 0 11
1045 1953 0 12
1046 1033 0 49
1047 1221 0 39
1048 2895 0 10
1049 944 0 184
1050 104 0 8
1051 626 0 12
1052 961 0 8
1053 4271 1 5
1054 1181 0 8
1055 12924 0 12
1056 1129 0 11
1057 3278 0 11
1058 1508 0 29
1059 6169 0 29
1060 6204 0 63
1061 2210 0 9
1062 3476 0 31
1063 1496 0 8
1064 338 0 7
1065 259 0 13
1066 2912 0 0
1067 338 0 11
1068 937 1 7
1069 1105 0 11
1070 1336 0 8
1071 1984 0 12
1072 649 0 16
1073 2202 0 32
1074 1370 0 6
1075 413 0 11
1076 1320 0 12
1077 7178 0 17
1078 5110 0 60
1079 1451 0 13
1080 578 0 13
1081 1156 0 36
1082 5093 0 12
1083 652 0 7
1084 1364 0 48
1085 1212 0 12
1086 284 1 0
1087 6186 0 48
1088 758 0 9
1089 1794 0 146
1090 6955 0 34
1091 507 0 13
1092 7300 0 11
1093 1983 0 28
1094 372 0 115
1095 3329 0 12
1096 1064 0 13
1097 1793 0 26
1098 2921 0 6
1099 1123 0 23
1100 1357 0 9
1101 1352 0 14
1102 1969 0 10
1103 1305 0 12
1104 940 0 9
1105 414 0 64
1106 1032 0 17
1107 3253 0 99
1108 5074 0 18
1109 1161 0 9
1110 1239 0 7
1111 3022 0 71
1112 1238 0 10
1113 401 0 7
1114 1806 0 12
1115 2288 0 12
1116 10009 0 51
1117 734 0 39
1118 757 0 49
1119 502 0 28
1120 1410 0 13
1121 761 0 54
1122 11796 0 33
1123 815 0 13
1124 1983 0 11
1125 1299 0 9
1126 323 0 70
1127 300 0 7
1128 1699 0 24
1129 1959 0 451
1130 1409 0 27
1131 1362 0 39
1132 6211 0 271
1133 1954 0 18
1134 1652 0 45
1135 2280 0 11
1136 859 0 34
1137 925 0 7
1138 242 0 148
1139 2278 0 11
1140 3168 0 8
1141 628 0 42
1142 1781 0 132

4 1 977
51
1143 870 0 10
1144 1376 0 11
1145 2521 0 12
1146 7972 0 135
1147 1530 0 30
1148 6227 0 8
1149 14734 0 12
1150 755 0 7
1151 315 0 9
1152 500 0 52
1153 594 0 12
1154 1562 0 86
1155 2136 0 129
1156 502 0 59
1157 1671 0 13
1158 704 0 13
1159 1230 0 25
1160 1331 0 10
1161 3073 0 23
1162 325 0 137
1163 8100 0 34
1164 1018 0 22
1165 625 0 211
1166 1513 0 52
1167 1349 0 116
1168 633 0 9
1169 1529 0 43
1170 1540 0 63
1171 1667 0 125
1172 1045 0 13
1173 731 0 10
1174 1809 1 0
1175 614 0 17
1176 1265 0 8
1177 8209 0 67
1178 726 0 19
1179 717 0 11
1180 2030 1 120
1181 1142 0 13
1182 1495 0 98
1183 1991 0 11
1184 1787 0 10
1185 1696 0 71
1186 3194 0 31
1187 1673 0 6
1188 1418 0 19
1189 1692 0 11
1190 1154 0 7
1191 12901 0 9
1192 2929 0 17
1193 1530 0 28

5 1 1007
20
1194 887 0 11
1195 1280 0 247
1196 1205 0 12
1197 1365 0 119
1198 824 0 10
1199 372 0 9
1200 331 0 8
1201 989 0 9
1202 2291 0 7
1203 3374 0 10
1204 9363 0 8
1205 1368 0 37
1206 668 0 8
1207 1430 1 16
1208 6782 0 10
1209 16877 0 30
1210 1520 0 40
1211 7184 0 12
1212 3326 0 22
1213 1192 0 175

6 1 1009
5
1214 574 0 7
1215 1045 0 13
1216 2061 0 41
1217 934 0 14
1218 625 0 13

7 0 1450
23
1219 695 0 88
1220 978 0 31
1221 336 0 9
1222 1156 0 17
1223 2697 0 14
1224 789 0 15
1225 1372 0 11
1226 1850 0 31
1227 7354 0 10
1228 1354 0 83
1229 3011 0 99
1230 2549 0 175
1231 7051 0 174
1232 883 0 273
1233 1661 0 11
1234 2130 0 23
1235 559 0 12
1236 368 0 136
1237 1043 0 73
1238 2413 0 71
1239 739 0 151
1240 3178 1 19
1241 961 0 313

8 0 1451
1
1242 1386 0 68

9 1 1452
33
1243 1410 1 0
1244 251 0 13
1245 5001 0 7
1246 1856 0 49
1247 7287 0 12
1248 3409 0 10
1249 16190 0 35
1250 913 0 13
1251 6952 0 8
1252 828 0 31
1253 2106 0 8
1254 3170 0 11
1255 3278 0 30
1256 2015 0 17
1257 3292 0 18
1258 2108 0 8
1259 515 0 15
1260 3316 0 3
1261 1613 0 165
1262 1323 0 40
1263 1956 0 14
1264 205 0 200
1265 5091 0 21
1266 2918 0 10
1267 256 1 0
1268 1835 0 11
1269 5048 0 13
1270 1635 0 8
1271 224 0 11
1272 468 0 53
1273 447 0 74
1274 7325 0 11
1275 2403 0 10

10 1 1454
303
1276 1846 0 114
1277 2510 0 36
1278 6838 0 113
1279 1385 0 41
1280 346 0 15
1281 1350 0 30
1282 825 0 9
1283 879 0 13
1284 1495 0 78
1285 13571 0 40
1286 373 0 139
1287 318 0 8
1288 3212 0 11
1289 1207 0 9
1290 2453 0 7
1291 285 0 40
1292 699 1 17
1293 1537 0 50
1294 1717 0 11
1295 401 0 13
1296 98 0 36
1297 1951 0 55
1298 694 0 70
1299 472 0 13
1300 1292 0 10
1301 3329 0 14
1302 275 0 9
1303 1618 0 18
1304 3057 0 30
1305 17488 0 13
1306 374 0 12
1307 3625 0 30
1308 492 0 11
1309 1518 0 10
1310 1259 0 9
1311 3727 0 33
1312 624 0 9
1313 2887 0 49
1314 1439 0 11
1315 744 0 13
1316 5019 0 12
1317 986 0 13
1318 1189 0 31
1319 551 0 13
1320 3306 0 9
1321 3266 0 26
1322 2049 0 12
1323 1403 0 37
1324 341 0 6
1325 839 0 327
1326 228 0 28
1327 1400 0 12
1328 1328 1 0
1329 694 0 110
1330 199 0 10
1331 727 0 40
1332 7041 1 62
1333 610 0 32
1334 2303 0 7
1335 1145 0 18
1336 1579 0 69
1337 351 0 13
1338 1305 0 8
1339 940 0 49
1340 1521 1 0
1341 7565 0 18
1342 5006 0 9
1343 891 0 9
1344 2558 0 7
1345 11918 0 17
1346 956 0 20
1347 12440 0 9
1348 1980 0 24
1349 7757 0 35
1350 5081 0 12
1351 1977 0 39
1352 226 0 274
1353 2512 0 18
1354 1217 0 63
1355 773 0 11
1356 1542 0 17
1357 776 0 55
1358 1278 0 35
1359 1977 0 12
1360 1232 0 13
1361 0 0 12
1362 1050 0 44
1363 1113 0 71
1364 3705 0 41
1365 2705 1 16
1366 2409 0 17
1367 740 0 178
1368 186 1 0
1369 5054 0 98
1370 896 1 150
1371 3095 0 18
1372 3038 0 95
1373 1239 0 13
1374 1394 0 13
1375 690 0 38
1376 3143 0 34
1377 1179 0 12
1378 3255 0 39
1379 727 0 168
1380 2786 1 396
1381 5124 0 108
1382 731 0 34
1383 778 0 12
1384 856 0 98
1385 1564 0 8
1386 566 0 33
1387 3169 0 139
1388 928 0 41
1389 680 0 8
1390 728 0 6
1391 985 0 22
1392 3721 0 12
1393 1268 0 7
1394 2579 0 11
1395 977 0 29
1396 1518 1 0
1397 1040 0 6
1398 1244 0 7
1399 953 0 10
1400 958 0 18
1401 1945 0 10
1402 901 0 13
1403 346 0 13
1404 237 0 376
1405 13245 0 15
1406 775 0 181
1407 1359 0 10
1408 480 0 8
1409 1714 0 105
1410 1155 0 12
1411 954 0 31
1412 869 0 13
1413 1210 0 6
1414 169 0 12
1415 301 0 8
1416 12582 0 12
1417 6919 0 9
1418 366 0 148
1419 1293 0 12
1420 1977 0 13
1421 1498 0 9
1422 181 0 13
1423 2947 0 27
1424 474 0 172
1425 1756 0 75
1426 904 0 9
1427 695 0 7
1428 2910 0 13
1429 6177 0 14
1430 783 0 97
1431 1392 1 0
1432 3345 0 72
1433 666 0 28
1434 1507 0 11
1435 501 0 8
1436 1544 0 8
1437 797 0 16
1438 1538 0 48
1439 677 0 42
1440 786 0 20
1441 2365 0 257
1442 4106 0 10
1443 772 0 8
1444 2889 0 171
1445 1295 0 7
1446 1190 0 12
1447 6747 0 67
1448 767 0 18
1449 6085 0 49
1450 1513 0 80
1451 1540 0 10
1452 1636 0 8
1453 1061 0 13
1454 682 0 3
1455 1513 0 13
1456 1270 0 10
1457 442 0 73
1458 15157 0 20
1459 989 0 9
1460 441 0 93
1461 565 0 117
1462 1538 0 10
1463 2970 0 13
1464 202 0 11
1465 1513 1 28
1466 812 0 12
1467 17245 0 54
1468 3241 0 14
1469 5089 0 93
1470 661 0 11
1471 2864 0 35
1472 5073 0 42
1473 1940 0 26
1474 1139 0 9
1475 1262 0 146
1476 883 0 8
1477 5005 0 11
1478 977 0 12
1479 6217 0 36
1480 582 0 362
1481 3118 0 9
1482 209 0 10
1483 402 0 20
1484 5758 0 17
1485 309 0 7
1486 1430 0 11
1487 1033 0 11
1488 160 0 11
1489 1210 0 13
1490 1345 0 10
1491 734 0 10
1492 1353 0 62
1493 706 0 24
1494 7535 0 13
1495 964 1 28
1496 989 0 11
1497 756 0 105
1498 2396 0 8
1499 2244 0 14
1500 750 0 12
1501 447 0 100
1502 9994 0 17
1503 985 0 13
1504 3174 0 11
1505 6740 0 617
1506 2717 0 10
1507 578 0 6
1508 711 0 12
1509 164 0 31
1510 5148 0 17
1511 6145 0 14
1512 3295 0 27
1513 1106 0 15
1514 2097 0 9
1515 758 0 9
1516 1575 0 83
1517 1425 0 14
1518 3226 0 83
1519 3210 0 24
1520 2790 0 9
1521 17500 0 11
1522 376 0 19
1523 3631 0 10
1524 2601 0 29
1525 181 0 12
1526 2291 1 0
1527 1478 0 12
1528 984 0 57
1529 994 0 13
1530 576 0 55
1531 1381 0 92
1532 15985 0 9
1533 411 0 12
1534 629 0 40
1535 566 0 2
1536 6450 0 109
1537 250 0 8
1538 447 0 37
1539 1386 0 10
1540 3165 0 8
1541 1696 0 11
1542 670 0 27
1543 1046 0 87
1544 1209 0 11
1545 785 0 18
1546 5073 0 11
1547 5112 1 31
1548 805 0 13
1549 1513 0 83
1550 1297 0 243
1551 597 0 61
1552 277 0 9
1553 1611 0 9
1554 697 0 7
1555 1332 0 13
1556 867 0 49
1557 5085 0 27
1558 1430 0 39
1559 8907 0 8
1560 3234 0 8
1561 3220 0 13
1562 1431 0 27
1563 12822 0 16
1564 4096 0 18
1565 3281 0 87
1566 1537 0 12
1567 1988 0 10
1568 2190 0 33
1569 3372 0 29
1570 598 0 13
1571 1521 1 0
1572 575 0 31
1573 1986 0 24
1574 3354 0 29
1575 6149 0 11
1576 1224 0 8
1577 322 0 10
1578 7495 0 21

11 1 1458
49
1579 1974 0 53
1580 1510 0 31
1581 1511 0 24
1582 3186 0 12
1583 1270 0 10
1584 1978 0 27
1585 1282 0 13
1586 3313 0 9
1587 494 0 12
1588 890 0 34
1589 2277 0 12
1590 2369 0 11
1591 1298 0 40
1592 1197 0 5
1593 358 0 23
1594 3247 0 217
1595 389 0 11
1596 3636 0 30
1597 1164 0 66
1598 1549 0 89
1599 818 0 6
1600 990 0 12
1601 1517 0 218
1602 1254 1 0
1603 1982 0 15
1604 240 0 10
1605 1122 0 26
1606 3414 1 0
1607 3366 0 107
1608 782 0 8
1609 3189 0 19
1610 5059 0 39
1611 584 0 72
1612 725 0 10
1613 818 0 13
1614 3435 0 11
1615 718 0 7
1616 1336 0 9
1617 738 0 38
1618 15985 0 13
1619 415 0 56
1620 1246 0 13
1621 2480 0 178
1622 411 0 105
1623 2913 0 35
1624 437 0 19
1625 1318 0 14
1626 1527 0 32
1627 866 0 18

12 1 1463
48
1628 3248 0 10
1629 829 0 39
1630 548 0 8
1631 741 0 12
1632 3229 0 35
1633 758 0 12
1634 449 0 42
1635 188 0 6
1636 3210 0 36
1637 562 0 222
1638 1150 0 71
1639 1354 0 10
1640 1072 1 16
1641 1171 0 10
1642 989 0 24
1643 534 0 7
1644 935 0 16
1645 1151 0 39
1646 2841 0 20
1647 909 0 13
1648 1153 0 7
1649 3281 0 14
1650 1143 0 72
1651 870 0 69
1652 12193 0 8
1653 1727 0 42
1654 1951 0 13
1655 1538 1 26
1656 3293 0 27
1657 879 0 7
1658 242 0 36
1659 62 0 56
1660 5126 0 3
1661 1948 0 13
1662 423 0 12
1663 1866 0 70
1664 662 0 38
1665 3261 0 14
1666 7051 0 10
1667 1777 0 155
1668 1754 0 44
1669 3250 0 27
1670 1940 0 7
1671 1513 0 267
1672 801 0 6
1673 475 0 7
1674 1806 0 13
1675 6952 0 13

13 1 1468
3
1676 1953 0 9
1677 2922 0 9
1678 1507 0 10

14 0 1475
1331
1679 644 0 23
1680 2848 0 19
1681 2102 0 8
1682 330 0 6
1683 1525 0 39
1684 1229 0 8
1685 1953 0 8
1686 2472 0 11
1687 1510 0 15
1688 186 0 19
1689 3782 0 12
1690 1373 1 516
1691 6735 0 16
1692 1762 0 76
1693 2873 0 7
1694 1951 0 42
1695 1276 0 82
1696 823 0 27
1697 265 0 18
1698 1426 0 63
1699 431 0 16
1700 1320 0 13
1701 669 0 23
1702 1376 0 12
1703 1513 0 103
1704 988 0 222
1705 1228 0 18
1706 1959 0 8
1707 1446 0 17
1708 496 0 14
1709 1151 0 11
1710 249 0 55
1711 6069 0 15
1712 8839 0 60
1713 65 0 73
1714 3185 0 9
1715 2382 0 14
1716 895 0 35
1717 3259 0 13
1718 1481 0 53
1719 1794 0 16
1720 2786 0 10
1721 2951 0 6
1722 1006 0 29
1723 1390 0 8
1724 1966 0 12
1725 3225 0 16
1726 1308 1 0
1727 785 0 151
1728 3257 0 9
1729 5047 0 10
1730 496 0 106
1731 2901 0 44
1732 1133 0 10
1733 1892 0 18
1734 3372 0 63
1735 1001 1 453
1736 872 0 11
1737 1887 0 52
1738 1021 0 12
1739 1537 0 13
1740 829 0 618
1741 1179 0 13
1742 3035 0 9
1743 934 0 18
1744 989 0 56
1745 1090 0 40
1746 229 0 16
1747 9982 0 79
1748 810 0 190
1749 3341 0 60
1750 230 1 0
1751 1361 0 160
1752 2140 0 11
1753 1154 0 11
1754 686 0 12
1755 580 0 13
1756 123 0 11
1757 1982 0 12
1758 1431 0 19
1759 774 0 8
1760 1067 0 13
1761 1515 0 9
1762 5007 0 25
1763 2726 0 10
1764 1947 0 21
1765 5790 0 147
1766 521 0 7
1767 687 0 7
1768 1157 0 109
1769 2913 1 63
1770 167 0 7
1771 1371 0 9
1772 5010 0 8
1773 7407 0 11
1774 2905 0 20
1775 1091 0 13
1776 1113 0 10
1777 295 0 43
1778 6739 0 35
1779 445 0 13
1780 1340 0 9
1781 761 0 8
1782 865 0 38
1783 5006 0 13
1784 1522 0 44
1785 1424 0 106
1786 559 0 18
1787 5795 0 12
1788 1036 0 17
1789 1296 0 12
1790 928 0 81
1791 2933 0 71
1792 1122 0 13
1793 3169 0 13
1794 650 0 16
1795 1189 0 45
1796 784 1 38
1797 201 0 12
1798 2596 0 24
1799 2503 0 11
1800 1018 0 145
1801 604 0 13
1802 2092 0 7
1803 12250 0 19
1804 3153 0 10
1805 485 0 54
1806 630 0 21
1807 5088 0 7
1808 5077 0 10
1809 2842 0 9
1810 1157 0 11
1811 435 0 10
1812 707 0 29
1813 1568 1 90
1814 3349 0 129
1815 3256 0 1
1816 1142 0 12
1817 2497 0 28
1818 1992 0 9
1819 1331 0 24
1820 1111 0 67
1821 8886 0 12
1822 6951 0 99
1823 454 0 14
1824 1201 0 11
1825 1654 0 14
1826 181 0 18
1827 2384 0 12
1828 1669 0 13
1829 13916 0 8
1830 12402 0 17
1831 819 0 11
1832 494 0 17
1833 16096 0 128
1834 424 0 90
1835 1060 0 7
1836 1031 0 13
1837 898 0 9
1838 577 0 26
1839 615 0 10
1840 1180 0 12
1841 735 0 7
1842 471 0 34
1843 989 0 23
1844 1267 0 13
1845 1336 0 12
1846 974 0 88
1847 953 0 17
1848 1516 0 30
1849 166 0 15
1850 932 0 11
1851 2584 0 67
1852 1513 0 8
1853 1186 0 13
1854 1337 0 12
1855 1398 0 11
1856 1149 1 40
1857 1116 0 38
1858 4017 0 18
1859 2009 0 9
1860 2511 0 35
1861 585 0 11
1862 3270 0 24
1863 12497 0 114
1864 2787 0 9
1865 233 0 25
1866 462 0 20
1867 1494 0 24
1868 2314 0 41
1869 883 0 7
1870 826 0 15
1871 2828 0 14
1872 1522 0 9
1873 7358 0 27
1874 647 0 7
1875 3307 0 11
1876 1598 0 7
1877 1653 0 142
1878 2437 0 8
1879 989 0 11
1880 1162 0 57
1881 1775 0 18
1882 580 0 7
1883 1562 0 140
1884 538 0 8
1885 1508 0 7
1886 936 0 15
1887 24 0 12
1888 5092 0 39
1889 2506 0 30
1890 2805 0 7
1891 450 0 10
1892 1530 0 127
1893 1984 0 63
1894 1192 0 14
1895 12024 0 14
1896 1009 0 27
1897 7343 0 21
1898 588 0 54
1899 1479 0 23
1900 802 0 7
1901 692 0 29
1902 3271 0 372
1903 906 0 9
1904 3151 0 22
1905 1013 0 10
1906 892 0 31
1907 1286 0 14
1908 639 0 9
1909 2417 0 12
1910 970 0 14
1911 13812 0 23
1912 997 0 11
1913 1408 0 12
1914 671 0 20
1915 318 0 174
1916 987 0 18
1917 6738 0 12
1918 3199 0 35
1919 2718 0 29
1920 1195 0 12
1921 1426 0 23
1922 1175 0 7
1923 5035 0 24
1924 702 0 27
1925 2794 0 16
1926 2835 0 9
1927 533 0 0
1928 1260 0 9
1929 582 0 18
1930 662 0 8
1931 700 0 76
1932 1961 0 12
1933 3377 0 29
1934 407 0 8
1935 931 0 14
1936 414 0 9
1937 1579 0 37
1938 166 0 33
1939 819 0 35
1940 1232 0 9
1941 1955 0 9
1942 1335 0 11
1943 1014 0 10
1944 549 0 39
1945 7051 0 12
1946 1819 0 67
1947 3164 0 61
1948 1680 0 9
1949 467 0 30
1950 957 0 74
1951 271 0 19
1952 6213 0 25
1953 715 0 6
1954 3363 0 16
1955 8024 0 8
1956 972 0 13
1957 310 0 6
1958 643 0 7
1959 2131 0 70
1960 1607 0 47
1961 288 0 145
1962 1105 0 6
1963 1954 0 35
1964 318 0 13
1965 5026 0 45
1966 3144 0 19
1967 1593 0 8
1968 5050 0 11
1969 434 1 0
1970 2582 0 17
1971 2784 0 10
1972 2362 0 136
1973 1504 0 13
1974 1283 1 537
1975 1140 0 9
1976 668 0 19
1977 1376 0 14
1978 203 0 10
1979 1504 0 7
1980 1397 0 6
1981 1173 0 10
1982 7044 0 130
1983 3339 0 2
1984 502 0 8
1985 3371 1 46
1986 989 0 11
1987 1251 0 9
1988 13061 0 23
1989 2312 0 110
1990 2982 0 23
1991 7587 0 9
1992 419 0 8
1993 1516 0 13
1994 18 0 13
1995 1886 0 15
1996 2343 0 13
1997 258 0 70
1998 1974 0 98
1999 277 0 7
2000 1257 0 18
2001 1146 0 14
2002 1407 0 7
2003 1834 0 138
2004 1910 0 8
2005 3962 0 10
2006 989 0 28
2007 2254 0 13
2008 1132 0 127
2009 2796 0 10
2010 1442 1 376
2011 3631 0 70
2012 2967 0 39
2013 6372 0 32
2014 1088 0 210
2015 523 0 7
2016 1321 0 11
2017 1531 0 10
2018 5147 0 97
2019 294 1 101
2020 4124 0 8
2021 2901 0 37
2022 2878 0 13
2023 992 0 78
2024 1232 0 11
2025 1368 0 34
2026 1322 0 28
2027 1204 0 13
2028 5110 0 8
2029 1957 0 10
2030 275 0 13
2031 3548 0 15
2032 1606 0 11
2033 1218 0 10
2034 733 0 297
2035 1615 1 113
2036 72 1 0
2037 739 0 8
2038 12076 0 8
2039 1733 0 29
2040 1596 0 13
2041 920 0 25
2042 3223 0 9
2043 3263 1 0
2044 1984 0 10
2045 1219 0 13
2046 1961 0 71
2047 930 0 12
2048 759 1 152
2049 899 1 0
2050 12721 0 8
2051 4152 0 7
2052 1314 0 11
2053 807 0 38
2054 6735 0 10
2055 1753 0 38
2056 1002 0 9
2057 2727 0 11
2058 484 1 0
2059 703 0 71
2060 12539 0 62
2061 1029 0 41
2062 1179 0 82
2063 1232 0 11
2064 12922 0 65
2065 6894 0 130
2066 614 0 9
2067 619 0 122
2068 1891 0 88
2069 1951 1 16
2070 871 0 11
2071 3288 0 97
2072 589 0 121
2073 1364 0 7
2074 8025 0 154
2075 1001 1 6
2076 849 1 361
2077 17490 0 14
2078 529 0 18
2079 847 0 10
2080 1898 0 11
2081 8839 0 39
2082 3034 1 20
2083 12392 0 12
2084 7985 0 110
2085 6536 0 13
2086 5116 0 39
2087 3506 0 11
2088 2930 0 19
2089 1409 0 17
2090 872 0 15
2091 2137 0 108
2092 903 0 312
2093 391 0 57
2094 1942 0 182
2095 17143 0 7
2096 1169 0 14
2097 5022 0 14
2098 5116 0 16
2099 3366 0 134
2100 1423 0 145
2101 6839 0 21
2102 3277 0 14
2103 2908 0 11
2104 3478 0 76
2105 3377 0 13
2106 592 0 11
2107 1344 0 25
2108 1135 0 405
2109 683 0 20
2110 3270 0 7
2111 3272 0 11
2112 436 0 43
2113 1057 0 8
2114 5034 0 8
2115 412 0 56
2116 1345 0 26
2117 3570 0 74
2118 1164 0 15
2119 442 0 9
2120 174 0 91
2121 9254 0 11
2122 973 0 9
2123 8841 0 9
2124 245 0 0
2125 7713 0 82
2126 441 0 19
2127 3378 0 10
2128 1253 0 12
2129 356 1 0
2130 217 0 74
2131 1407 0 11
2132 1144 0 29
2133 2605 0 15
2134 638 0 45
2135 520 0 34
2136 758 0 24
2137 1059 0 7
2138 2382 1 13
2139 11790 0 8
2140 255 0 172
2141 1407 0 54
2142 211 0 46
2143 200 0 41
2144 1084 0 15
2145 5126 0 11
2146 2717 0 12
2147 262 0 12
2148 1407 0 17
2149 989 0 8
2150 130 0 41
2151 989 0 15
2152 1532 0 17
2153 660 0 17
2154 214 0 28
2155 1227 0 13
2156 615 0 200
2157 2526 0 11
2158 1201 0 19
2159 295 0 9
2160 7051 0 36
2161 2851 0 12
2162 431 0 93
2163 5996 0 326
2164 582 0 353
2165 469 0 11
2166 528 0 16
2167 2086 0 14
2168 5019 0 20
2169 7636 0 7
2170 6363 0 41
2171 685 0 11
2172 3764 0 7
2173 335 0 7
2174 1161 0 8
2175 794 0 9
2176 668 0 10
2177 973 0 8
2178 733 0 100
2179 326 1 0
2180 284 0 39
2181 696 0 18
2182 1746 0 99
2183 8187 0 17
2184 1136 1 0
2185 1501 0 367
2186 2009 1 519
2187 5094 0 11
2188 1251 0 11
2189 1395 0 10
2190 2078 0 12
2191 15432 0 16
2192 2915 0 10
2193 1171 0 32
2194 4591 0 96
2195 1883 1 0
2196 7370 0 185
2197 842 0 53
2198 989 0 11
2199 179 0 122
2200 338 0 18
2201 3172 0 14
2202 1879 0 42
2203 1312 0 33
2204 477 0 26
2205 1262 0 12
2206 430 0 45
2207 1260 0 12
2208 2063 0 13
2209 922 0 21
2210 2226 0 18
2211 868 0 11
2212 1041 0 28
2213 2291 0 166
2214 3921 1 81
2215 7184 0 12
2216 3543 0 10
2217 1987 0 24
2218 186 1 87
2219 1983 0 31
2220 2266 0 38
2221 3317 0 153
2222 3933 0 16
2223 1380 0 11
2224 1014 0 14
2225 2752 0 52
2226 396 0 9
2227 1389 0 10
2228 3215 0 63
2229 1292 0 92
2230 1332 0 13
2231 1391 0 19
2232 1199 0 141
2233 1915 0 140
2234 1409 0 617
2235 2426 0 12
2236 1054 0 8
2237 1289 1 3
2238 675 0 9
2239 7030 0 83
2240 7346 0 10
2241 12929 0 9
2242 454 0 32
2243 181 0 15
2244 1201 0 34
2245 2439 0 10
2246 687 0 10
2247 723 0 10
2248 1081 0 14
2249 2842 0 250
2250 2374 0 15
2251 981 0 12
2252 459 0 37
2253 1048 0 11
2254 2063 1 16
2255 710 0 13
2256 3237 0 81
2257 744 0 8
2258 1130 0 13
2259 3230 0 15
2260 201 0 110
2261 7338 0 9
2262 856 0 12
2263 1059 0 36
2264 1109 0 10
2265 2927 0 188
2266 7656 0 17
2267 2678 0 86
2268 574 0 10
2269 846 0 28
2270 2380 0 17
2271 5113 0 19
2272 1954 0 88
2273 7050 0 7
2274 1411 0 12
2275 2903 0 11
2276 1512 0 53
2277 1420 0 151
2278 1121 0 11
2279 6145 0 11
2280 1987 0 10
2281 1417 0 12
2282 2875 0 51
2283 1057 0 21
2284 1933 0 10
2285 8829 0 29
2286 1807 0 18
2287 181 0 137
2288 2068 0 42
2289 1171 0 10
2290 3141 0 9
2291 7925 0 34
2292 432 0 21
2293 1076 0 11
2294 3458 0 8
2295 1393 0 29
2296 1004 0 10
2297 7050 0 11
2298 3016 0 10
2299 935 0 12
2300 2031 0 12
2301 744 0 94
2302 1185 0 7
2303 420 0 26
2304 1140 0 65
2305 1551 0 28
2306 989 0 11
2307 3508 0 43
2308 1378 0 15
2309 1236 0 100
2310 1033 0 13
2311 1232 0 10
2312 2570 0 134
2313 6745 1 0
2314 3378 0 9
2315 1601 0 75
2316 1273 0 103
2317 776 0 7
2318 777 1 18
2319 1100 0 11
2320 618 0 10
2321 2822 0 10
2322 623 0 33
2323 3383 0 10
2324 1771 0 26
2325 1960 0 80
2326 323 1 168
2327 6715 0 29
2328 194 0 47
2329 1894 0 3
2330 12606 0 12
2331 1830 0 11
2332 880 0 9
2333 1820 0 10
2334 1411 0 9
2335 321 0 29
2336 1404 0 11
2337 1015 0 13
2338 1554 0 9
2339 1145 0 42
2340 2876 0 76
2341 2535 0 9
2342 406 1 0
2343 5149 0 189
2344 644 0 10
2345 610 0 14
2346 499 0 10
2347 6152 0 28
2348 1948 0 34
2349 809 0 20
2350 1354 0 28
2351 819 0 11
2352 4954 0 53
2353 666 0 145
2354 1518 0 37
2355 2850 0 126
2356 2868 0 11
2357 174 0 12
2358 442 0 9
2359 2090 0 35
2360 7651 0 136
2361 750 0 68
2362 954 0 11
2363 3172 0 13
2364 1054 0 10
2365 1140 0 18
2366 1388 0 11
2367 2390 0 141
2368 3101 0 14
2369 665 0 7
2370 13598 0 18
2371 402 0 20
2372 2796 0 7
2373 13380 0 39
2374 917 0 28
2375 2542 0 91
2376 1199 0 7
2377 623 0 9
2378 1348 0 10
2379 1240 0 37
2380 507 0 15
2381 2848 0 8
2382 6515 0 11
2383 1116 0 13
2384 1421 0 46
2385 835 0 50
2386 1264 0 10
2387 810 0 25
2388 989 0 24
2389 1238 0 11
2390 1006 0 12
2391 2812 0 111
2392 1080 0 7
2393 3529 0 11
2394 1041 0 13
2395 2541 0 9
2396 2074 0 10
2397 1538 0 10
2398 1297 0 13
2399 7705 0 45
2400 1173 0 11
2401 1335 0 66
2402 3669 0 13
2403 227 0 8
2404 1532 0 16
2405 1163 0 55
2406 2538 0 37
2407 1947 0 8
2408 11611 0 63
2409 1121 0 10
2410 602 0 15
2411 894 0 18
2412 1870 0 12
2413 3540 0 69
2414 987 0 8
2415 1537 0 10
2416 819 0 11
2417 324 0 13
2418 5886 0 13
2419 623 0 240
2420 692 0 12
2421 1989 0 9
2422 3286 0 125
2423 2173 0 73
2424 921 0 9
2425 1864 0 13
2426 1878 0 11
2427 959 0 7
2428 1939 0 11
2429 1060 0 10
2430 3202 0 8
2431 989 0 42
2432 1149 0 124
2433 838 0 12
2434 618 0 27
2435 1100 1 61
2436 1293 0 188
2437 3194 0 23
2438 809 0 77
2439 8182 0 10
2440 199 0 7
2441 2857 0 21
2442 1385 0 14
2443 1 0 18
2444 2903 0 11
2445 6362 0 5
2446 579 0 12
2447 446 0 56
2448 7912 0 49
2449 989 0 33
2450 363 0 40
2451 3256 0 13
2452 874 0 35
2453 8191 0 107
2454 1487 0 14
2455 1864 1 18
2456 1513 0 7
2457 2180 0 54
2458 517 0 24
2459 75 0 29
2460 1645 0 33
2461 1748 0 18
2462 6567 0 74
2463 459 0 16
2464 9555 0 40
2465 2405 0 178
2466 1977 0 24
2467 762 0 9
2468 2444 0 24
2469 1516 0 174
2470 1850 0 13
2471 1583 0 34
2472 1533 0 38
2473 1550 0 124
2474 3192 0 7
2475 5124 0 59
2476 1520 0 306
2477 2218 1 0
2478 2511 0 9
2479 938 0 28
2480 2736 0 24
2481 1179 0 7
2482 3310 0 8
2483 1956 1 0
2484 1962 0 75
2485 600 0 19
2486 860 0 17
2487 3570 0 10
2488 1739 0 19
2489 484 0 16
2490 178 0 7
2491 989 0 8
2492 1202 0 72
2493 1892 0 12
2494 623 0 6
2495 1275 0 13
2496 1830 0 13
2497 510 0 8
2498 469 0 119
2499 929 0 6
2500 830 0 74
2501 649 0 11
2502 1543 0 16
2503 2111 0 33
2504 649 0 41
2505 823 0 11
2506 769 1 0
2507 6705 0 27
2508 1032 0 37
2509 1196 0 73
2510 1280 0 14
2511 561 0 26
2512 2931 0 12
2513 282 0 46
2514 5087 0 14
2515 434 0 11
2516 1407 0 7
2517 1401 0 83
2518 5977 0 6
2519 11426 0 11
2520 3359 0 12
2521 14920 0 79
2522 5005 0 19
2523 3359 0 10
2524 989 0 29
2525 9 0 14
2526 194 0 13
2527 1080 0 7
2528 2802 0 32
2529 594 0 12
2530 2812 0 8
2531 709 0 45
2532 646 0 9
2533 950 0 8
2534 656 0 62
2535 1290 0 146
2536 1357 0 45
2537 24 1 6
2538 1018 0 11
2539 1285 0 23
2540 1040 0 54
2541 736 0 6
2542 596 0 51
2543 17485 0 13
2544 739 0 16
2545 1052 0 367
2546 2010 0 36
2547 321 0 142
2548 2949 0 12
2549 1791 0 81
2550 2242 0 16
2551 2562 0 13
2552 179 0 81
2553 3248 0 60
2554 803 0 14
2555 1349 0 37
2556 6563 0 6
2557 2800 0 8
2558 1083 0 11
2559 809 0 9
2560 5148 0 13
2561 2203 0 12
2562 556 0 25
2563 1986 0 11
2564 3292 0 10
2565 3276 0 72
2566 975 0 13
2567 17342 0 9
2568 1963 0 9
2569 1338 0 13
2570 2477 0 11
2571 3268 0 14
2572 335 0 9
2573 3279 0 10
2574 1346 0 90
2575 266 0 14
2576 2151 0 8
2577 808 0 8
2578 1354 0 19
2579 1518 0 11
2580 3264 0 28
2581 1974 0 26
2582 3278 0 11
2583 3025 0 372
2584 1242 0 13
2585 503 1 14
2586 3194 0 16
2587 1385 0 17
2588 1516 0 10
2589 5109 0 104
2590 476 0 9
2591 515 0 38
2592 1429 0 10
2593 919 0 219
2594 1794 0 13
2595 12915 0 10
2596 6232 0 7
2597 979 0 24
2598 573 0 8
2599 3346 0 35
2600 288 0 37
2601 654 0 50
2602 1088 0 47
2603 1204 0 75
2604 608 0 15
2605 935 0 22
2606 1301 0 40
2607 1938 0 9
2608 42 0 9
2609 1344 0 108
2610 3176 0 10
2611 1409 0 14
2612 1246 0 40
2613 406 0 9
2614 1086 0 158
2615 404 0 19
2616 489 0 9
2617 17480 0 48
2618 1748 0 106
2619 1213 0 9
2620 1981 0 19
2621 1566 0 13
2622 1516 0 9
2623 972 1 16
2624 1236 0 48
2625 2448 0 23
2626 407 0 42
2627 1408 0 10
2628 3221 0 42
2629 11253 0 12
2630 848 0 41
2631 3327 0 19
2632 14 0 9
2633 181 0 8
2634 3532 0 18
2635 6800 0 41
2636 1757 0 72
2637 1355 0 200
2638 1077 0 7
2639 592 0 50
2640 916 0 7
2641 1096 0 9
2642 580 1 316
2643 1917 0 36
2644 1316 0 233
2645 551 0 95
2646 1491 0 96
2647 1022 0 8
2648 595 0 9
2649 664 0 10
2650 1736 0 64
2651 848 0 8
2652 1183 0 108
2653 784 0 12
2654 317 0 32
2655 3616 0 17
2656 633 1 6
2657 1428 0 16
2658 1527 0 7
2659 324 0 11
2660 6187 0 38
2661 604 0 110
2662 643 0 98
2663 5086 0 17
2664 916 0 15
2665 2818 0 11
2666 1538 0 163
2667 1293 0 108
2668 1017 0 13
2669 3170 0 9
2670 3367 0 16
2671 707 0 10
2672 125 0 40
2673 865 0 15
2674 138 0 41
2675 1537 0 42
2676 568 0 7
2677 1914 0 74
2678 1343 1 400
2679 11977 0 9
2680 243 0 12
2681 864 0 8
2682 2465 0 12
2683 1834 0 50
2684 1245 0 8
2685 2790 0 12
2686 946 0 23
2687 2841 0 138
2688 1357 0 17
2689 1321 0 7
2690 601 0 8
2691 573 1 184
2692 1990 0 8
2693 989 0 49
2694 2954 0 18
2695 5136 0 10
2696 3148 0 13
2697 1236 0 45
2698 1367 0 73
2699 892 0 274
2700 273 0 10
2701 1977 0 10
2702 2437 0 54
2703 2647 0 11
2704 2827 0 31
2705 1807 0 8
2706 1772 0 11
2707 603 1 20
2708 345 0 38
2709 1106 0 15
2710 906 0 182
2711 3339 0 83
2712 753 0 24
2713 5014 1 0
2714 1078 0 23
2715 1003 0 31
2716 908 0 14
2717 660 0 71
2718 3016 0 9
2719 1141 0 131
2720 1528 0 23
2721 1377 0 24
2722 2240 0 13
2723 5051 0 9
2724 693 0 11
2725 482 0 143
2726 1969 0 12
2727 2887 0 8
2728 216 0 16
2729 930 0 8
2730 7260 0 29
2731 1948 0 13
2732 17244 1 4
2733 3207 0 11
2734 757 0 22
2735 1285 0 10
2736 199 0 34
2737 5125 1 0
2738 3226 0 34
2739 996 0 7
2740 1798 0 12
2741 196 0 50
2742 767 0 10
2743 460 0 10
2744 1358 0 59
2745 892 0 11
2746 3091 0 12
2747 1040 0 52
2748 17010 0 43
2749 205 0 14
2750 667 0 8
2751 1975 0 9
2752 2328 0 18
2753 2399 0 8
2754 3266 0 10
2755 1532 0 6
2756 3182 0 6
2757 1970 0 11
2758 401 0 9
2759 822 0 49
2760 3215 0 10
2761 258 0 13
2762 934 0 13
2763 3553 0 157
2764 2212 0 13
2765 2042 1 28
2766 3257 0 10
2767 5911 0 13
2768 1416 0 8
2769 688 0 27
2770 278 1 12
2771 326 0 33
2772 1348 0 142
2773 3198 0 37
2774 12892 0 94
2775 245 0 10
2776 877 0 6
2777 903 0 44
2778 57 0 7
2779 1275 0 17
2780 993 0 9
2781 1326 0 12
2782 760 0 10
2783 729 0 32
2784 1959 0 17
2785 7049 0 8
2786 1531 0 95
2787 2234 0 8
2788 2253 0 51
2789 3619 0 6
2790 1038 0 9
2791 1940 1 0
2792 2446 0 8
2793 8191 0 110
2794 727 0 11
2795 745 0 67
2796 976 0 17
2797 1673 0 40
2798 386 0 82
2799 2849 0 10
2800 1376 0 9
2801 2861 0 11
2802 1604 0 74
2803 5072 0 11
2804 2120 0 33
2805 1776 0 9
2806 194 0 10
2807 1374 0 79
2808 348 0 7
2809 903 0 35
2810 1974 0 19
2811 2776 0 98
2812 114 0 10
2813 1397 0 68
2814 1982 0 13
2815 3646 1 566
2816 5151 0 10
2817 676 0 40
2818 625 0 73
2819 985 0 12
2820 3302 1 0
2821 1227 0 13
2822 3176 0 7
2823 1983 0 8
2824 729 0 18
2825 405 0 13
2826 1272 0 11
2827 2178 0 71
2828 1725 0 149
2829 1273 0 11
2830 948 0 49
2831 874 0 8
2832 1696 0 19
2833 6561 0 9
2834 2438 0 7
2835 146 0 23
2836 427 0 12
2837 952 0 6
2838 14370 0 12
2839 1522 0 11
2840 2746 0 16
2841 200 0 10
2842 1652 0 68
2843 620 0 11
2844 1536 0 7
2845 1898 0 20
2846 443 0 61
2847 856 0 17
2848 1573 0 42
2849 3806 0 36
2850 2011 0 158
2851 1948 0 79
2852 3671 0 10
2853 7255 0 69
2854 2494 0 6
2855 12212 0 69
2856 181 0 13
2857 3158 0 6
2858 1348 0 404
2859 1159 1 189
2860 181 0 106
2861 799 0 16
2862 1128 0 9
2863 580 0 14
2864 899 0 409
2865 1675 0 113
2866 1180 0 18
2867 1507 0 142
2868 2915 0 13
2869 929 0 40
2870 1418 0 73
2871 618 0 29
2872 1132 0 10
2873 7683 0 139
2874 5106 0 30
2875 1308 1 217
2876 1516 0 29
2877 5093 0 60
2878 6740 0 69
2879 3192 0 12
2880 1513 1 503
2881 698 0 141
2882 756 0 49
2883 3198 0 12
2884 2361 0 17
2885 1409 0 11
2886 190 0 7
2887 1453 0 14
2888 3570 0 11
2889 2186 0 170
2890 502 0 11
2891 2651 0 19
2892 621 0 126
2893 457 0 28
2894 538 0 36
2895 2858 0 9
2896 1484 0 11
2897 1516 0 12
2898 12813 0 165
2899 2290 0 8
2900 1198 0 9
2901 278 0 12
2902 1285 0 72
2903 1347 0 95
2904 3374 0 15
2905 748 0 69
2906 3282 0 10
2907 633 0 14
2908 1567 0 31
2909 1949 0 11
2910 2674 0 23
2911 1941 0 55
2912 6556 0 101
2913 2548 0 12
2914 16579 0 30
2915 2917 0 40
2916 707 0 91
2917 3159 1 517
2918 5141 0 11
2919 1050 0 16
2920 12455 0 10
2921 2041 0 49
2922 1308 0 12
2923 2530 0 8
2924 7295 0 220
2925 1045 0 169
2926 7917 0 16
2927 1516 0 63
2928 7186 0 12
2929 2868 0 261
2930 839 0 9
2931 17495 0 92
2932 1207 0 78
2933 5023 0 10
2934 2024 0 11
2935 1674 0 10
2936 1589 0 19
2937 1126 0 10
2938 559 0 9
2939 1989 0 8
2940 1954 0 12
2941 2845 0 9
2942 2282 0 13
2943 445 0 23
2944 1017 0 17
2945 6926 0 10
2946 656 0 7
2947 1427 0 38
2948 453 0 31
2949 1526 0 98
2950 1101 0 11
2951 2660 0 90
2952 1382 0 27
2953 323 0 109
2954 2012 1 30
2955 892 0 44
2956 557 0 15
2957 1219 0 11
2958 2658 0 61
2959 568 0 6
2960 1803 0 11
2961 1429 0 66
2962 11967 0 90
2963 1844 0 15
2964 532 0 10
2965 2540 0 12
2966 1254 0 20
2967 2002 0 9
2968 1121 0 11
2969 195 0 10
2970 171 0 21
2971 2585 0 8
2972 2123 0 10
2973 3323 0 149
2974 1278 0 16
2975 3306 0 27
2976 2029 0 8
2977 2541 0 33
2978 1344 0 11
2979 1351 0 13
2980 1099 0 143
2981 1057 0 13
2982 12524 0 9
2983 1425 0 9
2984 865 0 12
2985 2522 0 10
2986 886 0 13
2987 3525 0 12
2988 7317 0 37
2989 2722 0 127
2990 1941 0 11
2991 1662 1 0
2992 3384 0 10
2993 1035 0 77
2994 910 0 81
2995 1990 0 10
2996 324 0 68
2997 679 0 7
2998 5067 0 63
2999 877 0 11
3000 263 0 13
3001 4993 0 45
3002 696 0 22
3003 612 0 154
3004 2301 0 14
3005 1651 0 24
3006 3162 0 8
3007 7612 0 12
3008 2162 0 11
3009 2281 0 19

15 0 1481
108
3010 628 0 400
3011 51 0 14
3012 5150 0 11
3013 1191 0 130
3014 989 0 44
3015 1411 0 13
3016 353 0 13
3017 1385 0 11
3018 8839 0 12
3019 2343 0 7
3020 14924 0 22
3021 458 0 12
3022 518 0 58
3023 3305 0 14
3024 1579 0 13
3025 1189 1 0
3026 1290 0 58
3027 1999 0 13
3028 1172 0 46
3029 1009 0 27
3030 3407 0 38
3031 893 0 11
3032 2810 0 11
3033 379 0 41
3034 419 0 37
3035 2050 0 22
3036 601 0 9
3037 1625 0 9
3038 608 0 146
3039 2225 0 13
3040 740 0 15
3041 224 0 147
3042 3148 0 25
3043 1182 0 28
3044 699 0 10
3045 424 0 48
3046 1420 0 39
3047 640 0 36
3048 1173 0 8
3049 7736 0 19
3050 6739 0 8
3051 1291 0 8
3052 1254 0 9
3053 2860 0 72
3054 286 0 6
3055 1809 0 10
3056 1526 0 11
3057 3019 0 8
3058 2947 0 16
3059 865 0 11
3060 1030 0 31
3061 2152 0 9
3062 1798 0 10
3063 5092 0 30
3064 529 0 27
3065 2355 0 18
3066 1865 0 11
3067 1089 0 45
3068 3467 0 40
3069 1940 1 103
3070 3277 0 285
3071 1506 0 75
3072 2215 0 128
3073 920 0 27
3074 478 0 11
3075 1369 0 19
3076 455 0 7
3077 614 0 15
3078 873 0 67
3079 1059 0 7
3080 1270 0 11
3081 1831 0 10
3082 1153 0 19
3083 635 0 13
3084 989 0 7
3085 806 0 38
3086 7051 1 0
3087 1972 0 12
3088 3223 0 6
3089 1533 0 30
3090 515 0 206
3091 1375 0 9
3092 1954 0 20
3093 1130 0 7
3094 989 0 9
3095 6250 0 24
3096 1921 0 13
3097 1417 0 12
3098 1963 0 8
3099 1334 0 18
3100 1084 0 12
3101 1945 0 21
3102 1558 0 38
3103 969 0 41
3104 6952 0 54
3105 1237 0 13
3106 585 0 7
3107 791 0 10
3108 2088 0 135
3109 2876 0 8
3110 1038 0 11
3111 2908 0 73
3112 2560 0 183
3113 3426 0 18
3114 1104 0 53
3115 3159 0 11
3116 1424 0 37
3117 1526 0 9

16 0 1492
25
3118 1600 1 151
3119 1027 0 8
3120 2382 0 9
3121 8090 0 0
3122 1606 0 8
3123 300 0 7
3124 323 0 8
3125 1339 0 11
3126 3498 0 37
3127 2784 0 50
3128 5106 0 16
3129 2823 0 7
3130 1373 0 122
3131 686 0 67
3132 303 0 16
3133 3251 0 8
3134 5124 0 7
3135 741 0 16
3136 327 0 11
3137 1079 0 13
3138 1374 0 11
3139 1945 0 8
3140 409 0 9
3141 1271 0 148
3142 6743 0 148

17 1 1492
4
3143 606 0 190
3144 1152 0 11
3145 2072 0 50
3146 989 0 18

18 1 1497
26
3147 1252 0 72
3148 1263 0 54
3149 563 0 183
3150 471 0 15
3151 1956 0 72
3152 701 0 19
3153 1725 0 40
3154 978 0 10
3155 1009 0 13
3156 5014 0 10
3157 2846 0 23
3158 2355 0 30
3159 1267 0 9
3160 832 0 29
3161 993 0 9
3162 1330 0 7
3163 8193 0 23
3164 1562 0 12
3165 7694 0 8
3166 5002 0 84
3167 2880 0 10
3168 3166 0 22
3169 980 0 9
3170 705 0 24
3171 1902 0 33
3172 909 0 10

19 0 1499
182
3173 3172 0 13
3174 2095 0 13
3175 826 0 14
3176 1354 0 72
3177 912 0 68
3178 1384 0 36
3179 538 0 12
3180 1006 0 12
3181 2802 0 28
3182 1952 0 22
3183 1969 0 12
3184 788 0 109
3185 437 0 13
3186 3411 0 18
3187 1192 0 6
3188 14376 0 168
3189 6738 0 30
3190 429 0 11
3191 17267 0 69
3192 3708 0 16
3193 1166 0 20
3194 7701 0 372
3195 610 0 28
3196 695 0 178
3197 286 0 75
3198 691 0 10
3199 1822 0 17
3200 1965 0 32
3201 1112 0 14
3202 1048 0 21
3203 3261 0 14
3204 814 0 90
3205 584 0 8
3206 12602 0 41
3207 4358 0 13
3208 839 0 10
3209 2463 0 280
3210 2554 0 13
3211 823 0 45
3212 737 0 70
3213 1025 0 111
3214 7597 0 34
3215 1123 0 19
3216 1214 0 8
3217 2549 0 14
3218 1246 0 13
3219 1095 0 8
3220 1397 0 42
3221 233 0 119
3222 989 0 14
3223 8208 0 150
3224 11839 0 12
3225 1093 0 31
3226 5118 0 24
3227 2952 0 56
3228 2506 0 16
3229 840 0 76
3230 1407 0 8
3231 898 0 207
3232 906 0 7
3233 3272 0 10
3234 716 0 11
3235 7389 0 35
3236 418 0 68
3237 515 0 92
3238 1528 0 13
3239 1511 0 46
3240 1427 0 20
3241 182 0 9
3242 1529 0 10
3243 1984 0 87
3244 274 0 45
3245 1369 0 423
3246 248 0 40
3247 580 0 12
3248 2330 0 3
3249 3199 0 75
3250 825 0 109
3251 382 0 8
3252 963 0 11
3253 1991 0 32
3254 717 0 11
3255 142 0 7
3256 2001 0 11
3257 620 0 9
3258 1186 0 11
3259 1980 0 11
3260 12468 0 99
3261 3474 0 2
3262 3 0 68
3263 2796 0 9
3264 1234 0 8
3265 6191 0 0
3266 3306 0 9
3267 2920 0 11
3268 788 0 217
3269 1971 1 61
3270 147 0 12
3271 6125 0 47
3272 190 0 26
3273 16731 0 8
3274 1127 0 13
3275 2054 0 38
3276 589 0 28
3277 272 0 22
3278 420 0 8
3279 1232 0 39
3280 1956 0 13
3281 634 0 113
3282 1806 0 37
3283 1096 0 208
3284 1410 0 67
3285 416 0 108
3286 1121 1 786
3287 649 0 132
3288 989 1 20
3289 551 0 25
3290 492 0 221
3291 2187 0 69
3292 425 0 142
3293 1866 0 69
3294 911 0 9
3295 1317 0 45
3296 187 0 59
3297 1167 0 43
3298 444 1 27
3299 3267 0 12
3300 170 0 7
3301 2087 0 9
3302 2244 1 166
3303 882 0 10
3304 952 0 8
3305 839 0 372
3306 1705 0 42
3307 1400 0 23
3308 1178 0 68
3309 3168 0 7
3310 1007 0 12
3311 48 0 9
3312 757 0 150
3313 1674 1 0
3314 1537 0 5
3315 1976 0 93
3316 1313 0 7
3317 1242 0 10
3318 2774 0 9
3319 1263 0 11
3320 621 0 10
3321 781 0 54
3322 934 0 14
3323 1351 0 11
3324 202 0 10
3325 1191 0 18
3326 1417 0 9
3327 1155 0 9
3328 95 0 16
3329 167 0 30
3330 1970 0 50
3331 2951 0 81
3332 2380 0 10
3333 956 0 8
3334 915 0 11
3335 2152 0 8
3336 1959 0 10
3337 352 0 9
3338 697 0 12
3339 295 0 40
3340 408 0 63
3341 2098 0 30
3342 9303 0 7
3343 954 0 11
3344 24 0 8
3345 7 0 15
3346 3216 0 18
3347 6070 0 8
3348 3247 0 25
3349 2892 0 10
3350 3218 0 17
3351 1982 0 35
3352 1818 0 9
3353 708 1 0
3354 3353 0 9

