40

0 1 515
104
0 880 0 14
1 869 0 27
2 16880 0 83
3 7387 0 13
4 1773 0 9
5 7652 0 19
6 3178 0 8
7 3135 1 0
8 171 0 8
9 1223 0 7
10 1512 0 13
11 765 0 33
12 1296 0 389
13 1334 0 25
14 2025 0 11
15 502 0 14
16 353 0 176
17 1200 0 12
18 10018 0 11
19 5159 0 36
20 437 0 23
21 14865 0 11
22 1349 0 97
23 547 0 15
24 1267 0 10
25 993 0 13
26 2819 0 8
27 619 0 10
28 3379 0 12
29 426 0 13
30 3038 0 110
31 212 0 106
32 861 0 12
33 1162 0 13
34 1122 0 23
35 1467 0 43
36 1337 0 10
37 3327 0 11
38 1666 0 71
39 1395 0 11
40 205 0 7
41 628 0 29
42 1385 0 6
43 6200 0 33
44 1214 0 102
45 3014 0 26
46 1113 0 12
47 1290 0 67
48 1424 0 10
49 1118 0 9
50 30 0 8
51 1945 0 21
52 601 0 68
53 1185 0 52
54 2116 0 11
55 1274 0 11
56 756 0 36
57 171 0 11
58 485 0 41
59 1932 0 22
60 310 0 11
61 6185 0 11
62 791 0 10
63 1359 0 10
64 7038 0 11
65 1765 0 14
66 3379 0 36
67 1170 0 7
68 2950 0 12
69 1380 0 11
70 5049 0 53
71 3194 1 0
72 2042 0 42
73 596 0 9
74 2133 0 7
75 431 0 8
76 2853 1 20
77 1283 0 75
78 795 0 7
79 2439 0 8
80 2386 0 57
81 1231 0 11
82 7383 0 43
83 503 0 1
84 599 0 10
85 1400 0 12
86 2814 0 99
87 701 1 25
88 1513 0 12
89 781 0 10
90 2570 0 62
91 1315 0 11
92 441 0 10
93 687 0 11
94 1084 0 146
95 1295 0 11
96 3198 0 17
97 1260 0 12
98 3027 0 10
99 777 0 10
100 943 0 23
101 1314 0 9
102 307 1 589
103 757 0 22

1 0 1821
6
104 2693 0 213
105 2612 0 11
106 1089 0 111
107 1588 0 11
108 1511 0 6
109 655 0 41

2 0 1822
26
110 780 0 13
111 12203 0 56
112 973 0 10
113 3321 0 106
114 328 0 16
115 3376 0 16
116 3555 0 24
117 2160 1 25
118 1941 0 13
119 1745 0 7
120 3171 0 93
121 3163 0 11
122 1511 0 77
123 1964 0 7
124 1208 0 8
125 767 0 10
126 3115 0 224
127 7537 0 15
128 792 0 42
129 3145 0 19
130 3575 0 298
131 2445 0 13
132 1216 0 6
133 2583 0 11
134 1538 0 75
135 3172 0 11

3 1 1833
176
136 1431 0 11
137 1727 0 64
138 16122 0 7
139 1186 0 71
140 704 0 23
141 7050 0 221
142 947 0 19
143 564 0 19
144 791 0 8
145 1960 0 69
146 1518 0 141
147 690 0 14
148 1065 0 49
149 585 0 203
150 522 1 536
151 530 0 18
152 160 0 17
153 5122 0 222
154 1772 0 80
155 900 0 34
156 1295 0 45
157 501 0 25
158 2147 0 50
159 522 0 0
160 613 0 22
161 1992 0 9
162 1172 0 9
163 2584 1 20
164 1056 0 15
165 282 0 7
166 477 0 13
167 1073 0 136
168 892 0 8
169 5086 0 51
170 1724 0 7
171 565 0 36
172 5005 0 98
173 3162 0 116
174 914 0 13
175 1963 0 43
176 1333 0 9
177 684 0 27
178 542 0 13
179 1530 0 10
180 1985 0 12
181 3719 0 12
182 1841 0 45
183 2752 0 2
184 2525 0 46
185 1538 0 189
186 2069 0 26
187 983 0 19
188 5007 0 12
189 1942 0 40
190 453 0 12
191 898 0 33
192 991 0 13
193 717 0 1
194 80 0 81
195 607 0 8
196 1313 0 90
197 1468 0 10
198 1005 0 248
199 1403 0 32
200 1021 0 11
201 683 0 37
202 785 1 0
203 3184 0 30
204 1523 1 0
205 2958 0 92
206 8027 0 9
207 1053 0 7
208 2600 0 50
209 542 0 9
210 1319 0 64
211 869 1 372
212 746 0 23
213 380 0 17
214 3653 0 11
215 2843 0 251
216 1274 0 98
217 5001 0 31
218 375 0 137
219 2886 0 18
220 1294 0 35
221 5131 0 11
222 1077 0 14
223 855 0 17
224 7769 0 8
225 284 0 11
226 478 0 14
227 2474 0 80
228 831 0 7
229 1978 1 567
230 852 0 7
231 695 0 8
232 780 0 11
233 1973 0 10
234 1022 0 9
235 3198 0 46
236 1738 1 0
237 738 0 19
238 1009 0 78
239 1581 0 35
240 473 0 106
241 4073 0 33
242 3376 0 19
243 1425 0 7
244 575 0 12
245 1506 0 20
246 572 0 19
247 917 0 18
248 825 0 13
249 162 0 24
250 1956 0 17
251 807 0 76
252 7287 0 11
253 1215 1 486
254 1429 0 7
255 816 0 35
256 490 0 10
257 1924 0 8
258 2031 0 166
259 229 0 11
260 13923 1 22
261 6209 0 154
262 1552 0 25
263 2059 0 8
264 1349 0 11
265 406 0 184
266 1845 0 37
267 5042 0 9
268 784 0 11
269 13008 0 102
270 1258 0 175
271 167 0 92
272 5073 0 113
273 2176 0 47
274 8829 0 122
275 1061 1 31
276 2407 0 5
277 785 0 13
278 7049 0 11
279 1942 0 19
280 13570 0 185
281 1942 0 11
282 2813 0 11
283 1251 0 9
284 828 0 10
285 2058 0 8
286 1127 1 0
287 5041 0 24
288 507 0 17
289 538 0 70
290 621 0 9
291 2907 1 0
292 1010 0 14
293 1359 0 10
294 1559 0 39
295 682 0 87
296 839 0 42
297 2837 0 41
298 284 0 9
299 2390 0 13
300 2481 0 40
301 1508 0 37
302 212 0 11
303 8829 0 8
304 6156 0 13
305 823 0 9
306 884 0 63
307 4999 0 6
308 1402 0 11
309 16143 0 11
310 447 0 10
311 579 0 10

4 1 1852
52
312 2473 0 14
313 414 0 19
314 1723 0 8
315 745 0 52
316 1188 0 14
317 183 1 0
318 2240 0 12
319 2211 0 24
320 243 0 10
321 266 0 165
322 689 0 12
323 3254 0 12
324 673 0 13
325 734 0 12
326 1186 0 75
327 1927 0 7
328 6106 0 14
329 18043 0 8
330 451 0 196
331 635 0 20
332 1538 0 18
333 1087 1 47
334 3379 0 19
335 328 0 15
336 1898 0 78
337 502 0 12
338 2912 0 158
339 3257 0 10
340 1231 0 96
341 16715 0 13
342 389 0 22
343 2146 0 16
344 15962 0 7
345 1511 0 16
346 433 0 94
347 1879 0 33
348 2866 0 32
349 1226 0 134
350 1402 0 109
351 1951 0 12
352 545 1 0
353 1082 0 15
354 1966 0 13
355 254 0 33
356 184 0 30
357 3170 0 33
358 13079 0 38
359 641 0 71
360 1010 0 95
361 674 0 83
362 1381 0 8
363 1366 0 22

5 1 1868
4
364 1957 0 74
365 930 0 38
366 2871 0 14
367 1106 0 9

6 1 1892
1
368 1310 0 10

7 1 1916
176
369 846 0 11
370 1246 0 15
371 1952 0 11
372 6001 0 19
373 3219 0 11
374 1527 0 30
375 1419 0 52
376 472 0 59
377 1152 0 10
378 563 0 187
379 3588 0 28
380 1954 0 12
381 1957 0 12
382 1040 0 132
383 899 0 97
384 202 0 12
385 1216 1 20
386 1041 0 14
387 3405 0 106
388 952 0 7
389 1507 0 214
390 1321 1 0
391 11603 0 10
392 3553 0 29
393 1060 0 46
394 3755 0 20
395 522 0 9
396 369 0 21
397 436 0 14
398 3195 0 6
399 537 0 10
400 925 0 62
401 5012 0 17
402 2784 0 31
403 1985 0 13
404 1835 0 9
405 438 0 12
406 1359 0 9
407 1518 0 7
408 2891 0 11
409 591 0 95
410 1359 0 11
411 722 0 31
412 1309 0 12
413 847 0 41
414 1411 0 11
415 178 0 27
416 2404 0 12
417 4047 0 7
418 2331 0 9
419 916 0 172
420 2943 0 38
421 1996 0 8
422 1519 0 52
423 1424 0 72
424 1556 0 8
425 3326 1 0
426 1596 0 109
427 2545 0 154
428 5007 0 8
429 5056 0 77
430 1841 0 8
431 6954 0 11
432 1528 0 10
433 464 0 9
434 1401 0 10
435 1115 0 12
436 6187 0 237
437 5091 0 16
438 6761 0 16
439 644 0 10
440 2136 0 22
441 1951 0 10
442 238 0 44
443 415 1 0
444 721 0 43
445 1130 0 29
446 1194 0 21
447 825 0 11
448 1950 0 30
449 1746 0 13
450 1549 0 10
451 1335 0 73
452 911 0 86
453 3120 0 28
454 5761 0 13
455 1333 0 12
456 505 1 0
457 371 0 13
458 1516 0 11
459 1958 0 11
460 897 0 89
461 865 0 68
462 543 0 8
463 882 0 44
464 1973 0 175
465 2241 0 14
466 5462 0 207
467 3001 0 8
468 1425 1 139
469 2580 0 11
470 2811 0 8
471 1345 0 10
472 4144 0 14
473 181 0 13
474 178 0 72
475 2819 0 134
476 902 0 34
477 541 0 14
478 1096 0 25
479 3211 0 18
480 5827 0 65
481 12483 0 40
482 1528 0 10
483 2939 0 24
484 1502 1 26
485 1321 0 56
486 1227 0 91
487 554 0 80
488 854 0 10
489 1002 0 10
490 2923 0 14
491 1787 0 18
492 373 0 12
493 742 0 32
494 1871 0 40
495 5027 0 8
496 343 0 0
497 1038 0 10
498 2583 0 8
499 18 0 9
500 5057 0 24
501 518 0 8
502 173 0 135
503 1293 0 178
504 1407 0 13
505 9010 0 10
506 1346 0 8
507 1363 0 13
508 2398 0 7
509 203 0 45
510 3586 0 12
511 12782 0 13
512 267 0 8
513 1039 0 10
514 4326 0 9
515 6220 0 17
516 1516 0 13
517 3316 0 18
518 2844 0 31
519 393 1 480
520 1513 0 17
521 492 0 2
522 1160 0 8
523 1392 0 8
524 419 0 14
525 19 0 12
526 317 0 23
527 1513 0 18
528 1254 0 129
529 2462 0 11
530 3193 0 11
531 1950 0 9
532 1182 0 9
533 1361 0 28
534 1166 0 11
535 320 0 9
536 177 0 12
537 3198 0 13
538 1839 0 85
539 507 0 10
540 942 0 7
541 3339 0 41
542 1728 0 110
543 1316 0 12
544 2975 0 31

8 1 1919
24
545 944 0 11
546 13369 0 13
547 733 0 8
548 961 0 13
549 1292 0 14
550 867 0 10
551 16080 0 81
552 747 0 222
553 358 0 21
554 655 0 8
555 1945 0 73
556 628 0 14
557 7184 0 152
558 401 0 14
559 760 0 9
560 1076 0 117
561 715 0 21
562 536 0 9
563 17 0 12
564 4153 0 8
565 380 0 36
566 1205 0 17
567 1430 0 59
568 3972 0 11

9 1 1925
6
569 753 0 13
570 1984 0 12
571 1528 0 76
572 403 0 23
573 1416 0 14
574 515 0 24

10 0 1986
22
575 1942 0 13
576 1156 0 9
577 1165 0 9
578 861 0 11
579 895 0 9
580 182 0 46
581 325 0 11
582 998 0 15
583 759 0 9
584 1145 0 11
585 943 1 153
586 1528 0 10
587 7946 0 47
588 1808 0 10
589 590 0 13
590 1513 0 73
591 1891 0 17
592 7469 0 13
593 986 0 12
594 1304 0 39
595 228 0 43
596 5135 0 12

11 1 2022
8
597 1412 0 8
598 2069 0 6
599 7184 0 14
600 2978 0 28
601 818 0 10
602 1960 0 11
603 1143 0 70
604 732 0 54

12 1 2304
6
605 1458 0 32
606 422 0 10
607 1209 0 12
608 826 0 18
609 1966 0 11
610 3634 0 10

13 0 2337
117
611 6241 0 10
612 2453 0 108
613 13180 0 13
614 3565 0 8
615 2905 0 12
616 7860 0 6
617 2906 0 10
618 5149 0 41
619 385 0 17
620 1096 0 41
621 1553 0 13
622 8163 0 122
623 733 0 20
624 424 0 194
625 2821 0 207
626 972 0 19
627 2752 0 12
628 1215 1 20
629 3165 1 400
630 1413 0 11
631 2869 0 36
632 2858 0 13
633 1237 0 9
634 5080 0 82
635 1516 0 67
636 333 0 8
637 1354 0 292
638 1419 0 34
639 3326 0 86
640 1166 0 0
641 828 0 14
642 13006 0 35
643 537 0 11
644 712 0 32
645 1824 0 10
646 498 1 0
647 2858 0 12
648 1359 0 15
649 3590 0 29
650 2531 0 78
651 1791 0 25
652 1790 0 35
653 1428 0 45
654 1038 0 56
655 1511 0 8
656 729 0 35
657 1518 0 12
658 474 0 11
659 918 0 19
660 3154 0 9
661 2799 0 95
662 752 0 10
663 7926 0 32
664 823 0 18
665 510 0 12
666 3151 0 8
667 2447 0 11
668 10211 0 12
669 6106 0 10
670 1978 0 7
671 10139 0 12
672 1078 0 41
673 574 0 57
674 1714 0 8
675 3148 0 19
676 2573 0 33
677 2022 0 13
678 925 0 18
679 1574 0 19
680 11811 0 16
681 885 0 7
682 2662 0 54
683 282 0 13
684 1020 0 8
685 3227 0 96
686 970 0 9
687 883 0 45
688 5005 0 8
689 2778 0 20
690 953 0 19
691 439 0 19
692 2294 0 13
693 191 0 12
694 1690 0 8
695 2333 0 26
696 13003 0 27
697 349 0 98
698 1280 1 0
699 1002 0 52
700 520 0 7
701 172 0 9
702 3055 0 11
703 666 0 21
704 7050 0 13
705 645 0 8
706 60 0 13
707 1522 0 28
708 2123 0 12
709 2593 0 442
710 749 0 3
711 1078 1 0
712 1067 0 16
713 291 0 9
714 1187 0 12
715 6926 0 12
716 7844 0 2
717 542 0 28
718 593 0 37
719 350 0 6
720 780 0 21
721 2342 0 70
722 1465 0 8
723 1769 0 50
724 1110 0 31
725 317 0 10
726 7043 0 8
727 811 0 89

14 1 2582
33
728 2518 0 7
729 1081 0 39
730 5053 1 437
731 3238 0 104
732 1520 0 7
733 1133 0 8
734 3130 0 172
735 1090 0 18
736 3798 0 7
737 11217 0 12
738 1132 0 54
739 756 0 11
740 1431 0 21
741 584 0 147
742 619 0 59
743 1683 0 7
744 704 1 31
745 1711 0 37
746 7047 0 13
747 3236 0 12
748 3150 0 43
749 1423 0 8
750 556 0 11
751 133 0 16
752 6923 0 24
753 1410 0 37
754 577 0 188
755 934 0 9
756 175 0 11
757 16894 0 9
758 3276 0 9
759 1795 0 11
760 7050 0 7

15 1 2587
175
761 1513 0 25
762 943 0 40
763 736 0 13
764 1751 0 11
765 552 0 60
766 588 0 56
767 2483 0 159
768 1969 0 10
769 1010 0 30
770 8191 0 25
771 3706 0 34
772 1256 0 8
773 1903 0 124
774 347 0 68
775 1504 0 13
776 1178 0 10
777 1851 0 36
778 989 1 0
779 2967 0 41
780 288 0 9
781 1945 0 98
782 13375 0 11
783 1227 0 12
784 573 0 46
785 3113 0 11
786 625 0 2
787 2159 0 71
788 1426 1 0
789 546 0 22
790 3773 0 141
791 1513 0 24
792 1225 1 0
793 1211 0 13
794 1837 0 5
795 198 0 133
796 6658 0 8
797 2807 0 32
798 2887 0 12
799 423 0 32
800 2265 0 11
801 11794 0 7
802 2953 0 110
803 588 0 7
804 989 0 77
805 1250 0 39
806 903 0 12
807 1243 0 28
808 847 0 15
809 12768 0 15
810 2914 0 11
811 678 0 10
812 621 0 11
813 1560 0 110
814 989 0 41
815 5073 0 7
816 1706 0 38
817 3332 0 14
818 6110 0 172
819 3100 0 11
820 510 0 17
821 988 0 88
822 860 0 12
823 1685 0 19
824 181 0 34
825 7930 0 13
826 778 0 75
827 1074 0 14
828 747 0 58
829 1941 1 164
830 12398 0 11
831 2909 0 23
832 3239 0 13
833 533 0 7
834 7050 0 36
835 507 1 502
836 1106 0 10
837 6793 0 8
838 3055 1 0
839 779 1 597
840 805 0 47
841 1544 0 9
842 5115 0 10
843 8200 0 9
844 1467 0 9
845 5104 0 10
846 1395 0 18
847 728 0 11
848 1971 0 146
849 610 0 68
850 1027 0 13
851 1947 0 24
852 1515 0 11
853 664 0 10
854 1936 0 50
855 1881 0 18
856 1469 0 43
857 428 0 146
858 2606 0 317
859 5059 0 7
860 1852 0 16
861 1038 0 12
862 750 0 44
863 3111 0 306
864 11791 0 24
865 600 0 27
866 3142 0 17
867 275 0 9
868 1217 0 16
869 1244 0 10
870 1308 0 14
871 13110 0 67
872 3252 0 81
873 299 0 32
874 465 0 6
875 1373 0 51
876 2816 0 27
877 1516 0 11
878 773 0 9
879 326 0 17
880 630 1 0
881 2054 0 25
882 172 0 11
883 6366 0 29
884 381 0 10
885 205 0 34
886 1422 0 10
887 1256 0 11
888 1939 0 53
889 196 0 13
890 6495 0 16
891 592 0 9
892 3185 0 11
893 878 0 9
894 595 0 128
895 1376 0 10
896 184 0 6
897 1453 0 74
898 355 0 20
899 1074 0 56
900 608 0 10
901 1152 0 110
902 989 0 10
903 1237 0 9
904 2883 0 10
905 5130 0 9
906 1028 0 12
907 1170 0 17
908 164 0 24
909 1006 0 19
910 7048 0 74
911 2827 0 39
912 5098 0 6
913 11892 0 3
914 406 0 13
915 1077 0 244
916 867 0 107
917 1282 0 80
918 3216 0 11
919 7753 0 21
920 1341 0 12
921 1211 0 12
922 1237 0 30
923 10018 0 8
924 2230 0 13
925 186 0 26
926 1346 0 15
927 3667 0 14
928 5075 1 503
929 1652 0 71
930 719 0 6
931 7172 1 0
932 2517 0 7
933 2204 0 143
934 171 1 40
935 404 0 15

16 1 2588
1
936 6729 0 10

17 1 2592
22
937 653 0 26
938 482 0 24
939 438 0 83
940 165 0 6
941 278 0 45
942 780 0 16
943 2025 0 13
944 1883 0 22
945 6740 0 14
946 1087 0 9
947 801 0 77
948 7048 0 65
949 3868 0 10
950 740 0 49
951 2594 0 42
952 2921 0 6
953 1709 0 10
954 3070 0 18
955 712 0 12
956 2700 0 14
957 857 0 83
958 870 0 8

18 0 2595
22
959 845 0 39
960 1955 0 7
961 2531 0 12
962 1254 0 12
963 1270 0 24
964 2863 0 24
965 6231 0 27
966 1361 0 16
967 513 0 12
968 12602 0 59
969 7372 0 173
970 386 0 15
971 3304 0 74
972 1320 1 0
973 2228 0 19
974 1308 0 38
975 587 0 22
976 2980 0 54
977 2264 0 99
978 716 0 11
979 1684 0 11
980 750 0 7

19 1 2609
33
981 1959 0 34
982 2767 0 52
983 993 0 8
984 1427 0 9
985 776 0 22
986 326 0 7
987 900 0 37
988 1048 0 37
989 771 0 12
990 5842 0 25
991 1020 0 14
992 1360 0 37
993 1071 0 97
994 1108 0 140
995 1212 0 9
996 2441 0 8
997 3494 0 10
998 566 0 73
999 2934 0 34
1000 2662 0 127
1001 1663 0 11
1002 1165 0 179
1003 7031 0 11
1004 1284 0 13
1005 1424 0 7
1006 966 0 10
1007 6162 0 62
1008 681 0 37
1009 3267 0 11
1010 452 0 9
1011 5963 0 173
1012 823 0 12
1013 1251 0 208

20 1 2617
176
1014 1778 0 109
1015 1066 0 49
1016 1262 0 8
1017 1105 0 7
1018 1101 0 9
1019 999 0 11
1020 817 1 0
1021 1113 0 91
1022 405 1 0
1023 442 0 22
1024 2955 0 11
1025 167 0 12
1026 1420 0 14
1027 532 0 68
1028 1895 0 8
1029 1506 0 27
1030 1745 0 23
1031 2019 0 30
1032 1943 0 78
1033 1428 0 10
1034 2825 0 78
1035 1249 0 6
1036 6361 0 10
1037 3297 0 7
1038 1395 0 10
1039 648 0 8
1040 3266 0 11
1041 1331 0 8
1042 1417 0 41
1043 807 0 213
1044 448 0 68
1045 1228 0 17
1046 418 1 28
1047 7339 0 12
1048 1972 0 24
1049 3542 0 10
1050 2871 0 10
1051 1754 0 21
1052 870 0 12
1053 932 0 8
1054 568 0 45
1055 1033 0 11
1056 768 0 12
1057 7724 0 11
1058 357 0 7
1059 3295 0 27
1060 1172 0 86
1061 999 0 7
1062 302 0 30
1063 843 1 19
1064 1982 0 10
1065 864 0 15
1066 840 0 188
1067 776 0 9
1068 672 0 12
1069 2645 0 36
1070 7316 0 73
1071 1254 1 0
1072 1663 0 6
1073 698 0 44
1074 1083 0 39
1075 1005 0 94
1076 2913 0 52
1077 725 0 8
1078 932 0 13
1079 248 0 12
1080 6136 0 117
1081 1222 0 64
1082 1053 0 67
1083 569 0 8
1084 256 0 6
1085 872 0 12
1086 1310 0 367
1087 1518 0 11
1088 568 0 29
1089 3253 0 12
1090 975 0 11
1091 2005 0 127
1092 1977 0 13
1093 2267 0 8
1094 749 0 6
1095 747 0 68
1096 3480 0 15
1097 1108 0 110
1098 1944 0 18
1099 182 0 10
1100 653 0 6
1101 6745 0 9
1102 338 0 14
1103 552 0 11
1104 939 0 34
1105 3231 0 87
1106 604 0 9
1107 2802 0 17
1108 439 0 11
1109 5096 0 8
1110 3274 0 24
1111 1332 0 13
1112 541 0 43
1113 931 0 8
1114 7359 0 127
1115 5064 0 11
1116 2114 0 10
1117 1294 0 13
1118 2785 0 7
1119 3130 0 25
1120 3168 0 10
1121 5055 0 28
1122 893 0 12
1123 1414 0 16
1124 2545 0 33
1125 2859 0 13
1126 1108 0 67
1127 975 0 9
1128 435 0 17
1129 1380 0 8
1130 2467 0 8
1131 1339 0 8
1132 1680 0 12
1133 926 0 41
1134 1973 0 7
1135 172 0 138
1136 346 0 6
1137 2541 0 12
1138 3949 0 16
1139 632 0 9
1140 581 0 141
1141 2840 1 0
1142 1206 0 256
1143 53 0 117
1144 771 0 67
1145 572 0 10
1146 6517 0 118
1147 1481 0 10
1148 3475 0 10
1149 3256 0 40
1150 2784 1 3
1151 2314 0 40
1152 1435 0 177
1153 2049 0 10
1154 700 0 11
1155 870 0 24
1156 2543 1 41
1157 1379 0 8
1158 897 1 29
1159 883 0 10
1160 2111 0 11
1161 3305 0 105
1162 657 0 37
1163 1312 0 9
1164 2607 0 29
1165 1269 0 10
1166 1374 0 12
1167 1674 0 10
1168 856 0 12
1169 182 0 19
1170 933 0 12
1171 770 0 42
1172 823 0 214
1173 233 0 14
1174 3169 0 13
1175 2541 0 17
1176 3612 0 7
1177 964 0 11
1178 648 0 9
1179 1534 0 22
1180 5055 0 10
1181 6026 0 114
1182 924 0 30
1183 1937 0 10
1184 1407 0 11
1185 1284 0 8
1186 3249 0 7
1187 2528 0 11
1188 501 0 10
1189 3168 0 19

21 1 2622
189
1190 333 0 30
1191 1321 1 276
1192 989 0 27
1193 1955 1 16
1194 1658 0 11
1195 193 0 62
1196 6951 0 9
1197 194 0 18
1198 933 0 19
1199 1806 0 74
1200 482 0 135
1201 434 0 9
1202 1039 0 7
1203 1465 0 8
1204 2599 0 12
1205 562 0 13
1206 2363 0 11
1207 3193 0 8
1208 924 0 8
1209 528 0 41
1210 1684 0 48
1211 1732 0 169
1212 3221 0 37
1213 3207 0 74
1214 1096 0 13
1215 1577 0 7
1216 298 0 7
1217 709 0 99
1218 657 0 16
1219 7283 1 266
1220 513 0 20
1221 584 0 7
1222 950 0 9
1223 942 0 38
1224 1214 0 8
1225 624 0 81
1226 816 0 71
1227 1244 0 11
1228 666 0 40
1229 15588 0 19
1230 5761 0 15
1231 1214 0 29
1232 3353 0 13
1233 1357 0 73
1234 1522 1 0
1235 1226 0 73
1236 6671 0 24
1237 1158 0 11
1238 483 0 12
1239 1482 0 11
1240 5011 0 11
1241 1657 0 128
1242 1122 0 8
1243 780 0 88
1244 3372 0 9
1245 1530 0 12
1246 173 0 8
1247 716 0 14
1248 726 0 28
1249 3218 0 12
1250 1198 0 8
1251 1260 0 13
1252 1407 0 7
1253 3320 0 12
1254 502 0 115
1255 1978 0 8
1256 1528 0 49
1257 2923 0 99
1258 1988 0 13
1259 497 0 7
1260 1517 0 6
1261 5368 0 46
1262 1061 0 9
1263 1311 0 9
1264 890 0 9
1265 1968 0 10
1266 5024 0 27
1267 1528 0 10
1268 10357 0 11
1269 3207 0 55
1270 933 0 14
1271 5886 0 11
1272 2897 0 9
1273 7050 1 22
1274 2463 0 87
1275 3172 0 7
1276 3410 0 25
1277 3128 0 11
1278 2147 0 10
1279 1088 0 32
1280 1377 0 40
1281 2923 0 10
1282 4102 0 8
1283 8886 0 10
1284 812 0 12
1285 12456 0 195
1286 617 0 20
1287 1945 0 24
1288 1036 0 13
1289 453 0 10
1290 5010 0 54
1291 6730 0 10
1292 872 0 13
1293 689 0 9
1294 1013 0 13
1295 1420 0 18
1296 931 0 11
1297 3334 0 18
1298 1357 0 30
1299 6189 0 16
1300 216 0 8
1301 770 0 131
1302 2376 0 110
1303 1941 0 41
1304 1419 0 30
1305 596 0 3
1306 325 0 93
1307 1103 0 367
1308 1956 0 14
1309 1513 0 44
1310 545 1 152
1311 1208 0 12
1312 5131 0 63
1313 3379 0 10
1314 4114 0 100
1315 3215 0 27
1316 6901 0 12
1317 1341 0 73
1318 14447 0 32
1319 3193 0 174
1320 439 0 10
1321 989 0 13
1322 733 0 179
1323 6531 0 43
1324 403 0 11
1325 201 0 10
1326 14377 0 9
1327 13073 0 17
1328 481 0 91
1329 759 0 11
1330 1960 0 40
1331 1950 0 50
1332 1173 0 9
1333 1381 0 9
1334 989 0 18
1335 2343 0 13
1336 641 0 2
1337 1533 0 14
1338 16623 0 56
1339 3254 0 56
1340 1261 0 8
1341 3170 0 9
1342 677 1 3
1343 3344 0 41
1344 580 0 10
1345 1040 0 11
1346 856 0 36
1347 1174 0 30
1348 876 0 70
1349 1973 0 48
1350 196 0 13
1351 433 0 222
1352 7920 0 37
1353 1051 0 161
1354 911 0 10
1355 8187 0 18
1356 1881 0 172
1357 3308 0 66
1358 6147 0 76
1359 5139 0 148
1360 1283 0 15
1361 697 0 17
1362 1474 0 7
1363 446 0 11
1364 2178 0 11
1365 5121 0 13
1366 1599 0 82
1367 1082 0 68
1368 778 0 47
1369 2877 0 36
1370 810 0 12
1371 194 0 12
1372 741 0 9
1373 724 0 73
1374 465 0 9
1375 12447 0 11
1376 715 0 178
1377 3410 0 7
1378 1424 0 33

22 0 2623
1050
1379 914 0 10
1380 1179 0 38
1381 707 0 9
1382 2876 0 98
1383 1370 0 107
1384 563 0 36
1385 377 0 83
1386 1884 1 8
1387 2307 0 17
1388 2811 0 8
1389 438 0 11
1390 1682 0 11
1391 2861 0 9
1392 5157 0 36
1393 2901 0 10
1394 1240 0 9
1395 1513 0 45
1396 1720 0 7
1397 2845 0 63
1398 5017 0 14
1399 16509 0 15
1400 1242 0 17
1401 10089 0 12
1402 1696 0 41
1403 190 0 10
1404 603 0 12
1405 3162 0 13
1406 583 0 11
1407 1940 0 9
1408 2808 0 39
1409 5121 0 12
1410 581 0 33
1411 1520 0 10
1412 847 0 12
1413 1118 0 10
1414 1852 0 43
1415 3086 0 8
1416 586 0 35
1417 7390 0 14
1418 1522 0 12
1419 1328 0 37
1420 1936 0 10
1421 850 0 7
1422 1116 0 17
1423 2073 0 57
1424 194 0 16
1425 3321 0 9
1426 930 0 168
1427 3177 0 15
1428 629 0 8
1429 9979 0 39
1430 646 0 3
1431 1704 1 400
1432 6564 0 123
1433 1071 0 6
1434 267 0 16
1435 1958 1 816
1436 431 0 146
1437 805 0 13
1438 1003 0 7
1439 2880 0 9
1440 586 0 79
1441 617 1 30
1442 1330 0 7
1443 2386 1 444
1444 298 0 9
1445 1943 0 14
1446 1009 1 0
1447 1799 0 12
1448 1964 0 240
1449 1860 0 12
1450 362 1 18
1451 5160 0 36
1452 988 0 13
1453 405 0 12
1454 1310 0 40
1455 1082 0 77
1456 179 0 8
1457 2425 0 7
1458 2321 0 77
1459 866 0 15
1460 3124 0 141
1461 7040 0 25
1462 1172 0 11
1463 951 0 29
1464 669 0 10
1465 1584 0 9
1466 1717 0 8
1467 1246 1 40
1468 3233 0 11
1469 264 0 10
1470 904 0 10
1471 2439 0 42
1472 1229 0 9
1473 13598 0 11
1474 1941 0 12
1475 1329 0 47
1476 1413 0 54
1477 428 0 12
1478 1513 0 7
1479 2277 0 98
1480 1910 0 18
1481 819 0 10
1482 3666 0 42
1483 1403 0 13
1484 802 0 14
1485 1141 0 10
1486 2888 0 21
1487 3264 0 7
1488 1532 0 9
1489 989 0 12
1490 1349 0 12
1491 989 0 11
1492 1653 0 9
1493 1430 1 103
1494 680 0 17
1495 1382 0 13
1496 1337 0 16
1497 6735 0 21
1498 917 0 11
1499 2262 0 11
1500 2834 0 82
1501 1527 0 185
1502 1780 0 93
1503 1122 0 49
1504 5091 0 17
1505 3066 0 11
1506 674 0 18
1507 8886 0 7
1508 530 0 91
1509 419 0 143
1510 417 0 35
1511 228 1 0
1512 2453 0 11
1513 2524 0 12
1514 1093 0 104
1515 6102 0 14
1516 3573 0 7
1517 929 0 32
1518 1968 0 10
1519 263 0 51
1520 513 0 7
1521 1113 0 13
1522 1211 0 13
1523 11835 0 31
1524 331 0 12
1525 628 0 9
1526 823 0 177
1527 1774 0 182
1528 1198 0 11
1529 3337 0 9
1530 609 0 10
1531 740 0 10
1532 3164 0 15
1533 702 0 14
1534 950 0 10
1535 950 0 208
1536 349 0 8
1537 1966 1 85
1538 3194 0 18
1539 801 0 13
1540 940 0 11
1541 372 0 23
1542 578 0 73
1543 7694 0 19
1544 5134 0 23
1545 1958 0 39
1546 1080 0 9
1547 1975 0 13
1548 1588 0 68
1549 3180 0 14
1550 2742 0 7
1551 2014 0 12
1552 30 0 19
1553 1345 0 11
1554 1204 0 130
1555 5122 0 11
1556 1041 1 61
1557 5056 0 19
1558 5133 0 167
1559 511 0 40
1560 3232 0 77
1561 723 0 13
1562 1274 0 24
1563 492 0 8
1564 507 1 0
1565 426 0 31
1566 2382 0 9
1567 628 1 304
1568 1423 0 15
1569 1043 0 52
1570 2252 0 32
1571 1344 0 7
1572 672 0 13
1573 18 0 13
1574 3498 0 15
1575 736 1 44
1576 478 0 13
1577 708 0 15
1578 2564 0 10
1579 570 0 11
1580 2095 0 36
1581 5130 0 13
1582 1840 0 10
1583 3703 1 20
1584 571 0 12
1585 1026 0 70
1586 616 0 100
1587 883 1 9
1588 2419 1 0
1589 1974 0 10
1590 6170 0 31
1591 719 0 9
1592 3379 0 9
1593 824 0 63
1594 1461 0 71
1595 605 0 7
1596 3180 0 116
1597 1416 0 7
1598 604 0 12
1599 6538 0 11
1600 602 0 21
1601 1217 0 12
1602 1632 0 419
1603 2449 0 26
1604 832 0 28
1605 878 0 19
1606 989 0 15
1607 1537 0 38
1608 8159 0 11
1609 1981 0 207
1610 935 0 32
1611 521 0 20
1612 2004 0 31
1613 846 1 0
1614 2939 0 77
1615 1314 0 11
1616 1324 0 86
1617 1777 0 7
1618 1079 0 11
1619 1114 0 11
1620 227 0 81
1621 551 0 9
1622 856 0 13
1623 5035 0 47
1624 1108 0 9
1625 454 0 13
1626 917 0 12
1627 967 0 38
1628 1217 0 12
1629 1310 0 12
1630 3237 0 13
1631 2005 0 10
1632 1871 0 9
1633 691 0 10
1634 13568 0 34
1635 1430 0 17
1636 415 0 38
1637 961 0 76
1638 1116 0 37
1639 863 0 8
1640 3159 0 38
1641 27 0 10
1642 2009 0 9
1643 889 1 21
1644 1067 0 109
1645 1246 0 36
1646 674 0 9
1647 588 0 14
1648 265 0 42
1649 1183 0 11
1650 5082 0 7
1651 178 0 42
1652 1256 0 18
1653 5829 0 9
1654 3108 0 13
1655 11294 0 26
1656 606 0 63
1657 2306 0 12
1658 1103 0 48
1659 2142 0 11
1660 1507 0 17
1661 2346 0 13
1662 13028 0 3
1663 1098 0 13
1664 177 0 9
1665 429 0 11
1666 2680 0 118
1667 1089 0 29
1668 691 0 8
1669 1127 0 7
1670 1955 0 40
1671 9979 0 74
1672 568 0 40
1673 1101 0 11
1674 596 0 10
1675 6997 0 68
1676 421 0 46
1677 3307 1 20
1678 1940 0 93
1679 823 0 151
1680 1244 0 162
1681 16964 0 11
1682 475 0 18
1683 1412 0 18
1684 989 0 9
1685 2601 0 17
1686 841 0 49
1687 1866 0 25
1688 737 0 8
1689 1040 0 38
1690 3260 0 119
1691 2898 0 9
1692 1810 0 47
1693 457 0 13
1694 948 0 11
1695 2815 0 131
1696 1943 0 60
1697 774 0 8
1698 1287 0 9
1699 181 0 28
1700 2129 0 37
1701 1987 0 33
1702 768 1 20
1703 1205 1 28
1704 6170 0 92
1705 1301 0 618
1706 333 0 7
1707 605 0 29
1708 987 0 9
1709 978 0 9
1710 1629 0 29
1711 3268 0 8
1712 439 0 134
1713 312 0 8
1714 2275 0 11
1715 1795 0 10
1716 1207 0 18
1717 6553 0 10
1718 1575 0 12
1719 485 0 12
1720 1247 1 27
1721 1960 0 30
1722 7850 0 10
1723 2125 0 40
1724 1581 0 8
1725 1096 0 12
1726 132 0 17
1727 5140 0 39
1728 2183 0 71
1729 408 0 103
1730 1164 0 10
1731 2839 0 27
1732 3716 0 77
1733 327 0 12
1734 699 0 75
1735 2425 0 20
1736 3426 0 10
1737 12702 0 38
1738 590 0 40
1739 3302 0 8
1740 804 0 129
1741 1947 0 14
1742 1614 0 10
1743 11851 0 77
1744 1632 0 196
1745 2041 0 51
1746 5027 0 13
1747 5960 0 16
1748 618 1 567
1749 2428 1 0
1750 2031 0 30
1751 947 0 9
1752 3292 0 13
1753 724 0 11
1754 435 0 17
1755 1226 0 47
1756 149 0 9
1757 835 0 29
1758 1987 0 98
1759 1299 0 228
1760 1510 0 38
1761 3309 0 13
1762 1580 0 6
1763 2176 0 15
1764 5098 0 141
1765 3312 0 9
1766 962 0 172
1767 979 0 741
1768 661 0 97
1769 517 0 11
1770 1518 0 10
1771 1075 0 13
1772 1884 0 13
1773 1514 0 9
1774 721 0 47
1775 1493 0 68
1776 3372 0 97
1777 1392 0 12
1778 510 0 39
1779 927 0 10
1780 1317 0 16
1781 2178 0 35
1782 2966 0 10
1783 465 0 13
1784 132 0 18
1785 171 0 110
1786 1036 0 9
1787 1890 0 43
1788 186 0 15
1789 1539 0 30
1790 826 0 30
1791 7378 0 269
1792 5138 0 172
1793 128 0 9
1794 411 0 56
1795 469 0 11
1796 6745 1 16
1797 1155 0 74
1798 2214 0 108
1799 1963 0 43
1800 1063 0 12
1801 1097 0 6
1802 1377 0 11
1803 840 1 17
1804 2332 1 0
1805 1504 1 0
1806 507 0 32
1807 318 0 27
1808 1970 0 44
1809 990 0 38
1810 931 0 8
1811 975 0 246
1812 1007 0 11
1813 3221 0 11
1814 756 0 11
1815 1136 0 45
1816 421 0 18
1817 173 0 8
1818 429 0 55
1819 2401 0 11
1820 1422 0 8
1821 869 0 11
1822 1281 0 25
1823 189 0 34
1824 7051 0 35
1825 1395 0 17
1826 3373 0 56
1827 809 1 138
1828 1823 0 17
1829 5107 0 19
1830 3077 0 22
1831 5816 0 61
1832 1263 0 9
1833 2393 0 7
1834 5086 0 12
1835 751 0 9
1836 1978 0 6
1837 5098 0 44
1838 2406 0 45
1839 470 0 16
1840 1970 0 10
1841 862 0 40
1842 1513 0 10
1843 7595 0 13
1844 2000 0 13
1845 1526 0 323
1846 7087 0 70
1847 989 0 14
1848 711 0 9
1849 2938 0 11
1850 1150 0 8
1851 1420 0 12
1852 254 0 12
1853 1526 1 17
1854 787 0 59
1855 1053 0 12
1856 698 0 143
1857 2105 0 73
1858 2396 0 59
1859 1960 0 8
1860 1186 0 216
1861 1312 0 11
1862 170 0 2
1863 5784 0 10
1864 3515 0 9
1865 2844 0 20
1866 756 0 11
1867 1866 0 13
1868 989 0 8
1869 7931 0 9
1870 1113 0 12
1871 12496 0 11
1872 220 0 37
1873 7325 0 11
1874 3175 0 11
1875 1023 0 54
1876 6242 0 32
1877 13010 0 7
1878 3141 0 15
1879 980 0 98
1880 1176 0 109
1881 278 0 13
1882 654 1 400
1883 275 0 21
1884 233 0 13
1885 1513 0 7
1886 1287 0 7
1887 744 0 10
1888 373 0 12
1889 1972 0 70
1890 1657 0 138
1891 3398 0 21
1892 1513 0 12
1893 3515 0 9
1894 371 0 12
1895 1410 1 0
1896 495 0 12
1897 1298 0 11
1898 431 0 11
1899 977 0 11
1900 1141 0 28
1901 3647 0 12
1902 1320 0 66
1903 3350 0 10
1904 3629 1 478
1905 1038 0 12
1906 699 0 70
1907 1312 0 11
1908 1419 0 10
1909 929 0 11
1910 1188 0 9
1911 818 0 61
1912 3311 1 0
1913 12559 0 6
1914 962 0 67
1915 181 0 8
1916 482 0 10
1917 2444 0 12
1918 3314 0 79
1919 2109 0 29
1920 3249 0 11
1921 877 0 169
1922 673 1 0
1923 1129 0 13
1924 914 0 172
1925 1928 0 8
1926 1408 0 75
1927 1955 0 10
1928 2062 0 26
1929 800 0 11
1930 16555 0 10
1931 1119 0 617
1932 1945 0 16
1933 1249 0 12
1934 3291 0 73
1935 1047 0 11
1936 2076 0 11
1937 487 0 10
1938 910 0 10
1939 1355 1 0
1940 1949 0 40
1941 1205 0 7
1942 902 0 14
1943 1988 0 9
1944 271 0 9
1945 3213 0 38
1946 2875 0 11
1947 511 0 23
1948 553 0 9
1949 1086 0 7
1950 9316 0 7
1951 4993 0 38
1952 466 0 18
1953 3377 0 9
1954 252 0 9
1955 1780 0 18
1956 1408 0 75
1957 2831 0 12
1958 659 0 28
1959 973 0 11
1960 6516 0 7
1961 552 0 41
1962 587 0 12
1963 5147 0 10
1964 2389 0 20
1965 1695 0 618
1966 47 0 31
1967 928 0 10
1968 1852 0 11
1969 7389 0 57
1970 402 0 24
1971 1069 0 33
1972 1538 0 15
1973 1846 0 12
1974 555 0 165
1975 900 0 18
1976 12078 0 9
1977 3166 0 26
1978 2958 0 75
1979 597 0 110
1980 7048 0 14
1981 199 0 19
1982 1337 0 13
1983 2879 0 10
1984 1041 0 39
1985 964 0 7
1986 12744 0 52
1987 1723 0 9
1988 7051 0 8
1989 2904 0 10
1990 947 0 8
1991 1197 0 164
1992 739 0 17
1993 7470 0 14
1994 21 0 51
1995 3936 0 47
1996 1232 0 27
1997 3265 0 10
1998 1058 0 81
1999 3342 0 18
2000 332 0 12
2001 1367 1 0
2002 1427 1 340
2003 973 0 10
2004 3308 0 13
2005 1159 0 12
2006 542 0 11
2007 1965 0 12
2008 939 0 22
2009 764 0 17
2010 768 0 47
2011 267 0 28
2012 2561 0 73
2013 1517 0 30
2014 2383 0 26
2015 1548 0 45
2016 1933 0 11
2017 958 0 14
2018 1222 0 12
2019 1242 1 0
2020 2497 0 46
2021 3140 0 12
2022 3635 0 9
2023 5070 0 37
2024 235 0 2
2025 1422 0 7
2026 1138 0 11
2027 295 0 14
2028 3194 0 144
2029 1306 0 8
2030 3345 0 11
2031 876 0 9
2032 1123 0 13
2033 989 0 174
2034 1534 0 9
2035 759 0 19
2036 1529 0 18
2037 6219 0 10
2038 2167 0 97
2039 3140 0 73
2040 1296 0 37
2041 900 1 26
2042 1057 0 101
2043 2861 0 10
2044 632 1 40
2045 7288 0 9
2046 953 0 67
2047 2371 0 70
2048 2415 0 32
2049 1513 0 100
2050 1954 0 136
2051 12555 0 21
2052 1401 0 16
2053 1042 0 40
2054 493 0 10
2055 17243 0 10
2056 1511 0 13
2057 520 0 11
2058 1717 0 13
2059 8187 0 16
2060 1339 0 363
2061 2822 0 18
2062 1302 0 11
2063 3348 0 13
2064 1204 0 22
2065 661 0 12
2066 5155 0 14
2067 869 0 20
2068 3375 0 233
2069 3167 0 838
2070 2541 0 14
2071 1411 0 163
2072 411 0 9
2073 3377 0 9
2074 3141 0 22
2075 292 0 11
2076 1842 0 9
2077 2368 0 12
2078 766 0 82
2079 1983 0 10
2080 357 0 25
2081 1238 0 12
2082 1143 0 32
2083 5112 0 79
2084 546 0 11
2085 2873 0 11
2086 7972 0 6
2087 292 0 14
2088 1936 0 29
2089 1152 0 60
2090 2938 0 69
2091 2014 0 19
2092 5011 0 62
2093 762 0 70
2094 1702 0 109
2095 2227 0 8
2096 3011 0 64
2097 1518 0 1
2098 840 0 11
2099 923 0 14
2100 1962 0 13
2101 842 0 22
2102 901 0 13
2103 186 0 6
2104 7340 0 238
2105 1251 0 15
2106 1940 0 9
2107 1507 0 11
2108 1383 0 11
2109 8191 0 10
2110 1333 0 11
2111 1348 0 39
2112 672 0 44
2113 1283 0 94
2114 1256 0 9
2115 3193 0 7
2116 7247 0 78
2117 2031 0 8
2118 3141 0 10
2119 1221 0 30
2120 5154 0 34
2121 1281 0 11
2122 3371 0 12
2123 1516 1 266
2124 450 0 12
2125 590 0 96
2126 893 0 21
2127 1538 0 17
2128 1516 0 12
2129 3379 0 15
2130 603 0 54
2131 292 0 7
2132 1166 0 10
2133 656 0 82
2134 3226 0 10
2135 3326 0 20
2136 1401 0 131
2137 2860 0 11
2138 1947 0 132
2139 1463 0 24
2140 1431 0 10
2141 2282 0 40
2142 783 0 96
2143 641 0 7
2144 707 0 22
2145 6121 0 39
2146 7396 0 8
2147 469 0 21
2148 3372 0 36
2149 223 1 45
2150 1172 0 12
2151 1280 0 135
2152 89 0 13
2153 7986 0 8
2154 339 0 7
2155 960 0 13
2156 427 0 11
2157 352 0 10
2158 3244 0 11
2159 7407 1 0
2160 7894 0 29
2161 2924 0 34
2162 1206 0 18
2163 906 0 92
2164 497 0 24
2165 6498 0 11
2166 443 0 9
2167 1035 0 10
2168 538 0 12
2169 2457 0 18
2170 409 0 22
2171 1504 0 139
2172 1375 0 177
2173 1940 0 100
2174 1206 0 7
2175 226 0 6
2176 1339 0 49
2177 1434 0 10
2178 1836 0 14
2179 957 0 13
2180 2479 0 7
2181 5986 0 11
2182 916 0 37
2183 746 0 9
2184 2831 0 7
2185 456 0 10
2186 1855 1 400
2187 350 0 62
2188 1316 0 11
2189 1972 0 17
2190 1124 0 10
2191 2826 0 18
2192 5915 0 30
2193 3543 0 10
2194 296 0 9
2195 1009 0 151
2196 3279 0 8
2197 1519 0 12
2198 12752 0 33
2199 896 0 7
2200 711 0 398
2201 1617 0 17
2202 989 0 10
2203 7699 0 25
2204 659 0 12
2205 7040 0 11
2206 2182 0 7
2207 659 0 0
2208 1537 1 317
2209 1250 0 64
2210 5027 0 7
2211 539 0 70
2212 2888 0 59
2213 3374 0 41
2214 3151 0 28
2215 1399 0 157
2216 6188 0 17
2217 3924 0 9
2218 3433 0 26
2219 317 0 11
2220 5017 0 248
2221 1430 0 13
2222 1040 0 17
2223 699 0 8
2224 1838 0 10
2225 203 0 27
2226 228 0 11
2227 1205 1 18
2228 2955 0 9
2229 1795 0 26
2230 1779 0 10
2231 541 1 0
2232 1153 0 12
2233 1969 0 288
2234 3373 1 64
2235 401 0 18
2236 5061 0 32
2237 1750 0 11
2238 13916 0 110
2239 211 0 18
2240 1880 0 46
2241 1988 0 12
2242 2381 0 6
2243 414 0 8
2244 1042 0 37
2245 581 0 11
2246 1164 0 7
2247 2519 0 11
2248 665 0 11
2249 1946 0 24
2250 2671 0 100
2251 558 0 147
2252 1345 0 11
2253 1336 0 14
2254 7478 0 12
2255 829 0 15
2256 1078 0 10
2257 861 0 40
2258 16570 0 11
2259 3929 0 6
2260 1071 0 14
2261 1526 0 12
2262 1777 0 10
2263 2217 0 20
2264 3272 0 94
2265 3245 0 22
2266 1621 1 118
2267 1154 0 13
2268 3309 0 11
2269 3225 0 134
2270 1294 0 64
2271 1129 0 10
2272 1023 0 8
2273 1249 0 46
2274 1896 0 7
2275 1337 0 14
2276 518 0 18
2277 6362 0 12
2278 1955 0 13
2279 1072 0 10
2280 504 1 6
2281 5090 0 31
2282 548 0 13
2283 434 0 73
2284 3363 0 63
2285 1949 0 8
2286 1780 0 131
2287 1976 0 8
2288 1181 0 87
2289 478 0 36
2290 3358 0 10
2291 3263 0 36
2292 771 0 13
2293 1647 0 7
2294 3266 0 34
2295 7856 0 14
2296 1288 0 24
2297 5034 0 14
2298 879 0 12
2299 1523 0 13
2300 336 0 11
2301 2585 0 11
2302 2540 0 13
2303 5937 0 29
2304 6454 0 90
2305 1675 0 24
2306 626 0 9
2307 688 0 8
2308 2946 0 13
2309 1516 0 27
2310 2690 0 8
2311 1431 0 11
2312 675 0 44
2313 2915 0 11
2314 692 0 68
2315 9303 0 31
2316 693 0 13
2317 511 0 11
2318 636 0 11
2319 3318 0 14
2320 1028 0 8
2321 1080 0 13
2322 977 0 9
2323 604 1 345
2324 482 0 19
2325 1519 0 11
2326 5064 0 33
2327 868 0 31
2328 1071 0 41
2329 2856 0 158
2330 175 0 275
2331 5121 0 30
2332 2075 0 12
2333 563 0 37
2334 2406 0 13
2335 903 0 42
2336 1027 0 9
2337 1237 0 9
2338 11297 0 13
2339 320 0 66
2340 665 0 18
2341 1267 0 42
2342 237 1 15
2343 3159 0 9
2344 1948 0 10
2345 1186 0 7
2346 569 1 0
2347 1356 0 11
2348 1320 0 28
2349 2307 0 10
2350 805 0 0
2351 2331 0 69
2352 1243 0 13
2353 1615 0 31
2354 3219 0 12
2355 16399 0 7
2356 1150 0 18
2357 21 0 85
2358 700 0 25
2359 700 1 597
2360 1513 0 27
2361 1687 0 10
2362 7810 0 11
2363 744 1 0
2364 16204 0 9
2365 1383 0 8
2366 5063 0 21
2367 236 0 42
2368 545 0 17
2369 1067 0 9
2370 3332 0 11
2371 3206 0 11
2372 901 0 47
2373 1890 0 10
2374 2452 0 12
2375 372 0 63
2376 1971 0 10
2377 3449 0 13
2378 755 0 153
2379 1801 0 13
2380 1020 0 10
2381 197 0 38
2382 3602 0 43
2383 3002 0 11
2384 970 0 25
2385 1498 0 222
2386 1055 0 8
2387 884 0 99
2388 17308 0 10
2389 133 0 28
2390 220 0 70
2391 2876 0 8
2392 862 0 7
2393 444 0 38
2394 6454 0 20
2395 857 0 11
2396 3166 0 25
2397 1356 0 8
2398 667 0 55
2399 1570 0 45
2400 778 0 21
2401 1327 0 15
2402 2810 0 31
2403 1242 0 107
2404 2569 0 17
2405 1731 0 7
2406 606 0 29
2407 1426 0 78
2408 647 0 8
2409 1254 0 7
2410 617 0 10
2411 1974 0 11
2412 1966 0 11
2413 988 0 19
2414 626 0 36
2415 696 0 12
2416 3257 0 27
2417 416 1 33
2418 804 0 37
2419 1771 0 11
2420 6145 0 9
2421 3194 0 13
2422 1720 0 17
2423 11785 0 10
2424 7049 0 10
2425 234 0 34
2426 800 0 366
2427 5047 0 14
2428 418 0 8

23 0 2626
48
2429 2451 0 39
2430 747 0 11
2431 1583 0 34
2432 501 0 8
2433 9985 0 10
2434 12253 0 17
2435 1185 0 13
2436 1368 0 12
2437 1013 0 6
2438 563 0 37
2439 1513 0 14
2440 1964 0 7
2441 801 0 7
2442 1088 1 0
2443 1970 0 88
2444 1326 0 144
2445 702 0 9
2446 3389 0 37
2447 3798 0 8
2448 1304 0 7
2449 6166 0 8
2450 751 0 16
2451 892 0 22
2452 1290 0 451
2453 3141 1 0
2454 1144 0 14
2455 912 0 38
2456 1394 0 219
2457 12747 0 41
2458 989 0 172
2459 1338 0 20
2460 913 0 10
2461 411 0 8
2462 1034 0 28
2463 180 0 46
2464 1210 0 78
2465 1664 0 171
2466 792 0 10
2467 3924 0 8
2468 7627 0 77
2469 1264 0 7
2470 1844 1 0
2471 931 0 13
2472 445 0 11
2473 1307 0 16
2474 1442 0 17
2475 1301 0 12
2476 1133 0 12

24 0 2629
2
2477 844 0 11
2478 1380 0 25

25 1 2636
10
2479 2298 0 17
2480 2530 0 8
2481 697 0 31
2482 1259 0 7
2483 541 0 6
2484 656 0 11
2485 668 0 15
2486 1114 0 8
2487 714 0 70
2488 1959 0 51

26 1 2637
52
2489 484 0 11
2490 8 0 13
2491 1652 0 9
2492 1051 0 33
2493 3181 0 190
2494 1552 0 27
2495 2800 0 12
2496 14456 0 8
2497 1179 0 7
2498 2058 0 28
2499 1207 1 20
2500 6372 1 46
2501 1292 0 19
2502 2865 0 9
2503 1010 0 11
2504 3271 0 167
2505 2882 0 99
2506 2470 0 46
2507 378 0 7
2508 1210 0 10
2509 830 0 8
2510 620 1 0
2511 566 0 10
2512 701 0 11
2513 1988 0 10
2514 1733 0 37
2515 2853 0 36
2516 1362 0 11
2517 2195 0 10
2518 710 0 9
2519 1537 1 35
2520 1283 0 7
2521 1964 0 12
2522 636 0 9
2523 2125 0 7
2524 6730 0 7
2525 32 0 109
2526 1349 0 8
2527 1204 0 11
2528 1356 0 10
2529 12448 0 228
2530 5086 0 91
2531 884 0 7
2532 1597 0 63
2533 1001 0 140
2534 1203 0 10
2535 2224 0 12
2536 1783 0 15
2537 8030 0 18
2538 1111 0 11
2539 1762 0 11
2540 1408 0 7

27 1 2638
135
2541 2394 0 16
2542 2373 0 19
2543 248 0 14
2544 2754 0 70
2545 939 0 12
2546 1150 0 10
2547 6470 0 12
2548 3620 0 10
2549 1337 0 60
2550 2147 0 25
2551 1525 0 25
2552 1525 0 14
2553 1380 0 30
2554 1360 0 54
2555 898 0 13
2556 692 0 12
2557 863 0 25
2558 153 0 40
2559 631 0 54
2560 565 0 10
2561 7289 0 7
2562 3320 0 79
2563 1232 0 33
2564 1073 0 42
2565 293 0 30
2566 717 0 2
2567 16250 0 27
2568 2608 0 49
2569 1431 0 18
2570 352 0 261
2571 3578 0 29
2572 2535 0 8
2573 755 0 92
2574 2762 0 13
2575 8080 0 10
2576 1456 0 11
2577 1010 0 263
2578 5125 0 11
2579 1401 0 10
2580 1217 0 16
2581 249 0 8
2582 798 0 11
2583 1973 0 40
2584 2877 0 6
2585 3373 0 33
2586 3364 0 27
2587 336 0 68
2588 2464 0 88
2589 946 0 9
2590 1601 0 138
2591 783 0 11
2592 3281 0 10
2593 1510 0 13
2594 1034 0 67
2595 5027 0 10
2596 2887 0 17
2597 6541 0 42
2598 416 0 8
2599 3358 0 58
2600 1334 0 150
2601 5071 0 7
2602 758 0 17
2603 1206 0 108
2604 1789 0 30
2605 663 0 7
2606 429 0 9
2607 2825 0 9
2608 12 0 27
2609 3024 0 54
2610 1689 0 9
2611 1979 0 19
2612 1773 0 9
2613 2493 0 20
2614 1255 0 12
2615 1220 0 268
2616 6919 0 9
2617 3333 0 20
2618 869 1 16
2619 715 0 54
2620 1411 0 18
2621 1172 0 60
2622 3471 0 92
2623 2006 0 41
2624 2695 0 13
2625 1537 0 151
2626 727 0 72
2627 524 1 61
2628 1678 0 87
2629 2412 1 20
2630 1956 0 19
2631 102 0 38
2632 1977 0 6
2633 721 0 32
2634 631 0 11
2635 3061 0 64
2636 1173 0 15
2637 2036 0 9
2638 437 0 11
2639 1968 0 24
2640 1431 0 8
2641 1934 0 145
2642 579 0 39
2643 1137 0 21
2644 2432 0 10
2645 1290 0 14
2646 3373 0 12
2647 616 0 16
2648 765 0 8
2649 360 0 10
2650 693 0 11
2651 8209 1 0
2652 3173 0 316
2653 1703 0 26
2654 1019 0 13
2655 2934 0 8
2656 2142 0 9
2657 705 1 0
2658 737 0 11
2659 1709 0 12
2660 171 0 94
2661 101 0 68
2662 238 0 124
2663 1516 0 16
2664 2134 0 11
2665 2603 0 8
2666 1203 0 23
2667 706 0 141
2668 1549 0 11
2669 1621 0 5
2670 1109 0 17
2671 13013 0 139
2672 1161 0 7
2673 1310 0 18
2674 1393 0 13
2675 1180 0 19

28 1 2770
4
2676 1154 0 75
2677 1622 0 38
2678 2532 0 8
2679 1152 0 6

29 1 2770
32
2680 2546 0 11
2681 885 0 63
2682 1068 0 21
2683 1068 0 90
2684 1232 0 13
2685 1058 0 8
2686 795 0 349
2687 5116 0 20
2688 267 0 13
2689 2256 0 63
2690 8191 0 28
2691 598 1 0
2692 1508 0 7
2693 926 0 8
2694 1084 0 19
2695 3248 0 17
2696 5761 0 11
2697 1051 0 13
2698 581 0 103
2699 1132 0 16
2700 950 1 0
2701 1513 0 11
2702 1518 0 25
2703 1910 0 14
2704 1234 0 52
2705 22 0 10
2706 3191 0 12
2707 1205 0 10
2708 2351 0 17
2709 233 0 9
2710 1968 1 71
2711 519 0 8

30 1 2773
26
2712 14919 0 69
2713 910 0 11
2714 1225 0 44
2715 858 0 29
2716 2884 0 20
2717 13383 0 287
2718 627 0 22
2719 5064 0 11
2720 1325 0 26
2721 2304 0 35
2722 5126 0 9
2723 2341 0 7
2724 1073 0 19
2725 1538 0 55
2726 577 0 139
2727 1128 0 13
2728 1792 0 82
2729 612 0 62
2730 16 0 11
2731 9488 0 13
2732 500 0 144
2733 1130 0 16
2734 1940 0 10
2735 11792 1 18
2736 513 0 25
2737 6039 0 11

31 1 2774
23
2738 1015 1 30
2739 1069 0 12
2740 442 0 8
2741 5122 0 13
2742 3240 0 11
2743 1115 0 11
2744 458 0 130
2745 6731 0 12
2746 1324 0 21
2747 550 0 8
2748 1089 0 34
2749 1103 0 28
2750 1429 0 10
2751 1306 0 12
2752 3928 0 9
2753 1375 0 23
2754 1054 0 94
2755 2922 0 9
2756 416 0 32
2757 2379 0 91
2758 1976 0 7
2759 477 0 148
2760 922 0 19

32 1 2800
6
2761 648 0 12
2762 1142 0 11
2763 2921 0 10
2764 748 0 45
2765 514 0 33
2766 1197 0 147

33 1 2802
4
2767 992 0 19
2768 344 0 225
2769 2342 0 8
2770 8834 0 9

34 1 2813
5
2771 1161 0 13
2772 6154 0 450
2773 742 0 7
2774 3372 0 13
2775 7474 0 9

35 0 2818
160
2776 1529 0 11
2777 917 0 9
2778 2917 0 8
2779 6219 0 38
2780 1594 0 11
2781 278 0 50
2782 347 0 7
2783 2253 0 79
2784 7555 0 10
2785 773 0 18
2786 9195 0 16
2787 171 0 10
2788 1358 0 36
2789 2918 0 84
2790 5006 0 9
2791 3165 0 9
2792 1427 0 11
2793 5097 0 180
2794 2305 0 7
2795 2870 0 13
2796 3030 0 24
2797 1533 0 25
2798 2850 0 57
2799 1526 0 11
2800 1005 0 123
2801 426 0 13
2802 7934 0 54
2803 272 0 16
2804 1726 0 30
2805 705 0 27
2806 3377 0 8
2807 501 0 128
2808 834 0 8
2809 1425 0 8
2810 7051 0 9
2811 6916 0 39
2812 840 0 13
2813 1516 0 26
2814 2096 0 8
2815 783 0 13
2816 1344 0 11
2817 434 0 23
2818 262 0 10
2819 12420 0 13
2820 335 0 67
2821 613 0 11
2822 536 0 11
2823 587 0 63
2824 1328 0 11
2825 537 0 16
2826 333 0 69
2827 3143 0 30
2828 979 0 13
2829 947 0 8
2830 248 0 11
2831 1415 0 18
2832 1438 0 13
2833 12224 0 7
2834 1299 0 8
2835 538 0 11
2836 18 0 8
2837 2783 0 303
2838 430 0 10
2839 1986 0 11
2840 1490 0 9
2841 979 0 10
2842 2619 0 9
2843 11790 0 189
2844 2048 0 67
2845 1256 0 8
2846 8087 0 47
2847 1946 0 10
2848 500 0 59
2849 2812 0 10
2850 6787 0 24
2851 2078 0 72
2852 989 0 78
2853 715 0 30
2854 1001 0 141
2855 513 0 69
2856 6218 0 13
2857 1407 0 182
2858 1140 0 14
2859 1295 0 138
2860 3139 0 19
2861 697 0 55
2862 1351 0 27
2863 236 0 6
2864 3168 0 7
2865 211 0 97
2866 900 1 23
2867 1546 0 10
2868 1528 0 10
2869 300 0 110
2870 1537 0 30
2871 1516 0 139
2872 903 0 12
2873 656 0 11
2874 1537 0 15
2875 119 0 43
2876 520 0 10
2877 989 0 16
2878 2071 0 36
2879 737 0 30
2880 953 0 89
2881 1132 0 10
2882 1191 0 175
2883 5080 0 9
2884 1212 0 12
2885 967 0 38
2886 959 0 87
2887 1274 0 9
2888 1038 0 11
2889 1994 0 8
2890 887 0 15
2891 386 0 26
2892 803 0 10
2893 1411 0 12
2894 1943 0 24
2895 498 1 0
2896 634 0 12
2897 918 0 40
2898 773 0 130
2899 410 0 7
2900 588 0 10
2901 3469 0 93
2902 1506 0 12
2903 1006 0 64
2904 1516 0 152
2905 1568 0 10
2906 693 0 80
2907 1057 0 280
2908 481 0 10
2909 3487 0 9
2910 563 0 8
2911 403 0 35
2912 2517 0 27
2913 906 0 12
2914 460 0 25
2915 501 0 18
2916 5955 0 8
2917 1473 0 63
2918 1229 0 11
2919 1346 0 26
2920 5005 1 0
2921 7934 0 12
2922 1114 0 33
2923 196 0 7
2924 1111 0 80
2925 1529 0 13
2926 887 0 7
2927 3713 0 19
2928 1128 0 7
2929 2756 0 3
2930 822 0 33
2931 1278 1 436
2932 871 0 26
2933 1557 0 6
2934 160 0 17
2935 3176 0 11

36 0 2819
25
2936 1088 0 9
2937 1407 0 194
2938 1944 0 53
2939 1429 0 8
2940 1270 0 18
2941 1422 1 40
2942 1009 0 96
2943 984 0 36
2944 1981 0 33
2945 1204 0 11
2946 1271 0 22
2947 1232 0 12
2948 1892 0 205
2949 1699 0 11
2950 1022 0 59
2951 2532 0 10
2952 843 0 70
2953 1800 0 12
2954 946 0 13
2955 13918 0 87
2956 1124 0 145
2957 2579 0 23
2958 1105 0 68
2959 248 0 8
2960 2206 0 9

37 1 2861
20
2961 1214 0 135
2962 3165 0 51
2963 333 0 84
2964 466 0 18
2965 1697 0 10
2966 3762 0 30
2967 777 0 7
2968 968 0 7
2969 5150 0 9
2970 3682 0 14
2971 841 0 24
2972 1278 0 29
2973 3278 0 20
2974 12042 0 28
2975 3939 0 60
2976 3269 0 7
2977 524 0 27
2978 748 1 0
2979 1041 0 11
2980 1641 0 30

38 1 2871
29
2981 1248 0 13
2982 13009 0 75
2983 349 0 10
2984 635 0 12
2985 551 0 27
2986 2325 0 9
2987 1310 0 10
2988 528 0 7
2989 1323 0 279
2990 804 0 27
2991 474 0 10
2992 2964 0 9
2993 708 0 63
2994 477 0 7
2995 2893 0 109
2996 199 0 87
2997 2596 1 16
2998 685 0 32
2999 1198 0 16
3000 510 0 69
3001 1835 0 41
3002 283 0 10
3003 648 0 6
3004 1952 0 79
3005 564 0 11
3006 7186 0 14
3007 779 0 13
3008 1872 0 11
3009 1396 0 316

39 1 2933
372
3010 1518 0 14
3011 1695 0 63
3012 539 0 41
3013 1016 0 10
3014 1225 0 11
3015 3569 0 15
3016 3227 0 121
3017 551 0 31
3018 1973 0 132
3019 716 1 133
3020 744 0 19
3021 2241 0 7
3022 944 0 67
3023 9131 0 17
3024 1513 0 16
3025 2465 0 305
3026 1524 0 89
3027 2210 0 40
3028 1147 0 7
3029 17668 0 8
3030 595 0 18
3031 350 0 32
3032 576 0 10
3033 1621 0 68
3034 1239 0 9
3035 3231 0 20
3036 3829 1 0
3037 1111 0 150
3038 324 0 37
3039 1419 0 39
3040 375 0 30
3041 193 0 34
3042 256 1 0
3043 3065 0 13
3044 1361 0 30
3045 651 0 8
3046 2538 0 16
3047 171 0 8
3048 1215 0 56
3049 10411 1 0
3050 1188 0 11
3051 1023 0 17
3052 1933 0 44
3053 1259 0 29
3054 1094 0 67
3055 805 0 10
3056 945 0 11
3057 1182 0 18
3058 6745 0 20
3059 1963 0 11
3060 308 0 38
3061 3016 0 12
3062 3321 0 59
3063 3204 0 11
3064 779 0 10
3065 3294 0 785
3066 1606 0 12
3067 3598 0 10
3068 327 0 9
3069 1159 0 13
3070 1022 0 11
3071 12640 0 7
3072 1084 0 30
3073 956 0 11
3074 5109 0 217
3075 2308 0 76
3076 989 0 152
3077 203 0 10
3078 1053 0 9
3079 3325 0 7
3080 3166 0 7
3081 784 0 7
3082 774 0 7
3083 1328 0 107
3084 2908 0 15
3085 1513 0 8
3086 1085 0 29
3087 267 0 9
3088 430 0 7
3089 1538 0 18
3090 1429 0 11
3091 647 0 80
3092 1917 0 37
3093 941 0 19
3094 11604 0 82
3095 590 0 24
3096 1443 0 8
3097 413 0 47
3098 619 0 67
3099 448 0 9
3100 1760 0 11
3101 1143 0 134
3102 1835 0 13
3103 5109 0 78
3104 1313 0 11
3105 1811 0 63
3106 764 0 52
3107 2885 0 63
3108 2737 0 7
3109 1418 0 22
3110 3324 0 18
3111 1232 0 8
3112 710 0 94
3113 1527 0 10
3114 841 0 69
3115 367 0 8
3116 1187 0 10
3117 1589 0 10
3118 598 0 9
3119 2208 0 9
3120 1084 0 36
3121 1879 0 14
3122 570 0 17
3123 1536 0 11
3124 1379 0 8
3125 875 0 120
3126 1047 0 10
3127 1363 0 19
3128 5152 0 7
3129 994 0 30
3130 5090 0 6
3131 4193 0 15
3132 444 0 19
3133 1335 0 10
3134 602 0 13
3135 1320 0 9
3136 1715 0 18
3137 2355 0 185
3138 2454 0 25
3139 1024 0 103
3140 1410 0 13
3141 17306 0 54
3142 1262 0 9
3143 404 0 179
3144 1222 0 63
3145 942 0 29
3146 792 0 18
3147 503 0 111
3148 741 0 15
3149 1256 0 18
3150 876 0 14
3151 1967 0 9
3152 1783 0 30
3153 5088 0 38
3154 6159 0 12
3155 187 0 8
3156 222 0 57
3157 866 0 12
3158 1069 0 12
3159 3521 0 12
3160 5783 0 70
3161 723 1 16
3162 568 0 135
3163 481 0 16
3164 1462 0 52
3165 1404 0 18
3166 1964 0 13
3167 3339 0 69
3168 12847 1 0
3169 7297 0 18
3170 17473 0 8
3171 387 0 10
3172 1513 0 9
3173 3114 0 11
3174 2956 0 137
3175 3351 0 7
3176 2564 0 30
3177 935 0 72
3178 1068 0 11
3179 989 0 19
3180 3770 0 31
3181 946 0 73
3182 230 0 10
3183 448 0 27
3184 989 0 10
3185 812 0 19
3186 3232 0 11
3187 2036 0 12
3188 3179 0 75
3189 1130 0 60
3190 1957 0 7
3191 2954 0 13
3192 927 0 13
3193 2505 0 35
3194 1424 0 18
3195 2476 1 0
3196 992 0 94
3197 2437 0 10
3198 1181 0 11
3199 1028 0 11
3200 1168 0 39
3201 1966 0 146
3202 306 0 11
3203 6199 0 16
3204 1343 0 30
3205 1134 0 56
3206 1222 0 48
3207 665 0 6
3208 1978 0 91
3209 5080 0 9
3210 205 0 152
3211 1208 0 10
3212 1368 0 11
3213 1009 0 8
3214 2583 0 11
3215 1186 0 72
3216 308 0 23
3217 774 0 17
3218 3566 0 11
3219 7049 0 15
3220 957 0 24
3221 875 0 9
3222 560 0 38
3223 469 0 25
3224 1277 0 8
3225 2375 0 19
3226 2921 0 46
3227 1616 0 11
3228 1787 0 11
3229 1352 0 52
3230 3218 0 33
3231 3261 0 7
3232 1958 0 9
3233 2565 0 110
3234 6099 0 73
3235 1979 0 82
3236 12914 0 13
3237 720 0 13
3238 1368 0 10
3239 1977 0 11
3240 1405 0 136
3241 450 0 12
3242 2161 0 68
3243 1411 0 9
3244 1002 0 9
3245 913 0 6
3246 12419 0 32
3247 1585 0 12
3248 2337 0 9
3249 3014 0 15
3250 442 0 15
3251 200 0 48
3252 2089 0 11
3253 2755 0 11
3254 6178 0 9
3255 2793 0 13
3256 1419 0 12
3257 2158 1 0
3258 1578 0 7
3259 3223 0 7
3260 1279 0 17
3261 1019 0 62
3262 2574 0 42
3263 12644 0 139
3264 3800 0 12
3265 1060 0 7
3266 1528 0 15
3267 462 0 64
3268 2943 0 27
3269 923 0 67
3270 868 0 10
3271 2607 0 19
3272 1343 0 30
3273 504 0 61
3274 3146 0 48
3275 2159 0 13
3276 1025 0 19
3277 2225 0 8
3278 246 0 16
3279 663 0 26
3280 1757 0 16
3281 204 0 11
3282 1235 0 41
3283 3140 0 12
3284 807 0 54
3285 5138 0 65
3286 235 0 10
3287 3217 0 12
3288 3 0 44
3289 1122 0 50
3290 761 0 12
3291 1435 0 67
3292 4318 0 130
3293 3183 0 25
3294 3408 0 23
3295 619 0 10
3296 7468 0 9
3297 2403 0 7
3298 183 0 15
3299 538 0 21
3300 3176 0 46
3301 1429 0 51
3302 926 0 49
3303 1239 0 56
3304 1499 0 108
3305 1309 0 8
3306 1234 0 7
3307 502 0 8
3308 3275 0 8
3309 741 0 19
3310 3965 0 20
3311 878 0 99
3312 3009 0 64
3313 767 0 140
3314 716 0 13
3315 509 0 37
3316 612 0 8
3317 989 0 7
3318 3469 0 13
3319 2461 0 16
3320 735 0 11
3321 1119 0 11
3322 899 0 16
3323 1327 0 8
3324 329 0 12
3325 13570 0 25
3326 1528 0 16
3327 821 0 10
3328 704 0 14
3329 3377 0 69
3330 5017 0 9
3331 1725 0 179
3332 641 0 19
3333 3037 0 8
3334 810 0 8
3335 853 0 10
3336 2373 0 17
3337 998 0 8
3338 633 0 12
3339 752 0 9
3340 171 0 182
3341 1251 0 61
3342 1278 0 71
3343 1083 0 20
3344 964 0 12
3345 1961 0 18
3346 1043 0 9
3347 2583 0 150
3348 1947 0 358
3349 6126 0 12
3350 7628 0 286
3351 1412 0 31
3352 908 0 8
3353 1518 1 0
3354 1095 0 8
3355 1269 0 11
3356 298 0 54
3357 11611 0 10
3358 6137 0 13
3359 1198 0 159
3360 191 0 92
3361 6448 0 36
3362 3797 0 18
3363 740 0 70
3364 2990 0 29
3365 9368 0 19
3366 689 1 14
3367 6362 0 10
3368 5103 0 106
3369 724 0 22
3370 1963 0 14
3371 404 0 11
3372 2757 0 8
3373 1399 0 11
3374 1261 1 40
3375 1961 0 53
3376 283 0 7
3377 1101 0 11
3378 657 0 63
3379 1823 0 11
3380 1096 0 39
3381 1591 0 37

