20

0 1 268
1037
0 938 0 14
1 1426 0 42
2 1857 0 1
3 14672 0 41
4 3612 0 15
5 1195 0 11
6 1529 0 86
7 518 0 9
8 12384 0 29
9 12909 0 8
10 309 0 16
11 181 0 13
12 12489 0 12
13 904 0 32
14 943 0 12
15 2228 0 33
16 831 0 166
17 1354 0 11
18 804 0 9
19 3159 0 169
20 1099 0 41
21 248 0 11
22 824 0 38
23 305 0 34
24 943 0 18
25 261 0 12
26 1516 1 0
27 1551 0 190
28 1924 0 9
29 2370 0 8
30 1980 0 22
31 612 0 34
32 520 0 27
33 1344 0 11
34 6733 0 32
35 1400 0 49
36 454 0 63
37 2953 0 13
38 1060 0 19
39 3352 0 11
40 1301 0 11
41 5013 0 116
42 7186 0 58
43 1158 0 68
44 1134 0 11
45 1733 0 36
46 6926 0 10
47 1950 0 200
48 3439 0 19
49 2066 0 70
50 7758 0 41
51 3311 1 0
52 17472 0 10
53 171 0 29
54 2790 0 732
55 1794 0 9
56 12145 0 13
57 11453 0 15
58 1039 0 37
59 1132 0 11
60 1347 0 179
61 3703 0 9
62 845 0 150
63 1470 0 23
64 3253 0 17
65 1976 0 26
66 2126 0 21
67 3376 0 16
68 6511 0 181
69 693 0 9
70 903 0 96
71 1314 0 11
72 1677 0 18
73 1961 0 39
74 1954 0 156
75 1731 0 52
76 839 0 8
77 1528 0 112
78 3163 0 10
79 346 0 22
80 1299 0 20
81 6951 0 99
82 8195 0 11
83 1208 0 27
84 198 0 8
85 361 0 13
86 1289 0 8
87 566 0 203
88 787 0 10
89 790 0 25
90 1418 1 0
91 3336 0 43
92 2438 0 32
93 2830 0 9
94 1534 0 9
95 329 1 4
96 8197 0 13
97 687 0 19
98 1136 0 12
99 5088 0 11
100 1402 0 11
101 7956 0 19
102 1315 0 11
103 16062 0 20
104 552 0 42
105 575 0 11
106 883 0 14
107 163 0 11
108 969 0 172
109 1034 0 8
110 2116 0 41
111 918 0 39
112 202 0 17
113 1694 0 12
114 1978 0 12
115 2783 0 13
116 1039 0 156
117 786 0 16
118 1513 0 12
119 389 0 12
120 492 0 9
121 1599 0 29
122 1428 0 56
123 1406 0 11
124 1793 0 7
125 2193 0 11
126 696 0 75
127 2049 0 456
128 140 0 15
129 1537 0 28
130 3316 0 11
131 3005 0 42
132 14373 0 11
133 1011 0 13
134 1518 0 18
135 1372 0 12
136 1002 0 13
137 6832 0 13
138 1961 0 9
139 2880 0 11
140 1390 0 7
141 447 0 42
142 9997 0 10
143 11949 0 185
144 1364 0 13
145 2842 0 44
146 1423 1 0
147 1504 0 24
148 1308 0 10
149 648 0 103
150 859 0 13
151 1093 0 31
152 1018 0 28
153 1048 0 41
154 5072 0 69
155 737 0 12
156 6096 0 13
157 2166 0 9
158 1721 0 8
159 1984 0 0
160 1347 0 12
161 3377 1 0
162 1117 0 171
163 1317 1 0
164 1233 0 10
165 2945 0 9
166 918 1 598
167 1317 1 0
168 1008 0 29
169 598 0 9
170 1393 0 8
171 558 0 342
172 623 0 10
173 1048 0 39
174 3698 0 42
175 1158 0 8
176 7569 0 78
177 361 0 145
178 614 0 11
179 5087 0 48
180 2803 0 9
181 1356 0 10
182 845 0 40
183 364 0 17
184 1248 0 21
185 3635 0 31
186 1021 0 14
187 1114 0 13
188 3186 0 12
189 490 0 9
190 12819 0 70
191 1524 0 15
192 446 0 9
193 283 0 13
194 1882 0 13
195 989 0 12
196 776 0 266
197 1900 0 155
198 1287 0 30
199 1642 0 430
200 809 0 17
201 788 0 11
202 7952 0 131
203 1490 0 164
204 414 0 18
205 706 0 7
206 1572 0 58
207 716 0 19
208 1677 0 74
209 6761 0 13
210 1114 0 10
211 348 0 22
212 2865 0 20
213 1215 0 26
214 472 0 1
215 328 0 12
216 234 0 12
217 7050 0 79
218 1195 0 10
219 7396 0 29
220 13791 0 14
221 1946 0 11
222 747 0 241
223 1594 0 33
224 17145 0 83
225 554 0 11
226 3266 0 105
227 459 0 8
228 463 0 59
229 1279 0 11
230 339 0 11
231 173 0 16
232 351 0 18
233 2920 0 80
234 3355 0 44
235 650 0 9
236 1161 0 37
237 5140 0 8
238 1274 0 7
239 1047 0 8
240 3258 0 9
241 12557 0 36
242 3538 0 12
243 106 0 38
244 887 0 0
245 1979 0 12
246 1041 0 17
247 263 0 19
248 2838 0 23
249 3545 0 131
250 11603 0 37
251 189 0 23
252 919 0 10
253 689 0 8
254 1116 0 10
255 776 0 36
256 7791 0 9
257 3373 0 45
258 1977 0 75
259 602 0 11
260 13014 0 13
261 3211 1 9
262 1991 0 11
263 2855 0 12
264 793 0 11
265 3270 0 18
266 980 0 37
267 2824 0 141
268 1829 0 47
269 1126 0 22
270 1087 0 71
271 1235 0 9
272 5157 0 9
273 985 0 32
274 975 0 13
275 14457 0 40
276 1309 0 45
277 1708 1 203
278 3225 0 29
279 3018 0 9
280 3171 0 11
281 1214 0 8
282 1011 0 8
283 1861 0 20
284 201 0 12
285 1420 0 145
286 545 0 13
287 1516 1 0
288 3021 0 14
289 2124 0 12
290 2000 0 19
291 593 0 39
292 753 0 12
293 3798 0 39
294 1268 0 9
295 1132 1 47
296 3318 0 11
297 8905 0 8
298 7859 0 49
299 5027 0 8
300 7903 0 49
301 1066 0 7
302 1071 0 14
303 1014 1 25
304 985 0 12
305 1321 0 10
306 1185 0 8
307 520 0 11
308 1975 0 7
309 707 0 170
310 2249 0 13
311 717 1 446
312 627 0 8
313 3143 0 27
314 6453 0 16
315 402 0 11
316 2148 0 69
317 358 0 38
318 712 0 10
319 1011 0 13
320 1983 0 14
321 989 0 10
322 1023 0 161
323 1325 0 38
324 1208 0 59
325 985 0 10
326 12502 0 76
327 1188 0 9
328 811 0 9
329 3373 0 27
330 1415 0 11
331 1043 1 0
332 7972 0 10
333 1321 0 14
334 1973 0 10
335 559 0 169
336 11791 0 17
337 1346 0 34
338 7184 0 8
339 1377 0 100
340 999 0 14
341 1247 0 13
342 2486 1 0
343 2534 0 12
344 783 0 5
345 5017 0 60
346 1381 0 26
347 3197 0 52
348 567 0 17
349 7051 0 10
350 3229 0 45
351 2494 0 287
352 1972 0 13
353 2450 0 42
354 971 0 136
355 1431 0 35
356 1394 0 29
357 821 0 38
358 5051 0 7
359 2786 0 7
360 1716 0 11
361 1513 0 18
362 2646 0 133
363 3210 0 13
364 748 0 9
365 1652 0 41
366 12534 0 29
367 784 0 134
368 788 0 7
369 1959 0 14
370 2296 0 13
371 286 0 7
372 780 0 102
373 12921 0 18
374 1945 0 13
375 182 0 11
376 759 0 8
377 1302 0 11
378 1121 0 48
379 842 1 0
380 3375 0 17
381 3130 0 27
382 1149 0 11
383 986 0 8
384 746 0 97
385 6998 0 153
386 424 1 145
387 11820 0 29
388 926 0 7
389 305 0 29
390 2822 0 11
391 1736 0 7
392 503 0 10
393 227 0 12
394 1352 0 10
395 1117 0 14
396 7385 0 8
397 657 0 11
398 2690 0 158
399 9488 0 11
400 1408 0 11
401 5149 0 133
402 1971 0 12
403 1168 0 123
404 524 0 16
405 955 0 1
406 2093 0 49
407 2561 0 8
408 766 0 19
409 727 0 108
410 7997 0 7
411 2772 0 7
412 1105 0 59
413 1578 1 102
414 189 0 10
415 192 0 12
416 1181 0 8
417 1971 0 169
418 1700 1 0
419 5052 0 11
420 1263 0 9
421 1410 0 9
422 2378 0 125
423 1027 0 7
424 17377 0 9
425 3278 0 16
426 842 0 67
427 3365 0 7
428 327 0 9
429 9368 0 7
430 3696 0 21
431 5029 0 95
432 1323 0 23
433 2865 0 296
434 2136 0 8
435 984 0 69
436 2947 0 257
437 458 0 12
438 2173 0 96
439 3399 0 68
440 182 0 31
441 8299 0 10
442 1415 0 137
443 7270 0 132
444 273 0 20
445 2456 0 10
446 170 0 12
447 4082 0 12
448 1126 0 8
449 417 0 12
450 463 0 25
451 1859 0 18
452 1022 0 12
453 2359 0 10
454 6366 0 42
455 2519 0 164
456 1106 1 0
457 945 0 10
458 2881 0 11
459 486 0 11
460 999 0 63
461 1910 0 12
462 446 0 12
463 912 0 243
464 2395 1 201
465 813 0 289
466 1320 1 9
467 784 0 8
468 2843 0 42
469 202 0 9
470 892 0 11
471 1373 0 260
472 1528 0 25
473 888 0 49
474 2687 0 9
475 3225 1 42
476 5095 0 9
477 368 0 10
478 1621 0 32
479 3142 0 29
480 966 0 7
481 500 1 16
482 2782 0 8
483 7288 0 52
484 1532 0 8
485 1755 0 11
486 2802 0 60
487 414 0 11
488 1122 0 29
489 234 0 393
490 7474 0 108
491 3251 0 31
492 1868 0 10
493 923 0 67
494 630 0 15
495 381 0 6
496 3350 0 13
497 1604 0 25
498 352 0 38
499 519 0 120
500 1423 0 12
501 613 0 57
502 3256 1 23
503 1318 0 11
504 2211 0 12
505 508 0 10
506 1133 0 14
507 1822 0 8
508 5142 1 315
509 2281 0 10
510 2033 0 11
511 1152 0 106
512 1361 0 32
513 1114 0 28
514 847 0 10
515 1362 0 101
516 1335 0 10
517 579 0 41
518 416 0 34
519 1427 0 50
520 2453 0 12
521 1384 0 92
522 356 0 13
523 733 0 6
524 229 0 17
525 702 0 130
526 5100 0 15
527 290 0 38
528 1057 0 116
529 915 1 596
530 3325 1 26
531 1962 0 11
532 2941 0 12
533 2895 0 13
534 701 0 6
535 1403 0 143
536 1007 0 13
537 654 0 71
538 571 0 131
539 13064 0 117
540 1890 0 17
541 206 0 15
542 3920 0 102
543 1999 0 9
544 12656 0 21
545 966 0 11
546 520 0 46
547 444 0 71
548 7341 0 10
549 171 0 9
550 3175 0 9
551 7050 0 29
552 1178 0 12
553 1963 0 208
554 12912 0 239
555 2448 0 11
556 1894 0 22
557 654 0 11
558 815 0 13
559 1518 0 9
560 889 0 25
561 721 0 24
562 799 0 10
563 582 0 11
564 777 0 9
565 570 0 11
566 1055 0 40
567 1229 0 9
568 2077 0 76
569 360 0 111
570 2790 0 39
571 1288 0 69
572 3243 0 20
573 14451 0 7
574 1960 0 73
575 3353 0 8
576 681 0 98
577 1837 0 7
578 3278 0 81
579 1404 0 17
580 208 0 170
581 466 0 7
582 2492 0 11
583 1203 0 29
584 1258 0 8
585 1513 0 23
586 1986 0 12
587 1322 0 7
588 885 0 19
589 962 0 42
590 196 0 9
591 1291 0 29
592 561 0 10
593 874 0 13
594 2434 0 10
595 2924 0 111
596 309 0 9
597 369 0 9
598 534 1 31
599 496 1 516
600 1262 0 11
601 2139 0 30
602 828 0 89
603 1360 0 11
604 5022 0 14
605 6731 0 11
606 2844 0 13
607 8019 0 29
608 6197 0 8
609 1965 0 10
610 986 0 13
611 1300 0 27
612 228 0 37
613 7391 0 16
614 952 0 27
615 656 0 11
616 173 0 11
617 5899 0 13
618 1868 0 17
619 1400 0 10
620 170 0 41
621 1650 0 7
622 989 0 54
623 7387 1 132
624 1280 0 28
625 4102 0 9
626 303 0 17
627 1248 1 41
628 1849 0 17
629 2840 0 10
630 524 0 17
631 2907 0 70
632 269 0 10
633 989 0 11
634 1111 0 17
635 6952 0 31
636 1458 0 11
637 3573 0 18
638 3181 0 77
639 1315 0 12
640 2744 0 34
641 1396 1 0
642 598 0 14
643 1940 0 27
644 431 0 49
645 1411 0 10
646 883 0 31
647 4109 0 8
648 825 0 7
649 5152 0 9
650 574 0 8
651 458 0 28
652 2532 0 37
653 204 0 9
654 3279 0 9
655 2731 0 8
656 3687 0 15
657 1298 0 9
658 710 0 2
659 1984 0 13
660 3294 0 12
661 1961 0 9
662 789 0 10
663 1009 0 6
664 2209 0 67
665 2251 0 20
666 3259 0 30
667 1972 0 367
668 1152 0 7
669 2150 0 18
670 3436 0 85
671 328 0 40
672 424 0 6
673 846 0 191
674 371 0 79
675 7244 0 26
676 3480 0 55
677 1082 0 18
678 1949 0 12
679 2803 0 34
680 2444 0 11
681 3246 0 10
682 2251 0 62
683 232 0 49
684 2409 0 12
685 1941 0 11
686 578 0 19
687 6259 0 10
688 2021 0 10
689 12395 0 43
690 950 0 8
691 1384 0 30
692 636 0 14
693 1029 0 42
694 1002 0 7
695 3230 0 10
696 8886 0 74
697 1499 0 34
698 702 0 9
699 6193 0 10
700 3378 0 12
701 16383 0 10
702 3343 0 46
703 1096 0 48
704 3300 0 8
705 5 0 7
706 1038 0 21
707 1292 0 10
708 1060 0 34
709 486 0 11
710 1821 0 10
711 5975 1 16
712 1107 0 10
713 290 0 352
714 6455 0 11
715 1947 0 20
716 1409 0 38
717 1841 0 11
718 1748 0 7
719 7032 0 11
720 419 0 13
721 170 0 10
722 3322 0 8
723 422 0 14
724 7370 0 13
725 1975 0 85
726 989 0 35
727 3374 0 52
728 1961 0 8
729 749 0 8
730 401 0 12
731 474 0 15
732 198 0 22
733 824 0 9
734 988 1 0
735 855 0 38
736 1516 0 10
737 1539 0 307
738 2033 0 6
739 186 0 13
740 7324 0 260
741 13917 0 6
742 3668 0 22
743 417 0 17
744 1784 1 0
745 7351 0 128
746 3336 0 8
747 2501 0 6
748 16097 0 11
749 255 0 11
750 13375 1 19
751 1925 0 12
752 1977 1 100
753 196 0 146
754 1677 0 6
755 3153 0 9
756 891 0 12
757 858 1 26
758 1795 0 42
759 2830 0 10
760 884 0 66
761 184 0 7
762 1243 0 11
763 1339 0 143
764 3153 0 7
765 969 0 17
766 507 0 13
767 1164 0 13
768 662 0 13
769 578 1 20
770 637 0 11
771 16848 0 11
772 4108 0 9
773 1410 0 53
774 1409 0 11
775 1308 0 109
776 2409 0 12
777 1514 0 22
778 1764 0 28
779 2066 0 8
780 1663 0 67
781 1126 0 8
782 806 0 11
783 2900 0 19
784 445 0 85
785 10052 0 13
786 13543 0 13
787 552 0 1
788 7922 0 86
789 329 0 12
790 1943 0 10
791 1057 0 19
792 1034 0 13
793 244 0 22
794 2055 0 9
795 1391 0 107
796 1073 0 16
797 1409 0 38
798 2526 0 42
799 687 0 50
800 1177 0 41
801 1271 0 7
802 2564 0 36
803 795 0 77
804 3764 0 83
805 2840 0 172
806 3314 0 11
807 734 0 20
808 1945 0 19
809 2291 1 474
810 589 0 58
811 1413 0 38
812 1036 0 10
813 763 0 16
814 7336 0 7
815 7952 0 28
816 1242 0 16
817 1136 0 10
818 167 0 69
819 1516 0 11
820 1955 1 0
821 345 0 11
822 736 0 9
823 678 0 33
824 750 1 6
825 6860 0 13
826 3984 0 146
827 5884 0 49
828 1419 0 10
829 7511 0 17
830 1646 0 25
831 2534 0 97
832 5024 0 129
833 1205 1 0
834 2631 0 13
835 2910 0 10
836 1184 0 12
837 14449 0 17
838 3401 0 37
839 1518 0 10
840 906 0 13
841 2952 0 12
842 873 0 10
843 2517 0 36
844 2786 1 61
845 7575 1 18
846 408 0 12
847 2431 0 71
848 1368 0 7
849 208 0 12
850 892 0 22
851 1957 0 13
852 697 0 9
853 1150 0 37
854 951 0 12
855 854 0 7
856 919 0 12
857 830 0 13
858 435 0 11
859 1429 0 23
860 7409 0 12
861 500 0 19
862 5138 0 9
863 1230 0 13
864 1404 1 0
865 6 0 33
866 1345 0 176
867 33 0 11
868 1386 0 69
869 2607 0 8
870 1020 0 54
871 12536 0 9
872 1799 0 6
873 2946 0 53
874 2956 0 9
875 1890 0 29
876 1665 0 90
877 333 1 0
878 1290 0 38
879 705 0 46
880 908 0 8
881 5074 0 24
882 5059 0 8
883 12786 0 9
884 1160 0 8
885 3274 0 149
886 1054 0 41
887 594 0 70
888 786 0 35
889 1322 0 108
890 2676 0 13
891 1219 0 8
892 1320 0 19
893 1407 0 22
894 1988 0 12
895 1065 0 17
896 650 0 69
897 1526 0 25
898 1134 0 25
899 1832 0 59
900 1314 0 53
901 1173 0 109
902 1152 0 7
903 782 0 24
904 1143 0 70
905 1888 0 13
906 1301 0 11
907 95 0 8
908 13005 0 13
909 322 0 11
910 1389 0 13
911 741 0 32
912 1515 0 18
913 2838 0 19
914 2911 0 123
915 2008 0 15
916 1025 0 13
917 565 0 19
918 1236 0 11
919 2427 0 7
920 899 0 50
921 1279 0 10
922 1386 0 91
923 2813 0 39
924 920 0 13
925 1795 0 11
926 518 0 9
927 2901 0 9
928 5117 0 50
929 1651 0 8
930 1422 1 0
931 613 0 135
932 573 0 14
933 512 0 13
934 1959 0 7
935 321 0 88
936 1150 0 34
937 3258 0 12
938 1623 0 261
939 6733 0 128
940 945 0 58
941 2710 0 26
942 346 0 38
943 3145 0 8
944 7477 0 142
945 1746 0 172
946 3698 0 33
947 164 0 33
948 2603 0 15
949 6454 0 13
950 8742 1 76
951 2930 0 10
952 2332 0 188
953 839 0 16
954 943 0 22
955 5061 0 12
956 1421 0 57
957 1052 0 6
958 445 0 11
959 912 0 97
960 1091 0 7
961 5152 0 45
962 2948 0 302
963 1979 0 138
964 1412 0 63
965 2592 0 9
966 508 0 44
967 311 0 13
968 12028 0 51
969 2924 0 92
970 6952 0 144
971 977 0 24
972 726 0 103
973 1376 0 74
974 369 1 597
975 970 0 55
976 1101 1 0
977 615 0 29
978 669 0 14
979 828 1 0
980 1854 0 16
981 1084 0 7
982 799 0 11
983 11864 0 155
984 1976 0 2
985 2877 0 13
986 1420 0 13
987 3194 0 207
988 1132 1 0
989 5022 0 72
990 7267 0 311
991 3263 0 18
992 567 0 25
993 2428 0 6
994 2447 1 0
995 429 0 101
996 3372 1 30
997 2215 0 13
998 14462 0 21
999 7320 0 7
1000 5023 0 39
1001 1326 0 14
1002 717 0 144
1003 1239 0 11
1004 729 0 9
1005 3197 0 10
1006 704 0 10
1007 1967 0 32
1008 17473 0 30
1009 5149 0 92
1010 780 0 6
1011 9367 0 11
1012 1952 0 11
1013 508 0 28
1014 968 0 188
1015 3521 0 68
1016 307 0 9
1017 1911 0 11
1018 3074 0 7
1019 1034 0 7
1020 589 0 12
1021 1622 0 112
1022 512 0 36
1023 2937 0 71
1024 1205 0 6
1025 1516 0 40
1026 2450 0 67
1027 381 0 57
1028 1082 0 188
1029 6594 0 71
1030 756 1 60
1031 1211 0 13
1032 3278 0 87
1033 3223 0 19
1034 620 0 12
1035 11163 0 82
1036 872 0 39

1 0 282
89
1037 1131 1 0
1038 3229 0 22
1039 1192 0 9
1040 3014 0 40
1041 2829 0 35
1042 2314 0 57
1043 1496 0 115
1044 1367 0 11
1045 204 0 8
1046 7502 0 14
1047 3215 0 70
1048 2987 0 25
1049 13922 0 14
1050 671 0 68
1051 3223 0 172
1052 1042 0 17
1053 629 0 29
1054 2314 1 376
1055 521 0 36
1056 1055 0 73
1057 866 0 10
1058 672 0 10
1059 723 0 69
1060 506 0 133
1061 1303 0 8
1062 752 0 9
1063 1335 0 15
1064 435 0 13
1065 360 0 10
1066 2707 1 0
1067 421 0 19
1068 270 0 26
1069 1333 0 30
1070 1393 0 10
1071 1287 0 10
1072 833 0 38
1073 554 0 8
1074 643 0 69
1075 856 0 40
1076 3294 0 105
1077 260 0 12
1078 412 0 20
1079 776 0 8
1080 454 0 20
1081 7581 0 29
1082 1410 0 11
1083 542 0 19
1084 1102 0 11
1085 1517 0 10
1086 591 0 42
1087 777 0 16
1088 1139 0 7
1089 1136 0 21
1090 596 0 12
1091 1178 0 12
1092 844 0 9
1093 3141 0 60
1094 865 0 12
1095 1578 0 41
1096 405 0 48
1097 739 0 12
1098 17045 0 9
1099 2355 0 72
1100 3227 0 52
1101 951 0 25
1102 794 0 12
1103 1030 0 71
1104 848 0 9
1105 16808 0 7
1106 297 0 33
1107 931 0 13
1108 2307 0 15
1109 6952 0 79
1110 169 0 18
1111 875 0 42
1112 331 0 10
1113 6508 0 19
1114 1322 0 11
1115 1369 0 32
1116 1420 0 25
1117 6620 0 20
1118 787 0 164
1119 1053 1 598
1120 735 0 20
1121 2150 0 128
1122 989 0 18
1123 1344 0 49
1124 1526 0 8
1125 1096 0 9

2 1 284
6
1126 984 0 12
1127 16496 0 10
1128 1409 0 10
1129 3273 0 57
1130 2484 0 100
1131 563 0 6

3 0 528
6
1132 1936 0 13
1133 1836 0 166
1134 1277 0 16
1135 5145 0 10
1136 970 0 13
1137 763 0 11

4 1 661
689
1138 1583 0 124
1139 2941 0 37
1140 1681 0 23
1141 967 0 89
1142 240 0 8
1143 6911 0 25
1144 12039 0 92
1145 3627 0 92
1146 207 0 15
1147 2377 0 16
1148 1428 0 16
1149 469 0 9
1150 381 0 22
1151 1111 0 91
1152 20 0 9
1153 1202 0 32
1154 6055 0 21
1155 716 0 11
1156 2892 0 8
1157 318 1 27
1158 2591 0 7
1159 2923 0 9
1160 1142 0 59
1161 1347 0 13
1162 3373 0 11
1163 783 0 10
1164 7927 0 10
1165 3316 0 16
1166 1418 0 9
1167 1109 0 11
1168 575 0 56
1169 1263 0 68
1170 1222 0 97
1171 1945 0 12
1172 614 0 136
1173 7048 0 184
1174 1259 0 114
1175 3349 0 10
1176 1028 0 11
1177 888 0 127
1178 686 0 11
1179 1376 0 16
1180 428 0 11
1181 1186 0 129
1182 1513 0 125
1183 1975 1 0
1184 3191 0 83
1185 11896 0 9
1186 1953 0 343
1187 4346 0 10
1188 535 0 157
1189 489 0 103
1190 676 0 34
1191 945 0 15
1192 1376 0 36
1193 2377 1 4
1194 497 0 143
1195 9984 0 14
1196 1657 0 12
1197 3530 0 14
1198 3178 0 22
1199 2510 0 14
1200 3315 0 10
1201 389 0 92
1202 824 0 70
1203 1032 0 42
1204 1276 0 26
1205 1289 0 27
1206 1733 0 33
1207 1854 0 11
1208 382 0 8
1209 3136 0 32
1210 1528 0 21
1211 1518 0 75
1212 1117 0 9
1213 320 0 131
1214 1428 0 98
1215 653 0 93
1216 3345 0 12
1217 879 1 165
1218 3259 0 0
1219 989 0 72
1220 5089 0 8
1221 6133 0 150
1222 637 0 15
1223 17663 0 12
1224 410 0 11
1225 3920 0 10
1226 2196 0 13
1227 1306 0 120
1228 1901 0 75
1229 303 0 11
1230 2878 0 34
1231 1879 0 57
1232 3165 0 11
1233 2379 0 11
1234 448 1 0
1235 1225 0 12
1236 1181 1 0
1237 245 0 11
1238 1359 0 52
1239 1142 0 13
1240 2567 0 8
1241 649 0 9
1242 909 0 10
1243 13072 0 122
1244 2658 0 76
1245 1976 0 16
1246 1016 0 34
1247 508 0 7
1248 1988 0 26
1249 735 0 40
1250 6023 0 10
1251 570 0 33
1252 3313 0 10
1253 882 0 12
1254 1047 0 17
1255 728 0 65
1256 1160 0 117
1257 16389 0 36
1258 666 0 15
1259 387 0 28
1260 973 0 6
1261 1916 0 26
1262 1796 0 16
1263 2918 1 30
1264 1077 0 34
1265 6594 0 8
1266 562 0 7
1267 1573 0 10
1268 552 0 102
1269 3355 0 131
1270 596 0 16
1271 3212 0 10
1272 735 0 20
1273 3265 0 116
1274 220 0 11
1275 874 0 9
1276 411 0 25
1277 581 0 38
1278 1917 0 30
1279 3933 0 12
1280 524 0 7
1281 590 0 78
1282 1411 0 10
1283 1956 0 11
1284 834 0 8
1285 3369 0 11
1286 963 0 144
1287 1270 0 6
1288 5135 0 37
1289 1279 0 96
1290 7324 1 129
1291 550 0 11
1292 948 0 38
1293 1164 0 43
1294 965 0 18
1295 846 0 256
1296 2584 0 18
1297 1062 0 9
1298 750 0 317
1299 3124 0 17
1300 2295 0 32
1301 1169 0 73
1302 2794 0 189
1303 7050 0 8
1304 1506 0 141
1305 904 0 31
1306 12880 0 37
1307 1174 0 13
1308 680 0 137
1309 567 0 14
1310 136 0 7
1311 1572 0 23
1312 1343 0 51
1313 1466 0 9
1314 859 0 9
1315 1240 0 113
1316 989 0 134
1317 3326 0 11
1318 12844 0 130
1319 518 0 29
1320 649 0 12
1321 1481 0 39
1322 491 0 130
1323 997 0 25
1324 1415 0 9
1325 3340 0 30
1326 487 0 49
1327 1775 0 9
1328 749 0 69
1329 3167 0 11
1330 1944 0 19
1331 9981 0 18
1332 1292 0 37
1333 7873 0 14
1334 314 0 38
1335 1447 0 16
1336 1424 0 9
1337 7273 0 27
1338 2801 0 10
1339 1145 0 31
1340 12723 0 7
1341 13098 0 13
1342 1352 0 11
1343 713 0 25
1344 14372 0 9
1345 720 0 7
1346 1061 0 21
1347 258 1 17
1348 2904 0 10
1349 1566 0 14
1350 362 0 9
1351 1349 0 7
1352 1221 0 29
1353 539 0 26
1354 520 0 9
1355 768 0 10
1356 1316 0 9
1357 989 0 94
1358 414 0 8
1359 3335 0 10
1360 412 0 10
1361 5088 0 40
1362 1886 0 150
1363 172 0 179
1364 3169 0 19
1365 2574 0 69
1366 6240 0 24
1367 340 0 15
1368 165 1 0
1369 989 0 18
1370 840 0 218
1371 487 0 13
1372 1407 0 9
1373 1663 0 7
1374 692 0 136
1375 1518 0 7
1376 3177 0 40
1377 1170 0 13
1378 812 0 15
1379 1033 0 12
1380 2757 0 10
1381 2449 1 317
1382 772 0 13
1383 7051 0 230
1384 3155 0 10
1385 686 0 73
1386 2922 0 7
1387 391 0 8
1388 561 0 11
1389 1745 0 6
1390 22 0 208
1391 1201 0 87
1392 500 0 9
1393 188 0 11
1394 618 0 155
1395 937 0 72
1396 1538 0 10
1397 1402 0 90
1398 445 0 10
1399 1822 0 204
1400 3537 0 19
1401 1984 0 126
1402 3697 1 0
1403 1957 0 9
1404 373 0 7
1405 3320 0 2
1406 1252 0 21
1407 3926 0 10
1408 8895 1 0
1409 2993 0 8
1410 1179 0 15
1411 172 0 75
1412 2062 0 17
1413 1310 0 27
1414 13379 0 17
1415 7878 0 11
1416 271 0 39
1417 662 0 33
1418 6857 0 7
1419 1904 0 19
1420 516 0 14
1421 794 0 13
1422 1954 0 47
1423 1308 0 11
1424 698 0 8
1425 2909 1 7
1426 513 0 15
1427 1362 0 18
1428 1431 0 83
1429 837 0 109
1430 1084 0 46
1431 444 0 79
1432 1165 0 9
1433 240 0 10
1434 3211 0 11
1435 1140 0 42
1436 1005 0 11
1437 733 0 11
1438 1988 0 3
1439 2821 0 10
1440 766 0 31
1441 2882 0 71
1442 1095 0 38
1443 274 0 31
1444 1104 0 12
1445 778 0 67
1446 805 0 106
1447 2876 0 29
1448 880 1 452
1449 433 0 9
1450 201 0 13
1451 6183 0 11
1452 2931 0 151
1453 2246 0 12
1454 982 0 35
1455 1356 0 10
1456 989 0 185
1457 1300 0 50
1458 1535 0 25
1459 533 0 22
1460 1722 0 38
1461 436 0 12
1462 1056 1 6
1463 1023 0 31
1464 14922 0 58
1465 2857 0 11
1466 1965 0 67
1467 849 0 81
1468 975 0 8
1469 1429 0 126
1470 1713 1 41
1471 3164 0 136
1472 1963 0 17
1473 163 0 89
1474 3189 0 94
1475 1962 0 12
1476 1325 0 13
1477 3190 0 12
1478 714 0 37
1479 2471 0 18
1480 1339 0 12
1481 1311 0 7
1482 899 0 11
1483 1114 0 8
1484 1984 1 141
1485 3422 0 10
1486 2607 0 16
1487 1188 0 8
1488 7727 0 8
1489 1484 0 8
1490 2005 0 41
1491 279 0 103
1492 2532 1 478
1493 2104 0 8
1494 797 0 32
1495 1518 1 141
1496 1057 0 11
1497 1019 0 17
1498 1739 0 18
1499 776 0 9
1500 4229 0 14
1501 2416 0 38
1502 1513 0 11
1503 1635 0 398
1504 644 1 30
1505 1419 0 11
1506 1249 0 11
1507 3127 0 8
1508 11603 0 8
1509 1545 0 13
1510 644 0 70
1511 4793 0 11
1512 1965 0 98
1513 1293 0 39
1514 5041 0 66
1515 2921 0 86
1516 2517 0 32
1517 2062 0 14
1518 719 0 13
1519 1198 0 36
1520 709 0 73
1521 2828 0 197
1522 2119 0 11
1523 1095 0 12
1524 1381 0 10
1525 2476 0 11
1526 529 0 11
1527 1957 0 33
1528 1200 0 6
1529 2807 1 25
1530 569 0 9
1531 1900 0 107
1532 1720 0 38
1533 1377 0 36
1534 6833 0 172
1535 11797 0 7
1536 1989 1 0
1537 952 0 28
1538 1346 0 190
1539 1941 0 10
1540 2067 0 22
1541 6164 0 19
1542 1961 0 10
1543 2287 0 79
1544 460 0 12
1545 660 0 9
1546 341 0 8
1547 623 0 18
1548 2649 0 41
1549 479 0 13
1550 1618 0 10
1551 1817 0 99
1552 205 0 52
1553 1002 0 10
1554 1042 0 14
1555 11790 0 45
1556 1172 0 8
1557 1522 0 14
1558 5140 0 9
1559 545 0 49
1560 5063 0 22
1561 423 0 140
1562 2666 0 49
1563 1108 1 0
1564 1408 0 81
1565 21 0 11
1566 520 0 11
1567 946 0 342
1568 2361 0 25
1569 1946 0 15
1570 448 0 10
1571 914 0 11
1572 1378 0 8
1573 965 0 15
1574 1086 0 7
1575 408 0 10
1576 7826 0 10
1577 1976 0 11
1578 841 1 0
1579 641 0 54
1580 1378 0 21
1581 640 0 8
1582 2199 0 40
1583 181 0 11
1584 314 0 32
1585 2638 0 10
1586 1486 0 7
1587 720 0 29
1588 1572 0 222
1589 1806 0 13
1590 20 0 124
1591 742 0 33
1592 1554 0 6
1593 6149 0 15
1594 850 0 134
1595 2237 0 8
1596 159 0 13
1597 664 0 10
1598 8829 0 16
1599 2495 0 11
1600 9317 0 13
1601 1249 0 16
1602 635 0 14
1603 717 0 8
1604 1168 0 11
1605 2948 0 7
1606 1306 0 133
1607 1858 0 13
1608 1965 0 11
1609 1362 0 26
1610 1431 0 12
1611 1529 0 56
1612 2289 0 11
1613 1513 0 14
1614 950 0 236
1615 14375 0 51
1616 911 0 10
1617 930 0 31
1618 2947 0 9
1619 733 0 30
1620 553 0 68
1621 1960 0 20
1622 3217 0 12
1623 3255 0 11
1624 1108 0 10
1625 14 0 110
1626 670 0 61
1627 1283 0 25
1628 2785 0 19
1629 683 0 30
1630 2472 0 141
1631 2020 0 24
1632 3733 0 8
1633 2961 0 16
1634 2496 0 27
1635 1002 0 73
1636 1374 0 11
1637 490 0 18
1638 3315 0 13
1639 1346 0 222
1640 1272 0 15
1641 1974 0 54
1642 489 0 9
1643 1411 0 11
1644 424 0 10
1645 3163 1 0
1646 2517 0 9
1647 1197 0 71
1648 1072 1 25
1649 3763 0 25
1650 248 0 14
1651 5148 0 42
1652 7503 0 103
1653 1162 0 7
1654 1589 0 88
1655 1941 0 13
1656 1274 0 10
1657 423 0 13
1658 12141 0 141
1659 2728 0 7
1660 849 0 292
1661 12002 1 28
1662 468 0 7
1663 2866 0 12
1664 972 0 50
1665 989 0 16
1666 409 0 12
1667 1967 0 100
1668 1538 0 7
1669 7837 0 12
1670 998 0 39
1671 2883 0 7
1672 7473 0 12
1673 738 0 12
1674 2309 0 24
1675 5931 0 49
1676 961 0 15
1677 899 0 14
1678 423 0 35
1679 3141 0 10
1680 919 0 11
1681 475 0 62
1682 901 0 32
1683 658 0 140
1684 1364 0 11
1685 1267 0 12
1686 1351 0 8
1687 322 0 9
1688 2953 0 32
1689 3267 0 12
1690 3281 0 63
1691 1060 0 9
1692 513 0 117
1693 3036 0 36
1694 1238 0 16
1695 2606 0 16
1696 1582 0 8
1697 593 0 14
1698 1550 0 14
1699 552 0 9
1700 939 0 10
1701 1381 0 10
1702 1529 0 13
1703 535 0 54
1704 814 0 39
1705 168 0 26
1706 1382 0 8
1707 2436 0 51
1708 994 0 11
1709 978 0 34
1710 2185 1 34
1711 657 0 8
1712 180 0 11
1713 5062 0 18
1714 2493 0 74
1715 46 0 41
1716 3121 0 7
1717 6751 0 12
1718 553 0 194
1719 652 1 0
1720 803 0 30
1721 426 0 18
1722 1419 0 8
1723 2285 0 12
1724 1676 0 10
1725 1514 0 145
1726 472 0 9
1727 656 0 9
1728 178 0 137
1729 7927 0 128
1730 1209 0 29
1731 829 0 30
1732 1368 0 8
1733 930 0 46
1734 3167 0 11
1735 657 0 43
1736 884 0 240
1737 663 1 3
1738 2951 0 20
1739 592 0 78
1740 5983 0 13
1741 7332 0 103
1742 1134 0 32
1743 483 0 11
1744 1952 0 6
1745 380 0 11
1746 944 0 162
1747 2921 0 68
1748 6365 0 15
1749 3217 0 69
1750 2308 0 13
1751 610 1 0
1752 1978 0 13
1753 2509 0 8
1754 7547 0 13
1755 1661 0 11
1756 482 0 13
1757 974 0 42
1758 6733 0 138
1759 830 0 43
1760 617 0 11
1761 2083 0 165
1762 1265 0 13
1763 893 0 11
1764 650 0 9
1765 3141 0 25
1766 1271 0 10
1767 5125 0 27
1768 1325 0 13
1769 2549 0 98
1770 221 0 18
1771 911 0 8
1772 327 0 107
1773 8886 0 110
1774 2342 0 11
1775 2931 0 28
1776 165 0 19
1777 401 0 7
1778 3165 0 11
1779 13064 1 60
1780 1949 0 13
1781 231 0 18
1782 623 0 13
1783 3192 0 94
1784 1942 0 8
1785 651 0 12
1786 469 0 9
1787 2183 0 18
1788 812 0 11
1789 3371 0 15
1790 12798 0 8
1791 1528 0 42
1792 6769 0 19
1793 1516 0 68
1794 442 0 155
1795 2882 0 20
1796 2099 0 13
1797 866 0 100
1798 1275 0 10
1799 12480 0 10
1800 5901 0 120
1801 438 0 13
1802 1338 0 10
1803 881 0 10
1804 506 0 13
1805 1363 0 11
1806 2409 0 12
1807 480 0 55
1808 1518 0 12
1809 1429 0 10
1810 2040 0 29
1811 730 0 9
1812 977 0 12
1813 1016 0 18
1814 14715 0 11
1815 788 0 95
1816 7149 0 11
1817 3374 0 10
1818 435 0 8
1819 1113 0 16
1820 1951 0 70
1821 5027 0 10
1822 1417 0 219
1823 1094 0 2
1824 7409 0 134
1825 476 0 10
1826 698 0 13

5 1 678
33
1827 558 0 39
1828 198 0 40
1829 5114 0 30
1830 1026 0 240
1831 1215 0 22
1832 1973 0 59
1833 5062 0 6
1834 994 0 12
1835 2593 0 16
1836 620 0 95
1837 1083 0 252
1838 543 1 0
1839 3198 0 24
1840 1509 0 10
1841 1576 0 9
1842 6582 0 28
1843 613 0 8
1844 191 0 27
1845 3034 0 8
1846 2852 0 25
1847 143 0 97
1848 5025 0 5
1849 5097 0 30
1850 701 0 8
1851 12808 1 0
1852 1221 0 12
1853 453 1 93
1854 1143 0 231
1855 16675 0 40
1856 1538 0 7
1857 695 0 8
1858 1351 0 29
1859 1930 0 6

6 1 679
132
1860 721 0 154
1861 1964 0 8
1862 1325 0 40
1863 1988 0 18
1864 1395 0 53
1865 279 0 46
1866 7357 0 38
1867 1009 0 11
1868 1023 0 11
1869 972 0 310
1870 1184 0 21
1871 205 0 74
1872 6951 0 37
1873 8839 0 11
1874 761 0 40
1875 1514 1 0
1876 3233 0 163
1877 1647 0 6
1878 7314 0 45
1879 1847 0 20
1880 941 0 131
1881 2488 0 32
1882 9979 0 13
1883 1506 0 13
1884 581 0 11
1885 475 0 47
1886 557 0 158
1887 1722 0 46
1888 1274 0 12
1889 3932 0 7
1890 7048 0 11
1891 1038 0 8
1892 1425 0 11
1893 1123 0 8
1894 2574 0 11
1895 1687 0 44
1896 2017 0 15
1897 13215 0 11
1898 1347 0 13
1899 1210 0 30
1900 1282 0 15
1901 14743 0 147
1902 1729 0 9
1903 994 0 11
1904 2340 0 8
1905 1991 0 25
1906 1136 0 10
1907 389 0 21
1908 446 0 39
1909 1114 0 12
1910 1094 0 8
1911 1431 0 9
1912 1921 0 204
1913 6951 0 17
1914 2939 1 0
1915 3215 0 13
1916 1157 0 19
1917 1742 0 12
1918 2860 0 70
1919 1528 0 99
1920 499 0 19
1921 1298 0 13
1922 3256 0 7
1923 474 0 36
1924 1166 0 8
1925 823 1 0
1926 1845 0 15
1927 1863 0 11
1928 3372 0 11
1929 1962 0 11
1930 8907 0 13
1931 346 0 118
1932 2941 0 108
1933 725 0 6
1934 1188 0 17
1935 17619 0 11
1936 949 0 11
1937 1250 0 9
1938 3173 1 0
1939 1572 0 34
1940 3378 0 23
1941 755 0 16
1942 884 1 1
1943 5038 0 40
1944 3147 0 9
1945 1273 0 11
1946 1032 0 10
1947 9595 0 8
1948 5610 0 81
1949 1513 1 0
1950 442 0 18
1951 164 0 13
1952 1113 0 9
1953 1134 0 12
1954 1366 0 39
1955 561 0 9
1956 1941 0 139
1957 443 0 7
1958 6873 0 13
1959 1187 0 43
1960 1698 0 54
1961 1357 1 566
1962 284 0 216
1963 7553 0 11
1964 1236 0 7
1965 873 0 87
1966 1117 0 71
1967 1235 0 32
1968 716 0 20
1969 745 0 8
1970 1027 0 49
1971 2252 0 7
1972 494 0 72
1973 250 0 13
1974 1509 0 10
1975 1191 0 73
1976 1989 0 18
1977 1763 0 36
1978 1232 0 15
1979 3587 0 9
1980 1223 0 9
1981 1530 0 45
1982 1098 0 108
1983 3371 0 13
1984 1307 0 72
1985 676 0 10
1986 2411 0 12
1987 1306 0 262
1988 247 0 9
1989 1006 0 9
1990 12622 0 52
1991 3103 0 13

7 1 682
500
1992 1159 0 19
1993 1850 0 7
1994 3388 0 10
1995 989 0 28
1996 1267 0 14
1997 959 0 83
1998 1730 0 12
1999 1906 0 37
2000 555 0 99
2001 5956 0 25
2002 440 0 12
2003 826 0 11
2004 7572 0 79
2005 1190 0 13
2006 3750 0 44
2007 3299 0 18
2008 204 0 20
2009 1733 0 210
2010 1334 0 37
2011 575 0 10
2012 2475 0 12
2013 1713 0 10
2014 3015 0 9
2015 442 0 66
2016 937 0 38
2017 1518 0 111
2018 750 0 42
2019 1506 0 34
2020 2911 0 15
2021 1450 0 45
2022 813 1 0
2023 1431 0 64
2024 7312 0 19
2025 7812 0 15
2026 896 0 16
2027 989 0 10
2028 3081 0 37
2029 1344 0 13
2030 3283 0 15
2031 181 0 73
2032 175 0 70
2033 442 1 0
2034 2825 0 144
2035 7352 0 24
2036 1431 0 150
2037 2333 0 18
2038 911 0 13
2039 3140 0 42
2040 12506 0 6
2041 1530 0 28
2042 2431 0 70
2043 3141 0 171
2044 1121 0 38
2045 1339 0 18
2046 1328 0 12
2047 5124 0 11
2048 915 0 9
2049 1032 0 38
2050 1306 0 7
2051 688 0 13
2052 3381 0 30
2053 3357 0 7
2054 1096 0 9
2055 208 0 50
2056 6469 0 9
2057 982 0 14
2058 1409 0 32
2059 1886 0 40
2060 532 0 11
2061 906 0 8
2062 469 0 9
2063 564 0 144
2064 1332 0 19
2065 1933 0 28
2066 990 0 216
2067 5136 0 9
2068 353 0 8
2069 1981 0 33
2070 1979 0 11
2071 1137 0 13
2072 1003 0 88
2073 782 0 11
2074 713 0 10
2075 739 0 80
2076 1511 0 11
2077 6207 0 617
2078 6010 0 11
2079 807 0 9
2080 789 0 8
2081 6189 0 8
2082 1058 0 10
2083 731 0 11
2084 1031 0 44
2085 956 0 11
2086 1330 0 18
2087 3231 0 19
2088 910 0 79
2089 1121 0 10
2090 5010 0 13
2091 7292 0 14
2092 174 0 7
2093 16939 1 0
2094 774 1 0
2095 1756 0 13
2096 1983 0 42
2097 604 0 39
2098 411 0 133
2099 511 0 166
2100 999 0 9
2101 1021 0 16
2102 6129 0 11
2103 6797 0 10
2104 3376 0 11
2105 989 0 17
2106 507 0 43
2107 337 0 21
2108 1416 0 71
2109 12828 0 52
2110 1882 0 8
2111 1173 0 69
2112 730 0 8
2113 1511 0 22
2114 648 0 11
2115 1089 0 16
2116 3757 0 8
2117 5055 0 144
2118 207 0 11
2119 24 1 41
2120 12496 0 65
2121 2952 0 10
2122 1409 0 67
2123 648 0 139
2124 4251 0 25
2125 16645 0 11
2126 470 0 8
2127 759 0 10
2128 2060 0 10
2129 970 0 12
2130 565 0 9
2131 308 0 13
2132 989 0 35
2133 1985 0 25
2134 1510 0 11
2135 515 0 11
2136 6218 0 182
2137 538 0 8
2138 2967 0 10
2139 993 0 12
2140 1959 0 142
2141 1367 0 7
2142 930 0 19
2143 786 0 128
2144 985 0 143
2145 2575 0 7
2146 1284 0 18
2147 269 0 20
2148 985 0 63
2149 7666 0 10
2150 16496 0 20
2151 3225 0 13
2152 9364 0 10
2153 1209 0 13
2154 3172 0 9
2155 1530 0 7
2156 490 0 168
2157 1311 0 2
2158 3325 0 32
2159 5044 0 24
2160 1359 0 24
2161 3333 0 20
2162 989 0 10
2163 7387 0 42
2164 2432 0 45
2165 5077 0 9
2166 1604 0 11
2167 849 0 263
2168 1339 0 8
2169 1115 0 40
2170 1332 0 10
2171 5134 0 41
2172 3215 0 11
2173 989 0 30
2174 6219 0 84
2175 1090 0 10
2176 1843 0 9
2177 7295 0 111
2178 5084 0 10
2179 1498 0 6
2180 3364 0 10
2181 6954 0 8
2182 1083 0 77
2183 984 1 0
2184 170 0 18
2185 2427 0 18
2186 843 0 12
2187 7468 0 11
2188 1429 0 58
2189 1250 0 10
2190 1109 0 73
2191 608 0 11
2192 2787 0 50
2193 1518 0 52
2194 5084 0 42
2195 267 0 14
2196 2605 0 208
2197 3292 0 31
2198 1251 0 8
2199 1286 1 6
2200 216 0 101
2201 1169 0 9
2202 2875 1 100
2203 5083 0 17
2204 192 0 28
2205 750 0 8
2206 1401 0 11
2207 900 0 19
2208 486 0 18
2209 350 0 39
2210 3145 0 47
2211 1744 0 15
2212 2722 0 15
2213 1190 0 18
2214 1214 0 10
2215 1502 0 9
2216 1734 0 9
2217 2267 0 33
2218 7343 0 47
2219 964 0 24
2220 682 0 10
2221 989 0 17
2222 1241 1 30
2223 3506 0 18
2224 485 1 0
2225 1056 0 11
2226 2960 0 16
2227 1261 0 9
2228 1990 0 11
2229 1949 0 11
2230 1312 0 12
2231 485 0 16
2232 1294 0 8
2233 1399 0 19
2234 1210 0 10
2235 2757 0 10
2236 1096 0 91
2237 1410 0 10
2238 3147 0 9
2239 2958 0 8
2240 2322 0 134
2241 2160 0 73
2242 1351 0 11
2243 4 0 36
2244 757 0 11
2245 3212 0 110
2246 1954 0 11
2247 239 0 8
2248 3480 0 8
2249 465 0 10
2250 1484 0 63
2251 1949 0 13
2252 669 0 9
2253 1431 0 19
2254 1671 0 20
2255 1242 0 29
2256 893 0 24
2257 1374 0 8
2258 272 0 9
2259 2201 0 37
2260 11879 0 19
2261 503 0 11
2262 6208 0 16
2263 859 0 18
2264 557 0 12
2265 369 0 82
2266 659 0 6
2267 2618 0 29
2268 1203 0 12
2269 310 0 14
2270 3019 0 13
2271 1252 0 110
2272 1525 0 7
2273 7473 0 46
2274 517 1 122
2275 184 1 40
2276 184 0 55
2277 1703 0 12
2278 3334 0 11
2279 5065 0 40
2280 1378 0 7
2281 3194 0 16
2282 689 0 20
2283 1513 0 68
2284 888 0 13
2285 2206 0 10
2286 3178 0 11
2287 6122 0 7
2288 332 0 51
2289 599 0 12
2290 5031 0 17
2291 1302 0 12
2292 395 1 0
2293 207 0 31
2294 983 0 12
2295 1530 0 63
2296 391 0 12
2297 9303 0 60
2298 853 0 13
2299 9984 0 149
2300 473 0 36
2301 1147 0 76
2302 2750 0 10
2303 1107 0 34
2304 695 0 72
2305 700 0 20
2306 2301 0 83
2307 755 0 19
2308 1415 0 394
2309 1582 0 8
2310 3013 0 15
2311 2601 0 8
2312 989 0 10
2313 729 0 113
2314 917 0 224
2315 536 0 3
2316 5774 0 16
2317 7796 0 32
2318 12594 0 12
2319 2086 0 19
2320 1183 0 2
2321 640 0 10
2322 960 0 45
2323 3797 0 21
2324 1183 0 67
2325 1212 0 11
2326 601 0 11
2327 694 0 35
2328 3709 0 66
2329 677 0 8
2330 433 0 79
2331 1498 0 13
2332 695 0 10
2333 2024 1 0
2334 605 0 114
2335 1955 0 9
2336 831 0 9
2337 1431 0 13
2338 3250 0 9
2339 1227 0 14
2340 927 0 49
2341 1551 0 11
2342 594 0 13
2343 2212 0 8
2344 2008 0 10
2345 1568 0 9
2346 2555 0 14
2347 895 0 11
2348 3197 0 32
2349 2886 0 48
2350 7039 0 43
2351 1091 0 48
2352 1279 0 12
2353 1312 0 34
2354 1086 1 516
2355 1660 1 20
2356 1688 0 44
2357 365 0 15
2358 902 0 7
2359 2047 0 12
2360 442 0 21
2361 518 0 13
2362 1304 0 11
2363 478 0 66
2364 1933 0 190
2365 6743 0 8
2366 1927 0 12
2367 518 0 156
2368 1531 0 11
2369 3721 0 16
2370 2886 0 30
2371 937 0 8
2372 1053 0 9
2373 5105 0 78
2374 727 0 9
2375 7966 0 13
2376 1426 0 10
2377 1935 0 9
2378 6737 1 33
2379 1507 0 24
2380 12528 0 13
2381 188 0 50
2382 717 0 1
2383 1992 0 10
2384 1990 0 143
2385 506 0 58
2386 3306 0 162
2387 499 0 13
2388 888 0 27
2389 1163 0 7
2390 1230 0 68
2391 1512 0 13
2392 1875 0 28
2393 829 0 7
2394 1440 0 66
2395 1342 0 9
2396 3619 0 22
2397 346 0 9
2398 458 0 13
2399 1653 0 37
2400 716 0 145
2401 13064 0 13
2402 1845 0 140
2403 502 0 37
2404 17474 0 0
2405 1076 0 37
2406 597 0 30
2407 2548 0 17
2408 3226 0 28
2409 602 0 9
2410 1271 0 10
2411 1988 0 88
2412 858 0 9
2413 240 0 18
2414 1274 1 13
2415 442 0 38
2416 863 0 19
2417 426 0 12
2418 1300 0 10
2419 2142 0 26
2420 2845 0 16
2421 402 0 151
2422 1126 0 12
2423 946 0 10
2424 1842 0 11
2425 1015 0 19
2426 426 0 20
2427 1268 0 7
2428 171 0 13
2429 918 0 13
2430 5091 1 0
2431 855 0 16
2432 8843 0 8
2433 533 0 13
2434 976 0 57
2435 1427 0 31
2436 1427 0 9
2437 868 0 43
2438 921 0 133
2439 1998 0 10
2440 998 0 20
2441 627 0 8
2442 704 0 18
2443 2057 0 32
2444 2814 0 129
2445 2431 0 15
2446 1951 0 12
2447 5038 0 12
2448 2535 0 110
2449 1361 0 40
2450 5038 0 7
2451 5088 0 10
2452 11483 0 19
2453 3233 0 9
2454 1396 0 13
2455 1151 0 11
2456 526 0 7
2457 884 0 6
2458 3444 0 22
2459 5045 0 8
2460 4999 0 14
2461 3494 0 39
2462 598 0 142
2463 647 0 425
2464 1362 0 372
2465 3605 0 96
2466 1076 0 9
2467 1351 0 11
2468 12718 1 303
2469 163 0 42
2470 750 0 13
2471 1076 1 0
2472 440 0 144
2473 1076 0 37
2474 2504 0 10
2475 1232 0 11
2476 108 0 12
2477 751 0 13
2478 277 0 13
2479 2130 0 32
2480 2108 0 6
2481 1187 0 8
2482 561 0 13
2483 3345 0 45
2484 5130 0 132
2485 2083 0 11
2486 599 0 9
2487 2105 0 28
2488 188 0 16
2489 8839 0 62
2490 327 0 7
2491 7661 0 39

8 0 968
6
2492 356 0 13
2493 5101 0 23
2494 2671 0 46
2495 3222 0 85
2496 3323 0 26
2497 1520 0 11

9 1 971
54
2498 1933 0 40
2499 445 0 12
2500 1522 0 10
2501 1229 1 517
2502 1083 0 28
2503 1138 0 14
2504 1057 0 9
2505 2815 0 16
2506 1251 0 28
2507 402 0 15
2508 3163 0 15
2509 3342 0 8
2510 1376 0 12
2511 2420 0 145
2512 1297 0 11
2513 989 0 7
2514 4163 0 9
2515 1401 0 56
2516 1399 0 54
2517 933 0 13
2518 296 0 72
2519 625 0 13
2520 427 0 9
2521 605 0 12
2522 1969 0 29
2523 1144 0 10
2524 2564 0 7
2525 989 0 39
2526 869 0 15
2527 797 0 7
2528 550 0 11
2529 426 0 16
2530 3380 0 31
2531 5079 0 18
2532 6174 0 14
2533 1022 0 11
2534 11792 0 8
2535 1154 0 49
2536 1254 0 380
2537 869 0 14
2538 2465 0 11
2539 7536 0 9
2540 1518 0 56
2541 1059 0 9
2542 607 0 10
2543 1932 0 46
2544 591 0 9
2545 2544 0 12
2546 1062 0 6
2547 7289 0 215
2548 1134 0 37
2549 1574 0 7
2550 533 0 155
2551 3217 0 51

10 1 982
52
2552 5007 0 9
2553 781 0 66
2554 502 0 24
2555 3229 0 13
2556 5062 0 37
2557 1081 0 260
2558 240 0 11
2559 891 0 12
2560 518 0 54
2561 517 0 39
2562 493 0 49
2563 475 0 149
2564 648 0 13
2565 513 0 33
2566 1531 0 13
2567 2795 0 14
2568 246 0 34
2569 1217 0 11
2570 3267 0 51
2571 693 1 375
2572 2546 0 129
2573 986 0 16
2574 12749 0 37
2575 1280 0 8
2576 2340 0 29
2577 1605 0 11
2578 1820 0 8
2579 1079 0 17
2580 581 0 11
2581 1727 0 11
2582 5087 1 0
2583 2876 0 163
2584 3254 0 7
2585 2568 0 11
2586 2253 0 929
2587 1071 0 39
2588 1705 0 39
2589 1971 0 27
2590 28 0 9
2591 812 0 12
2592 1619 0 14
2593 1348 0 76
2594 297 0 20
2595 603 0 6
2596 5961 1 27
2597 7406 0 10
2598 924 0 11
2599 928 0 7
2600 267 0 10
2601 971 0 13
2602 1309 0 13
2603 7678 0 71

11 0 996
7
2604 571 0 27
2605 5159 0 9
2606 602 0 10
2607 891 1 18
2608 2093 0 8
2609 1579 0 13
2610 1956 0 11

12 1 1446
33
2611 535 0 10
2612 1052 0 11
2613 734 0 150
2614 1734 0 37
2615 1883 0 16
2616 815 0 99
2617 1839 0 10
2618 989 0 32
2619 710 0 12
2620 1111 0 10
2621 823 0 13
2622 136 0 42
2623 7959 0 10
2624 1413 0 35
2625 13078 0 11
2626 733 0 34
2627 1974 0 30
2628 824 0 18
2629 7676 0 11
2630 1708 0 72
2631 2327 0 17
2632 1506 0 8
2633 622 0 108
2634 2314 0 26
2635 1275 0 27
2636 7273 0 11
2637 758 0 13
2638 1117 0 12
2639 623 0 54
2640 1278 0 12
2641 14375 0 16
2642 1430 0 75
2643 613 0 12

13 1 1450
4
2644 2300 0 290
2645 1417 0 71
2646 1304 0 18
2647 991 0 29

14 1 1452
24
2648 1776 0 19
2649 825 0 32
2650 1226 0 18
2651 2605 0 16
2652 209 0 29
2653 12911 0 37
2654 7601 0 13
2655 3635 0 8
2656 5024 1 0
2657 325 0 7
2658 1214 0 16
2659 1051 0 13
2660 5139 0 13
2661 2748 0 18
2662 795 0 41
2663 352 0 138
2664 644 0 38
2665 2194 0 7
2666 207 0 166
2667 1009 0 30
2668 975 0 10
2669 1135 0 9
2670 1374 0 10
2671 595 0 87

15 1 1458
24
2672 2604 0 43
2673 1980 0 12
2674 982 0 13
2675 5018 0 25
2676 1983 0 109
2677 4105 0 41
2678 8886 0 38
2679 466 0 8
2680 651 0 114
2681 1858 0 76
2682 5098 0 13
2683 7746 0 125
2684 435 0 139
2685 1624 0 9
2686 3099 0 10
2687 559 0 171
2688 959 0 173
2689 3174 0 32
2690 1633 0 40
2691 2305 0 12
2692 2513 0 12
2693 217 0 9
2694 1398 0 9
2695 331 0 63

16 1 1462
1258
2696 793 0 9
2697 2043 0 11
2698 1198 0 25
2699 3258 0 35
2700 488 0 158
2701 4029 0 11
2702 1246 0 11
2703 1222 0 60
2704 14927 0 68
2705 1368 0 13
2706 1311 0 9
2707 1958 0 8
2708 1528 0 11
2709 434 0 12
2710 1206 0 7
2711 919 0 11
2712 3081 0 37
2713 989 0 11
2714 1096 0 161
2715 882 0 10
2716 1384 0 110
2717 643 0 6
2718 841 0 90
2719 6728 0 11
2720 5050 0 11
2721 573 0 8
2722 3266 0 7
2723 2051 0 12
2724 492 0 11
2725 5009 0 14
2726 3233 0 20
2727 2868 0 81
2728 2351 0 10
2729 376 0 17
2730 12901 0 9
2731 2271 0 12
2732 1268 0 34
2733 1516 0 77
2734 790 0 78
2735 290 0 73
2736 3329 0 74
2737 563 0 19
2738 2332 0 9
2739 1070 0 11
2740 1022 0 11
2741 2323 0 71
2742 1891 0 16
2743 996 0 10
2744 197 0 7
2745 1248 0 10
2746 618 0 133
2747 9630 0 13
2748 1390 0 97
2749 1979 0 10
2750 1408 0 8
2751 1122 0 617
2752 619 0 40
2753 1528 0 147
2754 807 0 12
2755 570 0 13
2756 1354 0 31
2757 1978 0 12
2758 317 0 8
2759 679 0 47
2760 265 0 10
2761 1239 0 344
2762 616 0 11
2763 989 0 37
2764 613 0 9
2765 815 0 15
2766 7823 0 7
2767 3160 0 10
2768 3142 0 19
2769 787 0 7
2770 1263 0 78
2771 1946 0 52
2772 1346 0 99
2773 787 0 11
2774 1851 0 8
2775 1293 0 12
2776 1145 0 9
2777 3405 0 95
2778 539 0 13
2779 286 1 453
2780 623 0 36
2781 954 0 162
2782 3378 0 14
2783 98 0 12
2784 698 0 52
2785 777 0 6
2786 414 1 21
2787 584 0 32
2788 3322 0 20
2789 495 0 11
2790 8 0 7
2791 1852 0 12
2792 1779 0 150
2793 21 0 7
2794 1784 0 8
2795 1107 0 9
2796 2446 0 11
2797 737 0 12
2798 1196 0 85
2799 478 0 41
2800 258 0 133
2801 266 0 13
2802 1348 0 12
2803 477 0 11
2804 1511 0 72
2805 2901 0 220
2806 1664 0 18
2807 815 1 516
2808 2891 0 12
2809 627 0 16
2810 898 0 14
2811 12665 0 29
2812 1070 0 6
2813 1713 0 215
2814 208 0 8
2815 1056 0 10
2816 1965 0 10
2817 2002 0 26
2818 3361 0 24
2819 1022 0 6
2820 1284 0 13
2821 1121 0 13
2822 2490 0 23
2823 949 0 82
2824 9367 1 25
2825 2760 0 24
2826 1950 0 27
2827 7184 0 11
2828 527 0 11
2829 1235 0 10
2830 1847 0 12
2831 2520 0 39
2832 3209 0 110
2833 6617 0 12
2834 1303 0 7
2835 876 0 74
2836 1951 0 50
2837 1002 0 16
2838 673 0 10
2839 3167 0 9
2840 620 0 16
2841 3554 0 10
2842 1964 0 20
2843 381 0 110
2844 3354 0 12
2845 14552 0 22
2846 1033 0 41
2847 5867 0 30
2848 3310 0 12
2849 316 0 7
2850 1373 0 22
2851 2952 0 2
2852 6735 0 65
2853 2943 0 32
2854 1009 0 38
2855 1533 0 97
2856 376 0 69
2857 3553 0 32
2858 2453 0 0
2859 3373 0 9
2860 894 0 9
2861 1554 0 36
2862 194 0 12
2863 1287 0 101
2864 1019 0 20
2865 1188 0 21
2866 2039 0 18
2867 1472 0 12
2868 12813 0 23
2869 539 0 16
2870 1537 0 13
2871 1338 0 15
2872 1987 0 10
2873 226 0 6
2874 1977 0 12
2875 915 0 8
2876 17146 0 33
2877 1326 0 13
2878 5125 0 137
2879 1701 0 16
2880 2537 0 16
2881 818 0 9
2882 686 0 6
2883 6764 0 10
2884 720 0 12
2885 692 0 374
2886 5157 0 12
2887 1544 0 11
2888 3868 0 42
2889 848 0 266
2890 7942 0 9
2891 933 0 19
2892 1091 0 14
2893 1969 0 18
2894 3148 0 24
2895 1164 0 30
2896 1119 0 10
2897 1966 0 16
2898 573 0 10
2899 1809 0 68
2900 2240 0 14
2901 679 0 72
2902 1436 0 9
2903 1959 0 12
2904 474 0 112
2905 819 0 2
2906 582 0 67
2907 2843 0 12
2908 3267 0 9
2909 2152 0 100
2910 409 0 11
2911 1516 0 9
2912 3064 0 13
2913 1793 0 14
2914 7473 0 19
2915 832 0 11
2916 660 0 12
2917 1513 0 9
2918 1407 0 13
2919 3141 0 74
2920 237 0 56
2921 552 0 10
2922 1966 0 63
2923 565 0 17
2924 853 0 98
2925 12224 0 49
2926 2566 0 13
2927 1516 0 9
2928 597 0 128
2929 297 0 16
2930 14110 0 18
2931 1462 0 166
2932 458 0 18
2933 389 0 17
2934 1133 0 7
2935 871 0 7
2936 793 0 11
2937 483 0 97
2938 1334 0 11
2939 5017 0 10
2940 2919 0 12
2941 10582 1 0
2942 791 0 12
2943 2394 0 9
2944 222 0 12
2945 5047 0 20
2946 704 0 11
2947 613 0 7
2948 3250 0 154
2949 3318 0 7
2950 267 1 61
2951 1977 0 15
2952 767 0 12
2953 1779 0 20
2954 1957 0 13
2955 2601 0 13
2956 812 0 71
2957 2166 0 10
2958 414 0 6
2959 8265 0 13
2960 922 0 151
2961 13 0 8
2962 2022 0 10
2963 1055 0 11
2964 888 0 95
2965 369 0 38
2966 1504 0 240
2967 1123 0 11
2968 487 0 12
2969 2663 0 13
2970 1557 0 7
2971 701 0 6
2972 1143 0 19
2973 824 0 12
2974 1368 0 9
2975 201 0 13
2976 603 0 42
2977 2942 0 78
2978 1076 0 44
2979 1458 0 145
2980 1158 0 17
2981 1381 0 89
2982 692 0 16
2983 1764 0 23
2984 1984 0 9
2985 2496 0 88
2986 733 0 11
2987 226 0 88
2988 1276 0 49
2989 171 0 9
2990 174 0 10
2991 1085 0 11
2992 1066 0 34
2993 6898 0 10
2994 1249 0 29
2995 2799 0 82
2996 3291 0 129
2997 1340 0 192
2998 1121 0 14
2999 1516 0 9
3000 537 0 10
3001 921 0 11
3002 1293 1 155
3003 1352 0 12
3004 202 0 221
3005 815 0 15
3006 924 0 31
3007 165 0 59
3008 657 0 10
3009 1316 0 12
3010 1958 0 36
3011 1784 0 8
3012 5047 0 9
3013 1946 0 55
3014 8209 0 135
3015 1256 0 22
3016 1099 0 12
3017 764 0 12
3018 1080 0 23
3019 331 0 11
3020 6360 0 7
3021 273 0 2
3022 656 0 0
3023 3198 0 52
3024 1953 0 6
3025 788 0 19
3026 854 0 41
3027 570 0 8
3028 729 0 42
3029 1194 0 7
3030 1876 0 10
3031 436 0 11
3032 255 1 16
3033 464 0 59
3034 5036 1 597
3035 691 1 19
3036 154 0 8
3037 856 1 199
3038 1431 0 13
3039 2507 0 7
3040 1224 0 21
3041 1978 0 12
3042 800 0 18
3043 233 0 19
3044 1742 0 10
3045 1161 0 11
3046 1189 0 14
3047 590 0 7
3048 5013 0 8
3049 1513 0 74
3050 1964 0 13
3051 1369 0 146
3052 2808 0 13
3053 1397 0 21
3054 241 0 14
3055 1082 0 9
3056 201 0 8
3057 881 0 44
3058 8821 0 65
3059 1147 0 32
3060 733 0 7
3061 2148 0 24
3062 1220 0 15
3063 1388 0 83
3064 922 0 9
3065 1055 0 10
3066 816 0 8
3067 1647 0 83
3068 1283 0 9
3069 8206 0 10
3070 1614 0 22
3071 658 0 89
3072 1108 0 187
3073 756 0 55
3074 3251 1 0
3075 1217 0 9
3076 1113 0 34
3077 1967 0 11
3078 1111 0 71
3079 198 0 8
3080 1022 0 781
3081 7300 0 9
3082 578 0 99
3083 850 0 85
3084 960 0 12
3085 1534 0 23
3086 871 0 10
3087 1027 0 13
3088 1683 0 37
3089 7357 0 8
3090 459 0 29
3091 1748 0 13
3092 3278 0 79
3093 2850 0 12
3094 608 0 6
3095 1090 0 39
3096 512 0 70
3097 462 0 27
3098 955 0 178
3099 821 0 12
3100 6770 0 17
3101 591 0 8
3102 1290 0 12
3103 1426 0 11
3104 516 0 13
3105 987 0 142
3106 2564 0 23
3107 1242 0 10
3108 2934 0 14
3109 2581 1 0
3110 1947 0 7
3111 906 1 45
3112 1070 0 16
3113 719 0 37
3114 1401 0 42
3115 3157 0 9
3116 989 0 7
3117 602 0 10
3118 844 1 100
3119 828 1 377
3120 1401 0 71
3121 9590 0 13
3122 2501 0 10
3123 497 0 9
3124 80 0 15
3125 613 0 63
3126 6459 0 16
3127 836 0 71
3128 8489 0 20
3129 598 0 17
3130 376 0 13
3131 553 0 19
3132 7574 0 129
3133 1758 0 15
3134 6961 0 8
3135 1945 0 10
3136 773 0 15
3137 672 0 71
3138 883 0 12
3139 1719 0 9
3140 1725 0 13
3141 494 0 90
3142 233 0 111
3143 6366 0 7
3144 687 0 10
3145 889 0 10
3146 2647 0 102
3147 822 0 7
3148 1958 0 38
3149 320 0 41
3150 1117 0 412
3151 939 0 15
3152 1345 0 42
3153 1326 0 13
3154 262 0 27
3155 1617 0 14
3156 424 0 14
3157 771 0 8
3158 1161 0 13
3159 1707 0 9
3160 1475 0 12
3161 1209 0 617
3162 723 0 8
3163 2541 0 40
3164 2359 0 13
3165 2796 0 96
3166 13064 0 56
3167 542 0 43
3168 2348 0 10
3169 1508 0 47
3170 2603 0 242
3171 1271 0 10
3172 867 0 8
3173 17486 0 7
3174 2083 1 0
3175 3372 0 40
3176 985 0 14
3177 413 0 8
3178 2158 0 122
3179 1277 0 37
3180 3363 0 13
3181 1437 0 12
3182 1837 0 30
3183 106 0 42
3184 1412 0 11
3185 5009 0 26
3186 5797 0 14
3187 1163 0 134
3188 574 0 8
3189 864 0 335
3190 1513 0 16
3191 1517 0 82
3192 1728 0 16
3193 1831 0 8
3194 1311 0 8
3195 813 0 27
3196 1377 0 10
3197 1181 0 10
3198 423 0 223
3199 671 0 7
3200 2985 0 11
3201 1554 0 8
3202 1171 0 8
3203 1688 0 37
3204 442 0 7
3205 1310 0 9
3206 874 0 10
3207 1365 0 12
3208 269 0 70
3209 1419 0 64
3210 1148 0 13
3211 2902 0 11
3212 446 0 11
3213 3335 0 116
3214 973 0 7
3215 1940 0 13
3216 1579 0 48
3217 7371 0 7
3218 1132 0 2
3219 857 0 9
3220 1686 0 68
3221 2125 0 107
3222 5125 0 71
3223 887 0 11
3224 321 0 8
3225 2922 0 13
3226 13029 0 142
3227 1412 0 9
3228 655 0 41
3229 1165 0 17
3230 6778 1 163
3231 2408 0 90
3232 597 0 76
3233 578 0 17
3234 2421 0 10
3235 1831 0 24
3236 623 0 9
3237 727 0 40
3238 2018 0 221
3239 1356 0 67
3240 1064 0 14
3241 2160 0 33
3242 3234 0 46
3243 1259 0 14
3244 1038 0 22
3245 989 0 17
3246 6191 0 79
3247 4998 0 132
3248 677 1 473
3249 628 0 10
3250 594 0 9
3251 660 0 24
3252 751 0 23
3253 485 0 9
3254 5154 0 9
3255 2330 0 9
3256 298 0 10
3257 1388 0 11
3258 3152 0 10
3259 3114 0 71
3260 441 0 129
3261 2986 0 19
3262 1619 0 11
3263 694 0 10
3264 1082 0 8
3265 402 0 15
3266 255 0 30
3267 1419 1 0
3268 336 0 7
3269 245 0 18
3270 551 0 34
3271 634 0 15
3272 368 0 18
3273 1958 0 12
3274 802 0 352
3275 911 0 25
3276 245 0 51
3277 11645 0 22
3278 1115 0 6
3279 1398 0 152
3280 645 0 14
3281 3140 0 16
3282 845 0 37
3283 1429 0 11
3284 2801 0 153
3285 405 0 34
3286 542 0 156
3287 1866 0 71
3288 944 0 174
3289 897 0 13
3290 1976 0 99
3291 1195 0 133
3292 868 0 11
3293 927 0 35
3294 3191 0 19
3295 2325 0 9
3296 1959 0 29
3297 1944 0 11
3298 825 0 15
3299 2488 0 11
3300 1224 0 11
3301 1419 0 42
3302 1129 0 13
3303 1533 1 599
3304 1707 0 18
3305 125 0 22
3306 544 0 12
3307 1986 0 11
3308 939 0 12
3309 306 0 10
3310 925 0 53
3311 685 0 14
3312 958 0 7
3313 2732 0 8
3314 1418 0 66
3315 2937 0 9
3316 673 0 62
3317 7498 0 13
3318 5068 0 7
3319 551 1 17
3320 1651 0 24
3321 780 0 8
3322 627 0 31
3323 2805 1 0
3324 6924 0 12
3325 856 0 13
3326 8187 0 50
3327 3378 0 36
3328 7940 0 161
3329 6366 0 21
3330 2185 0 14
3331 1691 0 13
3332 1421 0 7
3333 1241 0 7
3334 638 0 131
3335 750 0 11
3336 1006 0 9
3337 3278 0 9
3338 2206 0 15
3339 3159 0 332
3340 177 0 8
3341 3372 0 7
3342 960 0 27
3343 2829 0 132
3344 2331 0 73
3345 7251 0 27
3346 1106 0 13
3347 578 0 165
3348 989 0 16
3349 1642 0 19
3350 603 0 34
3351 1153 0 21
3352 771 0 45
3353 1227 0 11
3354 5028 0 266
3355 1941 0 10
3356 7591 0 27
3357 927 0 13
3358 3165 0 116
3359 11515 0 24
3360 2938 0 54
3361 2773 0 7
3362 737 0 9
3363 881 0 13
3364 1801 0 35
3365 3555 0 163
3366 1405 0 12
3367 164 0 16
3368 1771 0 117
3369 684 0 5
3370 1429 0 86
3371 1347 0 12
3372 2893 0 12
3373 414 0 31
3374 574 0 11
3375 284 0 38
3376 773 0 94
3377 200 0 12
3378 1958 0 11
3379 517 0 13
3380 6093 0 10
3381 3211 0 143
3382 1109 0 6
3383 3717 0 28
3384 480 0 224
3385 6125 0 71
3386 345 0 6
3387 1156 0 38
3388 989 0 67
3389 844 0 9
3390 1524 0 21
3391 436 0 7
3392 1114 0 18
3393 1161 0 20
3394 2908 0 207
3395 633 0 12
3396 703 0 17
3397 184 0 10
3398 6159 0 11
3399 1468 0 12
3400 603 0 9
3401 1679 0 173
3402 1258 0 89
3403 665 0 408
3404 1067 0 14
3405 1835 1 0
3406 814 0 12
3407 536 1 0
3408 2055 0 25
3409 795 0 17
3410 1740 0 11
3411 1287 0 26
3412 1516 0 74
3413 3272 0 104
3414 3269 0 69
3415 1328 0 82
3416 1578 0 15
3417 6215 0 26
3418 622 0 29
3419 12140 0 68
3420 1209 0 12
3421 6215 0 16
3422 2117 0 28
3423 1157 0 10
3424 1124 0 11
3425 3311 0 11
3426 1375 0 10
3427 711 0 13
3428 899 0 12
3429 1428 0 10
3430 1080 0 92
3431 203 0 70
3432 597 0 13
3433 1573 0 7
3434 1922 0 20
3435 444 0 37
3436 1116 0 11
3437 3266 0 13
3438 504 0 17
3439 1110 0 8
3440 650 0 7
3441 2895 0 112
3442 7312 0 35
3443 2100 0 13
3444 2073 0 12
3445 681 0 39
3446 3333 0 30
3447 1537 0 10
3448 411 0 21
3449 409 0 54
3450 335 0 13
3451 2803 0 14
3452 556 0 11
3453 1185 0 11
3454 4092 0 10
3455 508 0 3
3456 3339 0 7
3457 2184 0 12
3458 691 0 46
3459 5036 0 75
3460 3847 0 12
3461 1422 0 12
3462 1802 0 129
3463 1020 0 11
3464 586 0 34
3465 2185 0 277
3466 794 0 9
3467 1538 0 186
3468 1226 0 20
3469 171 0 8
3470 2906 0 9
3471 7048 0 14
3472 5077 0 129
3473 1163 0 126
3474 1916 0 7
3475 8189 0 7
3476 281 0 13
3477 619 0 8
3478 532 0 11
3479 561 0 188
3480 1140 0 19
3481 559 0 131
3482 7880 0 147
3483 3291 0 98
3484 1511 0 131
3485 1490 0 12
3486 412 0 28
3487 2940 0 11
3488 6752 0 182
3489 7664 0 8
3490 157 0 12
3491 2799 0 8
3492 1295 0 29
3493 883 0 45
3494 1805 0 13
3495 1885 0 12
3496 924 0 142
3497 2029 0 9
3498 2970 0 11
3499 2399 0 8
3500 1259 0 10
3501 501 0 10
3502 2847 0 98
3503 898 0 8
3504 2819 0 49
3505 2747 0 24
3506 3357 0 54
3507 1730 0 182
3508 1756 0 10
3509 2164 0 15
3510 1983 1 0
3511 1508 0 17
3512 1138 0 45
3513 1398 0 7
3514 867 0 13
3515 13055 0 7
3516 1986 1 0
3517 1904 0 17
3518 430 0 29
3519 1116 0 28
3520 1327 0 23
3521 560 0 13
3522 648 0 10
3523 2748 0 246
3524 1040 0 7
3525 856 0 12
3526 1518 1 0
3527 1288 0 13
3528 665 0 24
3529 1118 0 71
3530 1172 0 9
3531 2870 0 187
3532 1288 0 168
3533 584 1 0
3534 881 0 24
3535 1088 0 15
3536 1616 0 8
3537 1960 0 8
3538 791 0 12
3539 1165 0 9
3540 2447 0 14
3541 1959 0 26
3542 181 0 19
3543 365 0 10
3544 753 0 24
3545 438 0 16
3546 5022 0 11
3547 3289 0 12
3548 1914 1 21
3549 278 0 9
3550 667 0 103
3551 733 0 77
3552 989 0 1
3553 1626 0 8
3554 356 0 8
3555 1370 0 7
3556 1299 0 9
3557 1513 1 77
3558 1989 1 0
3559 3546 0 15
3560 694 0 13
3561 367 0 70
3562 689 0 23
3563 600 0 10
3564 5036 1 17
3565 1373 0 76
3566 2507 0 12
3567 630 0 18
3568 538 0 42
3569 501 0 8
3570 17483 0 12
3571 592 0 58
3572 727 0 8
3573 941 0 14
3574 739 0 24
3575 255 0 8
3576 7892 1 0
3577 2873 0 9
3578 2838 0 9
3579 792 0 76
3580 5883 0 35
3581 3645 0 20
3582 3301 0 16
3583 2068 0 13
3584 1941 0 11
3585 1757 0 11
3586 606 0 10
3587 1807 0 7
3588 291 0 13
3589 1509 0 11
3590 290 0 81
3591 208 0 28
3592 1443 0 9
3593 774 1 92
3594 3584 0 11
3595 2437 0 9
3596 547 0 13
3597 3179 0 49
3598 2939 0 42
3599 3308 0 10
3600 1536 0 12
3601 1187 0 10
3602 2551 0 178
3603 572 0 7
3604 3141 0 105
3605 2156 0 15
3606 10018 0 30
3607 5131 0 8
3608 1337 0 11
3609 2888 0 39
3610 2369 0 133
3611 487 0 9
3612 1177 0 16
3613 185 0 10
3614 1407 0 8
3615 12764 0 23
3616 391 0 107
3617 778 0 39
3618 849 0 11
3619 3308 0 18
3620 1270 0 8
3621 3144 0 10
3622 3420 0 13
3623 7275 0 8
3624 7503 0 7
3625 947 1 8
3626 1513 0 93
3627 1376 0 17
3628 3147 0 15
3629 279 0 14
3630 648 1 19
3631 563 0 12
3632 2017 0 18
3633 5018 0 132
3634 1246 0 52
3635 1855 0 19
3636 1021 0 3
3637 829 0 70
3638 12215 0 9
3639 1518 0 76
3640 3291 0 13
3641 846 0 8
3642 1910 0 38
3643 3565 0 108
3644 205 0 13
3645 736 0 59
3646 1283 0 9
3647 1115 1 0
3648 2858 0 13
3649 685 0 62
3650 178 0 10
3651 989 0 8
3652 1133 0 10
3653 1249 0 8
3654 318 0 12
3655 658 0 10
3656 525 0 60
3657 2614 0 36
3658 694 0 8
3659 2709 0 12
3660 358 0 20
3661 442 0 11
3662 497 0 15
3663 1516 0 8
3664 1553 0 28
3665 6731 0 185
3666 516 0 98
3667 8907 0 185
3668 1404 0 50
3669 3308 0 7
3670 1144 0 11
3671 417 0 8
3672 690 0 103
3673 2948 0 149
3674 1032 0 111
3675 5058 0 617
3676 5068 0 110
3677 973 0 71
3678 4068 0 142
3679 647 0 139
3680 989 0 16
3681 483 0 24
3682 263 0 68
3683 2043 1 1
3684 5032 0 17
3685 7985 0 128
3686 1949 0 14
3687 2839 0 161
3688 1985 0 9
3689 10065 0 66
3690 613 0 30
3691 283 0 9
3692 6153 0 59
3693 347 0 13
3694 1294 0 10
3695 1939 0 10
3696 630 0 12
3697 2862 0 8
3698 1949 0 13
3699 3935 0 9
3700 1105 0 56
3701 3140 0 21
3702 7553 0 9
3703 1348 0 6
3704 591 1 1
3705 7801 0 11
3706 1375 0 15
3707 1048 0 14
3708 3179 0 48
3709 5090 0 9
3710 1083 0 82
3711 1208 0 66
3712 17187 0 11
3713 276 0 7
3714 427 0 81
3715 863 0 13
3716 5010 0 43
3717 1034 0 166
3718 2061 0 29
3719 1824 0 8
3720 1324 1 40
3721 2547 0 9
3722 873 0 280
3723 558 0 10
3724 3373 0 3
3725 251 0 10
3726 3368 0 9
3727 192 1 30
3728 7278 0 8
3729 2204 0 7
3730 5008 0 67
3731 1336 0 14
3732 2203 0 23
3733 627 0 13
3734 1716 0 11
3735 7051 1 0
3736 877 0 10
3737 3318 0 12
3738 1062 0 10
3739 1210 0 39
3740 7368 0 69
3741 3314 0 19
3742 2813 0 71
3743 5105 0 70
3744 2718 0 10
3745 1979 0 11
3746 1968 0 393
3747 611 0 7
3748 191 0 11
3749 788 0 45
3750 3561 0 133
3751 3712 0 181
3752 1002 0 12
3753 1295 0 19
3754 748 0 400
3755 2453 0 9
3756 723 0 42
3757 5056 0 12
3758 758 0 17
3759 651 0 17
3760 1224 0 10
3761 3347 0 19
3762 6455 1 0
3763 446 0 22
3764 1998 0 58
3765 1282 0 43
3766 3299 0 10
3767 2912 0 23
3768 3807 0 7
3769 506 0 10
3770 650 0 40
3771 1530 0 8
3772 1308 0 27
3773 9984 0 101
3774 3492 0 38
3775 5758 0 7
3776 6952 0 20
3777 6952 0 50
3778 11788 0 7
3779 1115 0 12
3780 2041 0 7
3781 2454 0 130
3782 1154 0 36
3783 2539 0 21
3784 902 0 11
3785 2471 0 42
3786 2908 0 9
3787 5865 1 619
3788 1058 0 6
3789 1221 0 13
3790 6006 0 19
3791 1225 0 9
3792 539 0 11
3793 6547 0 28
3794 1333 0 13
3795 2226 0 54
3796 1966 0 9
3797 1248 1 0
3798 5070 0 21
3799 1984 0 143
3800 2109 0 12
3801 3366 0 70
3802 1729 0 8
3803 7048 0 134
3804 1522 0 10
3805 3059 0 31
3806 2857 0 19
3807 1420 0 11
3808 3227 0 53
3809 2870 0 17
3810 962 0 14
3811 1062 0 8
3812 487 0 8
3813 2951 0 13
3814 2852 0 23
3815 520 0 16
3816 2171 0 7
3817 3341 0 50
3818 10891 0 7
3819 2883 0 13
3820 5050 0 161
3821 3275 1 0
3822 3290 0 7
3823 898 0 13
3824 515 0 10
3825 1363 0 12
3826 1614 0 15
3827 6143 0 9
3828 535 0 196
3829 2573 0 13
3830 465 0 8
3831 3669 0 7
3832 542 0 92
3833 1011 0 36
3834 8045 0 9
3835 3341 0 12
3836 2874 0 6
3837 6476 0 74
3838 6822 0 37
3839 514 0 11
3840 2221 0 7
3841 1671 0 7
3842 4997 0 9
3843 866 0 12
3844 1195 0 40
3845 780 0 27
3846 979 0 11
3847 493 0 11
3848 813 0 7
3849 830 0 68
3850 2688 0 20
3851 3991 0 12
3852 3132 0 72
3853 3103 0 104
3854 12729 0 35
3855 2068 0 8
3856 1290 0 19
3857 974 0 15
3858 630 0 13
3859 1426 0 8
3860 732 0 12
3861 1170 0 60
3862 2465 1 0
3863 24 0 11
3864 742 0 9
3865 4145 0 40
3866 660 1 20
3867 7401 1 518
3868 1852 0 101
3869 823 0 30
3870 3208 0 9
3871 1652 0 18
3872 1166 0 23
3873 3413 0 27
3874 3326 0 11
3875 791 0 8
3876 1385 0 82
3877 1700 0 12
3878 2969 0 15
3879 1520 0 8
3880 1280 0 176
3881 776 0 28
3882 1881 0 9
3883 1220 0 12
3884 2884 0 18
3885 1989 0 38
3886 2340 0 132
3887 3157 0 8
3888 162 0 19
3889 1830 0 9
3890 257 0 7
3891 472 0 10
3892 169 0 18
3893 1090 0 13
3894 289 0 6
3895 2889 0 26
3896 1966 0 19
3897 1265 0 19
3898 310 0 75
3899 870 0 16
3900 2536 0 34
3901 1947 0 17
3902 2496 0 71
3903 12926 0 8
3904 2639 0 28
3905 1160 0 11
3906 1564 0 68
3907 5437 0 28
3908 414 0 21
3909 1550 0 276
3910 1594 0 38
3911 1513 0 9
3912 2619 0 10
3913 2577 0 84
3914 1516 0 26
3915 1252 0 8
3916 843 0 82
3917 2569 0 94
3918 1419 0 8
3919 407 0 20
3920 5370 0 11
3921 9086 0 7
3922 1420 0 10
3923 679 0 120
3924 5088 0 298
3925 778 1 19
3926 1333 0 10
3927 1431 0 12
3928 497 0 8
3929 1268 0 20
3930 1047 0 7
3931 321 0 41
3932 302 0 37
3933 525 0 14
3934 7985 0 39
3935 1967 0 64
3936 1875 0 166
3937 351 0 20
3938 5118 0 8
3939 999 0 18
3940 1851 0 26
3941 536 0 17
3942 1058 0 12
3943 665 0 11
3944 945 0 22
3945 1258 0 12
3946 473 0 38
3947 3314 0 15
3948 3268 0 23
3949 1428 0 29
3950 12377 0 72
3951 1156 0 11
3952 372 0 51
3953 2557 0 37

17 1 1474
56
3954 6717 0 123
3955 286 0 18
3956 1348 0 24
3957 1984 0 11
3958 2862 0 68
3959 1003 0 47
3960 2969 0 11
3961 6555 0 98
3962 171 0 53
3963 1035 0 29
3964 1337 0 22
3965 851 0 147
3966 788 0 13
3967 646 0 11
3968 1121 0 12
3969 7661 0 24
3970 567 0 41
3971 734 0 16
3972 5021 0 18
3973 1726 0 15
3974 6525 0 7
3975 1655 0 12
3976 13074 0 110
3977 6224 0 9
3978 898 0 146
3979 3343 0 10
3980 2856 0 27
3981 2049 0 8
3982 3141 0 72
3983 441 0 10
3984 11606 0 6
3985 600 0 10
3986 3225 0 61
3987 1681 0 21
3988 992 0 42
3989 1947 0 8
3990 721 0 7
3991 1339 0 12
3992 1122 0 8
3993 807 0 8
3994 812 0 70
3995 1664 1 650
3996 622 0 41
3997 640 0 72
3998 701 0 110
3999 1214 0 18
4000 1014 0 29
4001 933 0 5
4002 1959 0 13
4003 1826 0 97
4004 573 0 12
4005 608 0 52
4006 2440 0 38
4007 1795 0 8
4008 3267 0 11
4009 3230 0 59

18 1 1483
52
4010 202 0 27
4011 30 0 13
4012 641 0 10
4013 1834 1 101
4014 1397 0 8
4015 2330 0 9
4016 3233 0 155
4017 2744 0 16
4018 588 0 60
4019 1510 0 186
4020 198 0 74
4021 2862 0 9
4022 3099 0 7
4023 371 0 24
4024 355 1 0
4025 5002 0 67
4026 633 0 7
4027 2379 0 17
4028 17858 0 53
4029 1220 1 32
4030 432 0 17
4031 1380 0 43
4032 1012 0 17
4033 1314 0 6
4034 407 0 9
4035 1773 0 75
4036 1988 0 18
4037 926 0 50
4038 1799 0 7
4039 3759 0 18
4040 435 0 8
4041 167 0 42
4042 1203 0 26
4043 6749 0 8
4044 463 0 9
4045 484 0 54
4046 13011 0 10
4047 8173 0 13
4048 1964 1 61
4049 16596 0 66
4050 989 0 30
4051 505 0 135
4052 3715 0 150
4053 197 0 11
4054 788 0 148
4055 882 0 77
4056 1346 0 9
4057 927 0 12
4058 1274 0 37
4059 454 0 39
4060 515 0 300
4061 1460 0 28

19 1 573315
2
4062 1483 0 13
4063 3310 0 11

