40

0 1 274
6
0 1948 0 12
1 2293 0 34
2 880 1 0
3 6743 0 33
4 5080 0 62
5 1998 0 11

1 1 489
1000
6 5157 0 11
7 578 0 124
8 1513 0 21
9 559 0 13
10 1153 0 13
11 3500 0 16
12 188 0 372
13 1862 0 7
14 576 0 12
15 1026 0 22
16 3280 0 13
17 1089 0 12
18 1515 0 129
19 3212 0 107
20 2707 0 67
21 5145 0 58
22 3183 0 11
23 12739 1 90
24 2947 0 11
25 1409 0 17
26 1238 0 10
27 885 0 9
28 2220 0 7
29 1080 0 60
30 488 0 35
31 1184 1 0
32 3193 0 40
33 7841 0 93
34 888 0 7
35 5871 0 93
36 539 0 12
37 933 0 183
38 1416 0 11
39 1198 0 8
40 7244 0 17
41 387 0 164
42 774 0 67
43 401 0 177
44 867 0 14
45 1188 0 8
46 711 0 34
47 3248 0 86
48 2704 0 98
49 1062 0 24
50 969 0 17
51 642 0 67
52 7049 0 63
53 1695 0 19
54 1131 0 8
55 1653 0 9
56 3371 0 13
57 411 0 110
58 1599 0 12
59 1668 0 10
60 1158 0 6
61 1538 0 10
62 5016 0 136
63 1159 0 73
64 1076 0 27
65 345 0 68
66 1950 0 11
67 3335 0 12
68 1984 0 7
69 1355 0 13
70 1579 0 10
71 978 0 91
72 1021 0 102
73 1984 0 30
74 1900 0 45
75 16507 0 8
76 506 0 8
77 1513 0 30
78 6175 0 19
79 632 0 66
80 1370 0 20
81 1513 0 17
82 1413 0 25
83 495 0 13
84 2198 0 11
85 685 0 107
86 862 0 19
87 2617 0 8
88 2077 0 34
89 307 0 310
90 2888 0 39
91 3430 0 46
92 3294 0 75
93 1027 0 10
94 3143 0 35
95 1505 0 28
96 12415 0 28
97 466 0 38
98 11497 0 83
99 7041 0 13
100 2899 0 73
101 3029 0 11
102 5073 0 11
103 548 0 29
104 720 0 13
105 204 0 14
106 1003 0 20
107 537 0 9
108 3196 0 25
109 180 0 21
110 2032 0 9
111 2190 0 15
112 3318 0 13
113 1534 0 26
114 1378 1 0
115 5029 0 6
116 1759 1 0
117 1431 0 6
118 988 0 10
119 543 0 8
120 528 0 320
121 603 0 26
122 1627 0 11
123 1094 0 11
124 869 0 11
125 498 0 8
126 5050 0 11
127 1620 1 135
128 351 0 13
129 1973 0 214
130 695 0 74
131 1759 1 0
132 3242 0 8
133 1113 0 129
134 562 0 11
135 1010 0 10
136 1096 0 13
137 2593 0 18
138 2950 0 19
139 1379 0 73
140 2244 0 73
141 1970 0 8
142 1410 1 0
143 7316 1 7
144 2844 1 0
145 1783 0 9
146 2294 0 218
147 3714 0 27
148 9316 0 167
149 11204 0 30
150 1961 0 9
151 1983 0 135
152 1676 0 49
153 1366 0 14
154 612 0 114
155 553 0 11
156 2778 0 235
157 1880 0 83
158 948 0 9
159 312 0 34
160 942 0 9
161 3326 0 7
162 1227 0 8
163 5043 0 5
164 3178 0 392
165 694 0 7
166 1390 0 10
167 6198 0 12
168 1959 0 11
169 506 0 8
170 2080 0 17
171 818 0 618
172 912 0 23
173 3376 0 26
174 757 0 10
175 2340 0 11
176 1165 0 13
177 899 0 25
178 978 0 900
179 2849 0 26
180 648 0 7
181 851 0 10
182 185 0 41
183 3310 0 27
184 813 0 10
185 1049 0 12
186 1992 0 22
187 2792 0 44
188 2480 0 100
189 372 0 17
190 2855 0 9
191 1267 0 129
192 3480 0 383
193 3748 0 72
194 1220 0 12
195 969 0 11
196 3351 0 11
197 998 0 7
198 1143 0 76
199 429 0 11
200 1155 0 25
201 7050 0 14
202 1986 0 10
203 924 0 14
204 2060 0 170
205 511 1 0
206 1888 0 8
207 390 0 286
208 1107 0 11
209 675 0 16
210 1429 0 32
211 1003 1 0
212 7270 0 11
213 3152 0 64
214 296 0 612
215 12590 0 13
216 1078 0 23
217 16859 1 0
218 2168 0 11
219 6744 1 0
220 535 0 38
221 529 0 5
222 177 0 45
223 778 0 10
224 13386 0 13
225 9256 0 13
226 1317 0 24
227 558 0 10
228 463 0 68
229 1165 0 11
230 456 0 17
231 3494 0 12
232 676 0 11
233 720 0 13
234 1025 0 39
235 1509 0 46
236 892 0 12
237 361 0 9
238 2386 0 10
239 2491 0 60
240 7409 0 8
241 1139 0 63
242 1731 0 39
243 2061 0 12
244 5131 0 20
245 1121 0 95
246 1256 0 617
247 12649 0 9
248 1047 0 11
249 553 0 10
250 2599 0 42
251 858 0 79
252 2360 0 11
253 1066 0 23
254 839 1 15
255 563 0 98
256 2540 0 76
257 12387 0 11
258 1954 0 19
259 5051 0 29
260 2161 0 21
261 325 0 107
262 1236 0 10
263 1412 0 7
264 1021 0 11
265 5116 0 13
266 1981 0 11
267 933 0 93
268 242 0 13
269 588 0 24
270 2561 0 173
271 1364 0 69
272 1250 0 48
273 276 0 11
274 1527 0 68
275 1601 0 9
276 489 0 286
277 1345 0 19
278 3147 0 12
279 876 0 171
280 2844 0 11
281 1910 1 0
282 953 0 9
283 478 0 53
284 1945 0 10
285 797 0 70
286 1551 0 39
287 1399 0 8
288 1784 0 83
289 616 0 10
290 756 0 13
291 1016 0 11
292 854 0 10
293 446 0 8
294 1558 0 2
295 2805 0 9
296 1948 0 7
297 567 0 79
298 1329 0 7
299 1239 0 9
300 1516 0 12
301 790 0 99
302 1923 0 154
303 3335 0 11
304 3110 0 25
305 846 0 30
306 1258 0 39
307 1452 0 12
308 3330 0 129
309 1191 0 10
310 882 0 39
311 938 0 142
312 2934 0 63
313 741 0 12
314 1375 0 11
315 1485 0 46
316 958 0 11
317 3225 0 259
318 9986 0 37
319 1570 1 7
320 2152 0 40
321 2229 0 7
322 506 0 17
323 2387 0 12
324 173 0 118
325 746 0 11
326 1765 0 126
327 1220 0 25
328 697 0 137
329 1196 0 19
330 3797 0 31
331 5956 0 17
332 1513 0 8
333 2499 0 9
334 7086 0 11
335 320 0 8
336 1513 0 10
337 5160 0 22
338 1750 0 8
339 429 0 9
340 767 0 9
341 3156 0 107
342 11612 0 225
343 2426 0 57
344 3350 0 37
345 3372 0 37
346 166 0 63
347 3426 0 12
348 8829 0 10
349 657 0 70
350 737 0 116
351 684 0 11
352 902 0 9
353 1084 0 33
354 2267 1 16
355 1351 0 74
356 270 0 8
357 1362 0 49
358 1403 0 98
359 611 0 9
360 2855 0 9
361 2936 0 10
362 1984 0 9
363 2925 0 13
364 6221 0 81
365 536 0 71
366 2010 0 71
367 5666 0 35
368 3697 0 77
369 640 0 9
370 1424 0 29
371 5037 0 11
372 2488 0 10
373 13381 0 71
374 1889 0 27
375 423 0 7
376 7472 0 18
377 644 0 67
378 221 0 10
379 649 0 37
380 3379 0 10
381 894 0 102
382 1513 0 12
383 871 0 125
384 5001 0 20
385 1017 0 8
386 1970 0 17
387 888 0 8
388 6166 0 33
389 692 0 9
390 1407 0 9
391 630 0 12
392 1380 0 10
393 2121 0 37
394 2897 0 9
395 194 0 51
396 3520 0 10
397 16352 0 42
398 6892 0 11
399 1954 0 122
400 442 0 56
401 1513 0 20
402 1249 0 15
403 729 0 11
404 7914 0 8
405 3405 0 8
406 654 0 9
407 1323 1 0
408 2383 0 17
409 1036 0 10
410 141 0 810
411 3001 0 64
412 624 0 41
413 1190 0 24
414 3365 0 66
415 26 0 11
416 1795 0 7
417 781 0 19
418 690 0 10
419 284 0 49
420 405 0 11
421 1926 0 147
422 937 0 123
423 753 0 10
424 6104 0 11
425 17117 0 8
426 3372 0 19
427 2441 0 24
428 2268 0 17
429 1188 0 91
430 2772 0 13
431 1143 0 36
432 3215 0 9
433 7051 0 8
434 16177 0 81
435 3401 0 25
436 1538 0 11
437 177 0 8
438 17798 0 9
439 921 0 22
440 1092 0 26
441 578 0 290
442 843 0 17
443 1165 0 216
444 1584 0 9
445 575 0 11
446 395 0 58
447 989 0 69
448 379 0 143
449 550 0 9
450 1104 0 10
451 804 0 152
452 7312 0 308
453 3149 0 44
454 665 0 32
455 1291 0 13
456 6731 0 8
457 3362 0 8
458 723 0 12
459 133 0 63
460 2909 0 18
461 1259 0 10
462 6165 0 80
463 2800 0 34
464 5100 0 29
465 2945 0 23
466 1213 0 13
467 3167 1 68
468 222 0 27
469 2194 0 34
470 956 0 19
471 487 0 18
472 8839 0 10
473 469 0 8
474 3697 0 14
475 2069 0 35
476 5925 0 43
477 1423 0 9
478 5018 0 15
479 487 0 37
480 1538 0 8
481 1263 0 13
482 455 0 17
483 2160 0 14
484 3370 0 10
485 712 0 108
486 1193 0 21
487 707 0 19
488 2337 0 11
489 181 0 117
490 919 0 25
491 1184 0 150
492 2447 0 133
493 614 0 7
494 1269 0 14
495 933 0 11
496 1144 0 10
497 407 0 13
498 1051 0 7
499 3151 0 10
500 789 0 18
501 418 0 20
502 1841 0 42
503 495 0 9
504 419 0 79
505 1785 0 132
506 1261 0 39
507 1086 0 18
508 1517 0 13
509 2847 0 51
510 2796 0 18
511 16374 0 68
512 207 0 9
513 8886 0 18
514 736 0 211
515 1046 0 11
516 3208 0 73
517 1309 0 11
518 1758 0 18
519 5133 0 12
520 417 0 29
521 730 0 11
522 2548 0 130
523 1344 0 8
524 1241 0 10
525 1855 0 153
526 7676 0 12
527 561 0 117
528 1708 0 10
529 1980 0 25
530 1597 0 11
531 1319 0 19
532 7381 0 9
533 543 0 8
534 6869 0 33
535 11993 0 8
536 1958 0 34
537 1020 0 19
538 3304 0 13
539 224 0 8
540 2869 0 152
541 1417 0 36
542 729 1 315
543 3359 0 10
544 964 0 7
545 1956 0 19
546 1032 0 28
547 1303 0 14
548 3368 0 17
549 579 0 137
550 826 0 13
551 1965 0 19
552 5133 0 8
553 1215 0 9
554 989 0 100
555 3186 0 7
556 1250 0 7
557 3059 0 368
558 431 1 266
559 9985 0 7
560 1955 0 17
561 371 0 11
562 1290 1 26
563 927 0 29
564 3423 0 25
565 902 0 23
566 1814 0 103
567 797 0 9
568 1412 0 38
569 12393 0 25
570 1756 0 8
571 715 0 9
572 1537 0 32
573 1094 1 0
574 1111 0 108
575 1279 0 73
576 1312 0 12
577 7409 0 9
578 309 0 108
579 414 0 10
580 2210 0 41
581 313 0 39
582 497 0 17
583 883 0 10
584 3867 0 37
585 892 0 10
586 1016 0 103
587 3240 0 40
588 784 0 27
589 2233 0 10
590 11776 0 11
591 1513 0 35
592 16804 0 37
593 3089 0 26
594 206 0 77
595 451 0 14
596 1251 0 17
597 1399 0 9
598 3363 0 98
599 1370 0 9
600 1511 0 66
601 1903 0 24
602 1015 0 52
603 5106 0 69
604 1777 0 11
605 1952 0 10
606 198 0 2
607 1440 0 121
608 2916 0 8
609 529 0 11
610 745 0 22
611 1121 0 40
612 2937 0 20
613 1509 0 11
614 1969 0 43
615 3374 1 101
616 1312 0 208
617 1169 1 0
618 3204 0 14
619 740 0 76
620 6361 0 15
621 2922 0 10
622 818 0 66
623 1364 0 8
624 462 0 11
625 309 0 6
626 750 0 12
627 195 0 18
628 453 0 11
629 2930 0 64
630 2150 0 10
631 2979 0 6
632 1532 0 9
633 2818 0 9
634 3161 1 472
635 1767 0 22
636 2360 0 7
637 1986 0 13
638 455 0 83
639 7971 0 178
640 368 0 185
641 7502 0 50
642 1284 0 32
643 1220 0 40
644 2868 1 27
645 3310 0 77
646 451 0 13
647 1719 0 11
648 1033 0 19
649 741 0 8
650 267 0 13
651 552 0 47
652 2300 0 72
653 446 0 11
654 589 0 30
655 2067 0 37
656 1073 0 39
657 524 0 51
658 6859 0 31
659 967 0 38
660 1342 1 0
661 931 0 21
662 7036 0 52
663 532 0 8
664 5097 0 13
665 186 0 13
666 1511 0 0
667 1954 1 25
668 1516 0 42
669 334 0 12
670 706 0 11
671 1285 0 133
672 6577 0 132
673 3375 0 15
674 2890 0 15
675 2525 0 105
676 1327 0 156
677 11796 0 9
678 1320 0 61
679 1101 1 41
680 3357 0 10
681 1062 0 76
682 575 0 33
683 2032 0 8
684 1032 0 14
685 9979 0 9
686 575 0 29
687 323 0 29
688 3660 0 81
689 2170 0 46
690 3294 0 11
691 1012 1 515
692 982 0 72
693 648 0 9
694 267 0 11
695 2245 0 10
696 1424 0 9
697 171 1 0
698 2391 0 11
699 1809 0 72
700 1560 0 133
701 919 0 91
702 1331 0 6
703 1232 0 9
704 3332 0 8
705 1630 0 18
706 1090 0 372
707 1225 0 40
708 1336 0 40
709 1075 0 111
710 199 0 14
711 171 0 12
712 1417 0 20
713 1413 0 9
714 2306 0 9
715 1509 0 11
716 5016 0 11
717 6182 0 8
718 970 0 18
719 1831 0 21
720 2941 0 12
721 71 0 5
722 2531 0 115
723 2858 0 11
724 617 0 8
725 1802 0 8
726 3179 0 45
727 440 0 13
728 231 0 97
729 728 0 3
730 1538 0 41
731 1369 0 11
732 774 1 15
733 887 0 11
734 742 0 10
735 1895 0 46
736 665 0 132
737 432 0 35
738 639 0 127
739 3376 0 10
740 882 0 39
741 661 0 13
742 1398 0 8
743 1663 0 7
744 986 0 9
745 1418 0 10
746 874 0 8
747 6455 0 136
748 2532 0 9
749 5067 0 9
750 1401 0 57
751 1955 0 16
752 708 0 37
753 454 0 53
754 723 0 72
755 3750 0 10
756 1027 0 71
757 13568 1 0
758 1831 0 12
759 1268 0 11
760 1124 0 7
761 3371 0 8
762 171 0 26
763 250 0 10
764 1530 0 14
765 3373 1 30
766 1741 0 8
767 592 0 19
768 3537 0 23
769 2890 0 2
770 1970 0 184
771 1943 0 21
772 582 0 98
773 888 0 7
774 2967 0 9
775 1844 0 10
776 1082 0 33
777 921 0 16
778 1004 0 9
779 1947 0 13
780 490 0 11
781 6926 0 49
782 1967 0 137
783 1096 0 148
784 1884 1 130
785 742 0 16
786 3148 0 178
787 2907 0 10
788 244 0 10
789 646 0 21
790 3349 0 12
791 232 0 9
792 555 0 35
793 16612 0 67
794 8912 0 11
795 7811 0 17
796 2918 0 11
797 2159 0 10
798 2912 0 7
799 1022 0 13
800 7742 0 11
801 6658 0 22
802 199 0 23
803 11881 0 18
804 790 0 8
805 3678 0 12
806 2877 0 175
807 3797 0 55
808 8829 0 13
809 3721 0 7
810 910 0 13
811 840 0 14
812 1207 0 18
813 2222 0 13
814 7308 0 7
815 2178 0 45
816 169 0 11
817 3296 0 0
818 1276 0 9
819 444 0 3
820 1226 0 156
821 3081 0 20
822 1290 1 61
823 5884 0 36
824 5071 0 7
825 1177 0 13
826 3448 0 9
827 1781 0 7
828 1050 0 17
829 266 0 21
830 961 0 87
831 582 0 9
832 2164 0 246
833 1065 0 43
834 1471 0 9
835 1075 0 14
836 2412 0 12
837 704 0 12
838 318 0 146
839 871 0 13
840 1748 0 13
841 3367 0 8
842 535 0 9
843 1423 0 11
844 3153 0 12
845 1225 0 11
846 904 0 7
847 7646 0 13
848 10051 0 16
849 1948 0 11
850 1993 0 79
851 699 0 39
852 194 0 31
853 5151 0 13
854 1180 0 2
855 1125 1 0
856 3570 0 11
857 954 0 37
858 1554 0 7
859 989 0 11
860 2366 0 72
861 11415 0 122
862 5082 0 174
863 1704 0 41
864 1195 0 6
865 1936 0 12
866 2451 0 32
867 1180 1 0
868 1696 0 11
869 3216 0 40
870 200 0 24
871 8197 0 107
872 2548 0 28
873 716 0 9
874 529 0 9
875 2558 1 41
876 2366 0 7
877 1976 0 11
878 434 0 25
879 2342 0 13
880 3190 0 10
881 930 0 10
882 440 0 19
883 2653 0 67
884 3168 0 12
885 3549 0 154
886 545 0 18
887 624 0 20
888 1684 0 59
889 863 0 38
890 2832 0 13
891 770 0 171
892 1730 0 69
893 5000 0 36
894 2583 0 25
895 1646 0 9
896 193 0 38
897 6124 0 40
898 1949 0 115
899 3219 0 44
900 1658 0 8
901 970 0 17
902 713 0 146
903 5110 0 8
904 9987 0 8
905 16093 0 26
906 928 0 9
907 3309 0 16
908 11794 0 13
909 1212 0 34
910 6455 0 33
911 1341 0 73
912 1974 0 117
913 772 0 8
914 16764 0 13
915 1926 1 60
916 856 0 11
917 1142 0 12
918 459 0 67
919 1989 0 42
920 1304 0 3
921 388 0 53
922 1373 0 38
923 3226 0 98
924 766 0 50
925 1249 0 39
926 11420 0 25
927 949 0 12
928 3687 0 7
929 252 0 33
930 6952 0 13
931 194 0 18
932 1530 0 61
933 1940 0 72
934 592 0 14
935 646 0 12
936 1841 0 42
937 1707 0 9
938 964 0 19
939 1167 0 72
940 1364 0 10
941 8890 0 11
942 2397 0 56
943 2416 0 42
944 3199 0 10
945 2895 0 9
946 1784 0 16
947 1172 0 43
948 295 0 35
949 1287 1 40
950 1513 0 46
951 3710 0 13
952 1964 0 14
953 2794 0 9
954 647 0 17
955 7974 0 9
956 3245 0 9
957 1915 0 19
958 1152 0 11
959 973 0 144
960 1934 0 11
961 8175 0 25
962 6066 0 12
963 1539 0 109
964 965 0 11
965 3164 0 9
966 1428 0 353
967 866 0 7
968 514 0 11
969 1286 0 10
970 180 0 132
971 3209 0 14
972 2379 0 112
973 857 0 14
974 1513 0 10
975 1060 0 12
976 1516 0 20
977 1682 0 28
978 945 0 10
979 1123 0 17
980 12911 0 11
981 329 0 9
982 1126 0 14
983 3216 0 27
984 2348 0 18
985 628 0 13
986 1214 0 7
987 1328 1 25
988 12843 0 13
989 2846 1 0
990 1992 0 285
991 733 0 12
992 3245 0 7
993 1410 0 10
994 913 0 6
995 1102 0 35
996 1513 0 30
997 1956 0 68
998 549 0 17
999 1317 0 18
1000 2554 0 27
1001 1146 0 8
1002 517 0 26
1003 2847 0 60
1004 1232 0 78
1005 6533 0 9

2 1 491
118
1006 1559 0 7
1007 695 0 12
1008 365 0 17
1009 3500 0 10
1010 1044 1 0
1011 1086 0 6
1012 3366 0 48
1013 3019 0 13
1014 1947 0 54
1015 6015 0 20
1016 2293 0 11
1017 1506 0 11
1018 2187 0 14
1019 1516 0 11
1020 1514 0 8
1021 14378 0 298
1022 1963 0 314
1023 478 0 12
1024 1300 0 39
1025 1127 0 21
1026 10309 0 16
1027 2600 0 38
1028 440 0 48
1029 1528 0 71
1030 2928 0 7
1031 1387 0 12
1032 2796 0 16
1033 585 0 6
1034 7050 0 11
1035 1292 0 10
1036 706 0 9
1037 6686 0 9
1038 187 0 7
1039 2736 0 90
1040 451 1 47
1041 167 0 172
1042 55 0 3
1043 14921 0 10
1044 3367 0 10
1045 8841 0 11
1046 3449 0 7
1047 1364 0 7
1048 3377 0 8
1049 1529 1 133
1050 1365 0 11
1051 823 0 53
1052 1091 0 55
1053 1518 0 10
1054 288 0 11
1055 1091 0 94
1056 801 0 8
1057 14720 0 24
1058 1408 0 9
1059 1176 0 43
1060 361 0 27
1061 1724 0 12
1062 1954 0 146
1063 860 0 25
1064 1961 0 13
1065 653 0 387
1066 1111 0 13
1067 1790 0 12
1068 1238 0 19
1069 288 0 7
1070 1106 0 6
1071 660 0 17
1072 2860 0 19
1073 2227 0 126
1074 3450 0 15
1075 3336 0 41
1076 1276 0 37
1077 2593 0 27
1078 3344 0 13
1079 1983 0 49
1080 679 0 95
1081 647 0 18
1082 11531 0 69
1083 202 0 80
1084 2432 0 36
1085 1333 0 129
1086 996 0 11
1087 2576 0 8
1088 2378 0 29
1089 3359 0 8
1090 1976 0 73
1091 2281 0 10
1092 1242 0 38
1093 466 0 73
1094 307 0 30
1095 3225 0 9
1096 474 0 151
1097 458 0 12
1098 669 0 37
1099 1131 0 133
1100 1371 0 9
1101 1731 0 11
1102 1884 0 11
1103 28 0 10
1104 7751 0 54
1105 1042 0 17
1106 752 0 11
1107 1513 0 9
1108 1033 0 9
1109 241 0 8
1110 1817 0 13
1111 614 0 69
1112 722 0 8
1113 2066 0 71
1114 485 0 11
1115 1178 0 8
1116 1349 1 12
1117 1307 0 265
1118 5036 0 15
1119 5069 0 30
1120 2289 0 19
1121 571 0 53
1122 2173 0 9
1123 6169 0 18

3 0 528
189
1124 7406 0 10
1125 181 0 13
1126 2129 0 78
1127 1401 0 12
1128 582 0 42
1129 851 0 20
1130 1054 0 6
1131 1510 0 92
1132 791 0 39
1133 1945 0 12
1134 1382 0 17
1135 2620 0 10
1136 6955 0 10
1137 1390 0 161
1138 1420 0 8
1139 695 0 51
1140 1958 0 19
1141 269 1 81
1142 2242 0 16
1143 876 0 24
1144 3230 0 71
1145 1426 0 18
1146 2605 0 11
1147 691 0 7
1148 1144 0 13
1149 287 0 14
1150 1052 0 11
1151 732 0 22
1152 846 0 42
1153 2369 1 567
1154 1103 0 123
1155 6239 0 10
1156 933 0 53
1157 1177 0 73
1158 364 0 56
1159 6747 0 8
1160 1951 0 53
1161 7048 0 123
1162 3279 0 11
1163 2546 0 17
1164 1103 0 9
1165 1981 0 17
1166 937 0 76
1167 7997 0 7
1168 14671 0 8
1169 1427 0 8
1170 2541 0 18
1171 386 0 9
1172 1194 0 93
1173 817 0 18
1174 1843 0 24
1175 1265 0 12
1176 758 1 62
1177 13116 0 12
1178 260 0 54
1179 1413 0 32
1180 415 0 22
1181 3436 0 7
1182 1104 0 12
1183 1522 0 14
1184 665 0 36
1185 3148 0 27
1186 3442 0 288
1187 2258 0 18
1188 509 0 13
1189 7685 0 13
1190 1050 0 106
1191 7470 0 64
1192 1414 0 52
1193 1319 0 8
1194 5076 0 29
1195 1419 0 9
1196 600 0 37
1197 3114 0 11
1198 3374 0 142
1199 6838 0 11
1200 550 0 122
1201 5024 0 66
1202 1222 0 97
1203 787 0 17
1204 769 0 18
1205 664 0 53
1206 439 0 12
1207 2802 0 11
1208 678 0 74
1209 517 0 75
1210 407 0 73
1211 1282 0 30
1212 530 0 32
1213 2513 0 8
1214 1007 0 95
1215 1374 0 12
1216 8556 1 1
1217 1036 0 10
1218 249 0 10
1219 6361 0 172
1220 695 1 476
1221 773 0 5
1222 841 0 8
1223 2749 0 7
1224 171 0 17
1225 484 0 11
1226 1324 0 8
1227 180 1 0
1228 9260 0 48
1229 1010 0 13
1230 1170 0 60
1231 641 0 8
1232 1412 0 106
1233 955 0 10
1234 2785 0 20
1235 2180 0 11
1236 790 0 67
1237 605 0 9
1238 5010 0 11
1239 926 0 173
1240 7615 1 0
1241 2407 0 80
1242 5950 0 12
1243 9982 0 12
1244 637 0 15
1245 2494 0 11
1246 5002 0 107
1247 2255 0 42
1248 1289 0 14
1249 8185 0 10
1250 653 0 327
1251 858 0 15
1252 1016 0 32
1253 1975 0 10
1254 925 0 37
1255 5112 0 8
1256 5150 0 8
1257 3256 0 10
1258 1242 0 14
1259 3592 0 35
1260 155 0 36
1261 2738 0 7
1262 1021 0 9
1263 765 0 22
1264 1280 0 7
1265 889 0 221
1266 1708 0 13
1267 1136 0 10
1268 2172 0 8
1269 637 0 25
1270 7970 0 18
1271 888 0 70
1272 1416 0 13
1273 1234 0 8
1274 1674 1 0
1275 1956 0 29
1276 1427 0 18
1277 1566 0 7
1278 1174 0 11
1279 1041 0 11
1280 378 0 8
1281 921 0 32
1282 14374 0 19
1283 1943 0 9
1284 1207 0 8
1285 14110 0 7
1286 3328 0 11
1287 1239 0 31
1288 3379 0 8
1289 783 0 30
1290 579 0 90
1291 1048 0 30
1292 2290 0 10
1293 373 0 193
1294 15 0 26
1295 996 0 68
1296 2419 1 131
1297 1315 0 10
1298 561 0 9
1299 1194 0 20
1300 3672 1 0
1301 2362 0 12
1302 1521 0 8
1303 2385 1 101
1304 880 0 18
1305 6924 1 0
1306 1428 0 131
1307 3002 0 38
1308 648 0 41
1309 2321 0 7
1310 3374 1 16
1311 298 0 37
1312 669 0 8

4 0 1451
20
1313 165 0 111
1314 1968 1 20
1315 1369 0 11
1316 1556 0 9
1317 921 0 31
1318 975 0 7
1319 673 0 15
1320 1195 0 6
1321 828 0 10
1322 188 0 9
1323 354 0 9
1324 3330 0 14
1325 2888 0 51
1326 6140 0 11
1327 616 0 32
1328 1245 0 107
1329 3289 0 11
1330 687 0 38
1331 604 0 9
1332 958 0 8

5 1 1462
48
1333 900 0 7
1334 16751 0 9
1335 3299 0 10
1336 2479 0 98
1337 1744 0 38
1338 1029 0 11
1339 1824 1 0
1340 1247 0 73
1341 2434 0 40
1342 262 0 6
1343 451 0 13
1344 594 0 9
1345 2066 0 146
1346 758 0 9
1347 1942 0 12
1348 1345 0 29
1349 2927 0 13
1350 189 0 34
1351 1199 0 21
1352 2053 0 28
1353 3011 0 11
1354 488 0 7
1355 1144 0 62
1356 1740 0 8
1357 920 0 21
1358 1958 1 203
1359 1057 0 9
1360 2281 0 277
1361 2072 0 9
1362 264 0 18
1363 1622 0 108
1364 5056 0 92
1365 9115 0 20
1366 1940 0 96
1367 601 0 72
1368 1803 0 80
1369 1179 0 302
1370 3252 0 14
1371 12449 0 12
1372 912 0 67
1373 993 0 91
1374 682 0 8
1375 1856 0 148
1376 1087 0 12
1377 665 0 27
1378 1087 0 32
1379 978 0 8
1380 797 0 54

6 1 1497
48
1381 777 0 7
1382 7654 0 227
1383 1518 0 39
1384 5926 0 37
1385 2352 0 10
1386 848 0 38
1387 1298 0 2
1388 1960 0 103
1389 3386 1 566
1390 758 0 14
1391 17369 0 42
1392 1379 0 23
1393 6744 0 20
1394 765 0 25
1395 6041 0 12
1396 906 0 138
1397 1953 0 7
1398 395 0 10
1399 229 0 57
1400 4999 0 17
1401 1221 0 11
1402 771 0 9
1403 1418 0 12
1404 2901 0 12
1405 3206 0 10
1406 1628 0 131
1407 533 0 10
1408 1144 0 7
1409 1079 0 24
1410 701 0 10
1411 1528 0 10
1412 2814 0 8
1413 989 0 18
1414 1408 0 14
1415 717 0 10
1416 911 0 13
1417 2167 0 8
1418 602 0 7
1419 825 0 55
1420 2927 0 69
1421 1985 0 16
1422 2819 0 20
1423 1076 0 280
1424 1109 0 9
1425 4357 0 11
1426 2125 1 203
1427 1244 0 19
1428 1756 0 28

7 1 1497
5
1429 6193 0 9
1430 612 0 58
1431 1965 0 60
1432 2546 0 62
1433 5017 1 103

8 1 1804
23
1434 1319 0 113
1435 3243 0 9
1436 1332 0 71
1437 1160 0 11
1438 778 0 12
1439 1096 0 34
1440 989 0 53
1441 1407 0 9
1442 1900 0 74
1443 6462 0 9
1444 1343 0 8
1445 972 0 259
1446 654 0 7
1447 2811 0 84
1448 6454 0 226
1449 14447 0 20
1450 9980 0 82
1451 1110 0 66
1452 825 0 62
1453 1362 0 7
1454 3098 0 10
1455 12850 1 0
1456 1431 0 75

9 0 1805
1254
1457 2396 0 19
1458 388 0 78
1459 782 0 9
1460 1208 0 8
1461 1195 0 59
1462 353 0 11
1463 1310 0 35
1464 422 0 11
1465 1971 0 60
1466 3421 0 8
1467 6451 0 8
1468 7175 0 13
1469 505 0 20
1470 611 0 9
1471 3235 0 9
1472 1538 0 12
1473 283 0 8
1474 1940 0 29
1475 470 0 1
1476 1375 0 32
1477 7877 0 35
1478 1282 0 7
1479 625 0 19
1480 1764 0 10
1481 1824 0 9
1482 1008 0 11
1483 765 0 30
1484 1003 1 357
1485 1125 0 55
1486 7013 0 160
1487 1139 0 9
1488 2453 0 8
1489 1026 0 38
1490 5419 0 35
1491 1160 0 29
1492 2049 0 11
1493 1977 0 172
1494 2894 1 0
1495 1527 0 20
1496 484 0 222
1497 3378 0 29
1498 718 0 6
1499 1422 0 14
1500 1302 0 31
1501 584 0 10
1502 655 0 8
1503 3234 0 31
1504 2550 0 13
1505 1019 0 13
1506 993 0 71
1507 712 0 13
1508 3738 0 8
1509 449 0 11
1510 534 0 20
1511 880 1 0
1512 6739 0 214
1513 5352 0 7
1514 665 0 10
1515 3157 0 7
1516 747 1 486
1517 2623 0 30
1518 200 0 10
1519 121 0 9
1520 1985 0 53
1521 1392 0 9
1522 273 0 7
1523 632 0 11
1524 278 0 12
1525 1966 0 204
1526 588 0 12
1527 2045 0 75
1528 1508 0 9
1529 940 1 596
1530 3695 0 9
1531 333 0 16
1532 8166 0 177
1533 1741 0 87
1534 1513 0 11
1535 2882 0 61
1536 1278 0 13
1537 5019 0 30
1538 452 0 192
1539 1059 0 11
1540 7982 0 111
1541 2412 0 10
1542 582 0 229
1543 630 0 72
1544 1403 0 11
1545 9619 0 13
1546 3008 0 343
1547 571 0 42
1548 5902 0 82
1549 1115 0 13
1550 464 0 146
1551 3340 0 9
1552 3371 0 81
1553 1347 1 52
1554 2264 0 12
1555 643 0 75
1556 2806 0 73
1557 11468 0 75
1558 7578 0 13
1559 2043 0 11
1560 1853 0 6
1561 1975 0 7
1562 1947 0 94
1563 1809 0 31
1564 1400 0 12
1565 253 0 71
1566 1177 0 65
1567 680 0 130
1568 694 0 12
1569 989 0 2
1570 1522 0 20
1571 623 0 123
1572 562 0 21
1573 1042 0 358
1574 1118 0 12
1575 3191 1 6
1576 716 0 69
1577 941 1 27
1578 383 0 29
1579 1105 0 10
1580 1227 0 30
1581 923 0 11
1582 7870 0 25
1583 518 1 0
1584 3733 0 8
1585 2452 0 11
1586 2945 0 90
1587 1580 0 67
1588 1959 0 10
1589 1964 0 221
1590 648 0 72
1591 640 0 10
1592 709 0 46
1593 1961 0 13
1594 1518 0 19
1595 1410 0 12
1596 183 0 254
1597 1224 0 12
1598 1385 0 8
1599 1248 0 39
1600 1033 0 12
1601 1288 0 7
1602 171 0 13
1603 1956 0 13
1604 805 0 17
1605 3362 0 38
1606 2565 0 8
1607 1072 0 18
1608 2904 0 76
1609 478 0 9
1610 904 0 8
1611 523 0 12
1612 1696 0 152
1613 937 0 75
1614 765 0 10
1615 992 0 27
1616 670 0 9
1617 5072 0 9
1618 327 0 70
1619 7901 0 7
1620 491 0 10
1621 114 0 138
1622 1077 0 9
1623 3238 0 18
1624 1944 0 11
1625 959 0 66
1626 7567 0 67
1627 1538 0 13
1628 1698 0 13
1629 257 0 37
1630 1037 0 8
1631 10018 0 9
1632 1561 0 78
1633 1362 0 71
1634 487 0 117
1635 875 0 32
1636 1082 0 103
1637 1380 0 352
1638 2165 0 219
1639 1227 0 8
1640 3208 0 29
1641 749 0 137
1642 2881 0 37
1643 1707 1 20
1644 759 0 148
1645 1418 0 13
1646 841 0 12
1647 1205 0 11
1648 609 0 78
1649 2925 0 38
1650 535 0 79
1651 1025 0 90
1652 6745 0 7
1653 804 0 162
1654 1054 0 19
1655 3261 0 5
1656 1677 0 146
1657 296 1 0
1658 806 0 189
1659 918 0 70
1660 645 0 13
1661 1361 0 7
1662 2228 0 11
1663 1101 0 67
1664 815 0 21
1665 1027 0 77
1666 5095 0 38
1667 1232 0 11
1668 375 0 29
1669 9981 0 71
1670 374 0 15
1671 717 0 9
1672 1537 0 24
1673 360 0 11
1674 455 0 31
1675 8829 0 75
1676 3161 0 12
1677 767 0 8
1678 442 0 8
1679 3681 0 48
1680 1126 0 19
1681 1526 0 13
1682 1896 0 89
1683 554 0 129
1684 1507 0 82
1685 1965 0 38
1686 611 0 8
1687 3208 0 153
1688 3187 0 10
1689 711 0 13
1690 891 0 149
1691 637 0 12
1692 25 0 123
1693 1195 0 9
1694 1794 0 11
1695 754 0 9
1696 6229 0 38
1697 633 0 9
1698 2246 0 19
1699 14 0 9
1700 2272 0 9
1701 321 0 33
1702 1378 0 36
1703 715 0 38
1704 1155 0 8
1705 1972 0 90
1706 2384 0 216
1707 206 0 11
1708 1807 0 10
1709 303 0 32
1710 7289 0 7
1711 1144 0 11
1712 1028 0 20
1713 1147 0 13
1714 778 0 8
1715 3312 0 11
1716 1542 0 11
1717 169 0 8
1718 642 1 27
1719 758 0 9
1720 942 0 13
1721 1256 0 29
1722 7171 0 21
1723 6747 0 52
1724 296 0 13
1725 659 0 7
1726 2890 0 9
1727 8159 0 9
1728 577 1 0
1729 3362 0 10
1730 844 0 30
1731 3987 0 22
1732 3248 0 15
1733 2934 0 139
1734 195 0 165
1735 1886 0 10
1736 1961 0 73
1737 3695 0 14
1738 274 0 119
1739 464 0 30
1740 1308 0 33
1741 645 0 21
1742 2278 0 12
1743 1986 1 3
1744 1859 0 8
1745 1417 0 15
1746 13733 0 13
1747 11908 0 850
1748 2373 0 8
1749 650 0 13
1750 451 0 89
1751 2823 0 8
1752 344 0 10
1753 628 0 12
1754 1518 0 8
1755 732 0 12
1756 2448 0 24
1757 989 0 72
1758 12379 0 13
1759 1429 0 9
1760 3150 0 74
1761 1343 0 14
1762 1627 0 11
1763 10458 0 817
1764 1384 0 14
1765 817 0 39
1766 1064 0 12
1767 1537 0 69
1768 223 0 19
1769 3144 0 42
1770 1714 0 80
1771 1351 0 135
1772 1084 0 70
1773 975 0 9
1774 2634 0 147
1775 11823 0 15
1776 1989 0 14
1777 1350 0 13
1778 6557 0 21
1779 3688 0 70
1780 1026 0 10
1781 864 0 50
1782 1898 0 38
1783 3254 0 30
1784 3307 1 30
1785 668 0 39
1786 430 0 10
1787 1089 0 7
1788 1024 0 243
1789 1006 0 68
1790 1023 0 8
1791 3329 0 57
1792 1427 0 42
1793 167 0 30
1794 1429 1 0
1795 1353 1 218
1796 181 1 16
1797 1284 0 9
1798 900 0 41
1799 14375 0 44
1800 3427 0 17
1801 410 0 28
1802 2171 0 11
1803 742 0 7
1804 2560 0 11
1805 758 0 9
1806 1166 0 8
1807 960 0 11
1808 1534 0 50
1809 2559 0 80
1810 1940 1 265
1811 2929 0 136
1812 5017 0 43
1813 3284 0 10
1814 253 0 8
1815 652 0 149
1816 1970 0 66
1817 804 0 9
1818 5080 0 86
1819 1339 0 61
1820 1606 0 57
1821 2032 0 10
1822 2421 0 13
1823 7555 0 14
1824 3339 1 182
1825 857 0 11
1826 989 0 12
1827 2060 0 68
1828 1723 0 296
1829 3923 0 13
1830 503 0 9
1831 1461 0 18
1832 170 1 16
1833 851 1 0
1834 638 0 86
1835 11840 0 71
1836 3197 0 320
1837 391 0 39
1838 1117 0 8
1839 880 0 13
1840 1446 0 21
1841 4993 0 11
1842 124 0 25
1843 695 0 36
1844 1169 0 10
1845 750 0 13
1846 719 0 9
1847 1072 0 279
1848 348 0 11
1849 1099 1 29
1850 2030 1 0
1851 613 0 40
1852 1089 0 76
1853 1047 0 11
1854 261 0 6
1855 790 0 16
1856 821 0 11
1857 5906 0 112
1858 2473 0 19
1859 166 0 13
1860 3663 0 40
1861 1338 0 13
1862 3325 0 18
1863 1839 0 7
1864 6007 0 9
1865 970 0 11
1866 6952 0 13
1867 2874 0 206
1868 546 0 19
1869 1296 0 11
1870 12738 0 12
1871 2541 0 13
1872 1127 0 17
1873 1317 0 37
1874 836 0 0
1875 962 0 14
1876 181 0 11
1877 665 0 257
1878 7321 0 91
1879 672 0 9
1880 3300 0 10
1881 1271 0 42
1882 488 0 12
1883 629 0 9
1884 16402 0 13
1885 6998 0 20
1886 5110 0 20
1887 934 0 32
1888 1514 0 75
1889 1762 0 193
1890 2500 1 596
1891 644 0 87
1892 273 0 11
1893 1305 0 17
1894 1262 0 29
1895 7676 0 6
1896 541 0 12
1897 12914 0 9
1898 5959 0 12
1899 439 0 20
1900 623 0 11
1901 3947 0 12
1902 1953 0 68
1903 672 0 11
1904 1258 0 9
1905 801 0 10
1906 1943 0 8
1907 672 0 20
1908 599 0 13
1909 492 0 48
1910 927 0 7
1911 5026 0 44
1912 1540 0 83
1913 1104 0 21
1914 2236 0 7
1915 2295 0 9
1916 1303 0 11
1917 1037 0 153
1918 1263 0 10
1919 1305 0 17
1920 5139 0 7
1921 2489 0 15
1922 254 0 39
1923 1198 0 7
1924 976 0 22
1925 2101 0 10
1926 1434 0 71
1927 1252 0 78
1928 16755 0 16
1929 3305 0 13
1930 7615 0 120
1931 3285 0 12
1932 5007 0 27
1933 5011 0 29
1934 5760 0 13
1935 741 0 13
1936 239 0 18
1937 974 0 35
1938 17426 0 14
1939 1306 0 78
1940 651 0 19
1941 13070 0 52
1942 598 0 17
1943 5086 0 8
1944 952 0 11
1945 1171 0 40
1946 577 0 38
1947 2826 0 19
1948 3338 0 11
1949 7327 0 11
1950 2955 0 54
1951 371 0 250
1952 1323 0 20
1953 1408 0 88
1954 891 0 17
1955 2050 0 9
1956 7928 0 63
1957 1430 0 14
1958 989 0 34
1959 1247 0 8
1960 2094 0 12
1961 1529 0 8
1962 14 0 133
1963 2601 0 10
1964 6177 0 8
1965 1037 0 23
1966 379 0 19
1967 1702 0 15
1968 1525 0 30
1969 805 0 76
1970 1407 0 29
1971 1086 0 11
1972 1479 0 12
1973 741 0 13
1974 168 0 9
1975 1755 0 7
1976 1193 0 12
1977 1877 0 10
1978 1853 0 6
1979 3276 0 32
1980 2798 0 7
1981 1153 0 36
1982 749 0 10
1983 167 1 0
1984 624 0 8
1985 3996 0 40
1986 997 0 11
1987 158 0 20
1988 7033 0 163
1989 736 0 11
1990 1294 0 13
1991 525 0 69
1992 1975 0 100
1993 3330 0 12
1994 3286 0 11
1995 186 0 111
1996 963 1 0
1997 640 0 24
1998 3516 0 72
1999 693 0 13
2000 2190 0 9
2001 1960 0 29
2002 424 0 11
2003 497 1 30
2004 1018 0 56
2005 605 0 18
2006 5110 0 30
2007 781 0 15
2008 1344 0 10
2009 981 0 11
2010 2570 0 15
2011 1636 0 10
2012 3277 0 108
2013 6209 0 134
2014 1182 0 77
2015 6954 0 37
2016 2967 0 36
2017 838 0 91
2018 1104 0 11
2019 5929 0 35
2020 1370 0 30
2021 173 0 30
2022 3234 0 34
2023 1524 0 20
2024 2425 0 10
2025 1940 0 66
2026 5095 0 11
2027 2467 0 31
2028 1090 0 13
2029 1985 0 8
2030 1954 0 10
2031 2913 0 8
2032 834 0 37
2033 497 0 17
2034 12422 0 9
2035 7872 0 20
2036 1388 0 37
2037 1566 0 68
2038 1265 0 36
2039 1233 0 9
2040 166 0 13
2041 7382 0 110
2042 241 1 39
2043 733 0 72
2044 1284 0 18
2045 2110 0 8
2046 3379 0 37
2047 900 0 12
2048 2463 0 70
2049 3263 0 35
2050 1022 0 7
2051 378 0 187
2052 2918 0 75
2053 3161 0 50
2054 5016 0 53
2055 4997 0 83
2056 2611 0 13
2057 2452 0 9
2058 766 0 8
2059 545 0 88
2060 945 0 11
2061 7841 0 55
2062 116 0 79
2063 5784 0 13
2064 961 0 191
2065 3677 0 90
2066 1770 0 19
2067 1011 0 11
2068 922 0 11
2069 1191 0 152
2070 1008 0 6
2071 5097 0 11
2072 3311 0 12
2073 6733 0 143
2074 3724 0 198
2075 1053 0 8
2076 2341 0 36
2077 1414 0 11
2078 8189 0 40
2079 1276 0 31
2080 1461 0 23
2081 1674 0 76
2082 1206 0 147
2083 344 0 98
2084 554 0 8
2085 6798 1 133
2086 1333 0 10
2087 1538 0 10
2088 7670 0 41
2089 3464 0 8
2090 6455 0 207
2091 895 0 9
2092 738 0 18
2093 2220 0 18
2094 712 0 9
2095 1122 0 12
2096 500 0 65
2097 6220 0 22
2098 3325 0 157
2099 2406 0 11
2100 1959 0 307
2101 5041 0 788
2102 1010 0 8
2103 1621 0 25
2104 1229 0 12
2105 2737 0 11
2106 173 0 12
2107 7749 1 61
2108 3227 0 16
2109 1294 0 10
2110 379 0 24
2111 7976 0 73
2112 280 0 13
2113 2996 0 45
2114 848 0 2
2115 3375 0 142
2116 10716 0 16
2117 2858 0 28
2118 1217 0 12
2119 265 0 120
2120 2182 0 11
2121 3330 0 188
2122 1711 0 7
2123 12508 0 10
2124 3169 0 20
2125 1781 1 48
2126 4938 0 26
2127 6924 1 289
2128 2349 0 6
2129 13571 0 30
2130 468 0 10
2131 54 0 76
2132 794 0 14
2133 492 0 42
2134 471 0 59
2135 1513 0 19
2136 1238 0 10
2137 1672 0 11
2138 786 0 41
2139 1122 0 13
2140 1830 0 14
2141 1431 0 71
2142 8025 0 11
2143 12188 0 69
2144 5116 0 7
2145 2910 0 8
2146 2902 0 9
2147 1470 0 9
2148 3679 0 24
2149 579 0 44
2150 950 1 19
2151 5097 0 45
2152 2571 0 20
2153 1058 0 76
2154 3175 0 168
2155 3169 0 220
2156 1030 0 71
2157 1192 1 0
2158 643 0 39
2159 564 0 62
2160 1403 0 12
2161 1358 0 11
2162 671 0 155
2163 3374 0 24
2164 1357 0 33
2165 946 0 10
2166 1187 0 8
2167 6961 0 10
2168 6033 0 9
2169 1036 0 16
2170 2397 0 7
2171 2396 0 22
2172 1346 0 3
2173 2647 1 400
2174 6728 0 13
2175 205 0 7
2176 205 0 13
2177 2418 0 111
2178 910 0 10
2179 639 0 128
2180 435 0 11
2181 1968 0 110
2182 469 0 11
2183 14369 0 13
2184 2857 0 7
2185 3238 0 48
2186 751 0 43
2187 3245 0 14
2188 3186 0 53
2189 254 0 12
2190 2589 0 7
2191 755 0 148
2192 943 0 8
2193 334 0 71
2194 862 0 10
2195 674 0 28
2196 989 0 9
2197 900 0 71
2198 3161 0 12
2199 4087 0 8
2200 2732 0 85
2201 977 0 8
2202 1186 0 9
2203 944 0 8
2204 7693 0 16
2205 864 0 32
2206 905 0 13
2207 409 0 13
2208 1184 0 8
2209 380 0 7
2210 6451 0 97
2211 1518 0 11
2212 3475 0 24
2213 1371 0 11
2214 206 0 56
2215 1120 0 9
2216 3332 0 28
2217 1421 0 7
2218 1703 0 18
2219 598 0 11
2220 1869 0 75
2221 1667 0 11
2222 5058 0 8
2223 828 0 67
2224 2883 0 152
2225 1810 0 76
2226 1032 0 14
2227 889 1 316
2228 1107 0 77
2229 341 0 11
2230 1934 0 58
2231 619 0 12
2232 2823 0 78
2233 1981 0 13
2234 1421 0 34
2235 6876 0 42
2236 1179 0 69
2237 7958 0 143
2238 1121 0 165
2239 1302 0 85
2240 2891 0 12
2241 813 0 23
2242 22 1 447
2243 7564 0 93
2244 1945 0 20
2245 989 0 11
2246 6731 0 82
2247 2684 0 13
2248 855 0 12
2249 700 0 10
2250 1301 0 281
2251 8209 0 46
2252 12610 0 8
2253 1386 0 26
2254 445 0 22
2255 2132 0 18
2256 1358 0 185
2257 2742 0 8
2258 3011 1 217
2259 627 0 34
2260 3144 0 20
2261 3165 1 0
2262 787 0 80
2263 625 0 92
2264 1004 0 13
2265 849 0 10
2266 446 0 24
2267 690 0 11
2268 6193 0 8
2269 3789 0 9
2270 390 0 7
2271 2766 0 12
2272 1293 0 85
2273 450 0 27
2274 676 0 8
2275 12256 0 10
2276 1074 0 28
2277 2894 0 11
2278 3343 0 12
2279 2914 0 11
2280 967 0 111
2281 2282 0 18
2282 6710 0 11
2283 2893 0 45
2284 1319 0 265
2285 1631 0 36
2286 634 0 7
2287 1336 0 13
2288 2904 0 82
2289 1210 0 371
2290 1377 0 9
2291 497 0 10
2292 989 0 24
2293 267 0 13
2294 6730 0 8
2295 2848 0 76
2296 1164 0 8
2297 5087 0 16
2298 1295 0 15
2299 1975 0 12
2300 1224 0 42
2301 1525 0 22
2302 16 0 20
2303 1596 0 3
2304 1066 0 6
2305 683 0 12
2306 1141 0 13
2307 686 0 11
2308 1227 0 8
2309 2947 0 9
2310 1166 0 145
2311 346 0 13
2312 1470 0 13
2313 1966 0 12
2314 765 0 96
2315 465 1 41
2316 3725 0 55
2317 2555 0 67
2318 491 0 32
2319 1808 0 17
2320 3398 0 7
2321 1907 0 95
2322 766 0 13
2323 2333 0 11
2324 6735 0 95
2325 966 0 14
2326 1531 0 8
2327 776 0 68
2328 16535 0 8
2329 3216 0 21
2330 386 0 13
2331 316 0 13
2332 379 0 30
2333 405 0 12
2334 1287 0 9
2335 591 0 178
2336 1305 0 15
2337 3197 0 19
2338 1770 0 15
2339 466 0 9
2340 5759 0 10
2341 1019 0 11
2342 554 0 12
2343 3258 0 27
2344 6455 0 23
2345 1343 0 32
2346 2355 0 11
2347 704 0 13
2348 55 0 14
2349 5027 0 7
2350 1171 0 12
2351 1211 0 11
2352 1261 0 9
2353 861 0 9
2354 945 0 45
2355 166 0 9
2356 8887 0 13
2357 783 0 17
2358 361 0 40
2359 279 0 9
2360 957 0 11
2361 1440 0 7
2362 334 0 127
2363 3203 0 38
2364 2117 0 13
2365 1623 0 10
2366 837 0 13
2367 2583 0 7
2368 488 0 13
2369 1257 0 11
2370 1938 0 10
2371 412 0 7
2372 17389 0 9
2373 1965 0 170
2374 3385 1 26
2375 562 0 69
2376 5045 0 11
2377 2166 0 12
2378 1876 0 17
2379 3088 0 11
2380 560 0 141
2381 2880 0 13
2382 1163 0 12
2383 205 0 67
2384 830 0 7
2385 5925 0 7
2386 1976 0 45
2387 5067 0 11
2388 1733 0 11
2389 1472 0 8
2390 1391 0 90
2391 594 0 124
2392 1526 0 9
2393 1782 0 7
2394 1735 0 14
2395 1327 0 9
2396 3170 0 20
2397 1343 0 37
2398 222 0 13
2399 1759 0 7
2400 192 0 10
2401 1043 0 11
2402 3317 0 14
2403 5758 0 11
2404 1380 0 13
2405 1321 0 12
2406 1407 0 91
2407 692 0 10
2408 3236 0 13
2409 2894 0 7
2410 2410 0 32
2411 1359 0 7
2412 446 0 8
2413 2789 1 0
2414 1325 0 11
2415 683 0 7
2416 1192 0 67
2417 771 0 8
2418 965 0 12
2419 989 0 11
2420 449 0 12
2421 954 0 22
2422 725 0 20
2423 1640 0 86
2424 303 0 10
2425 838 0 72
2426 1158 0 31
2427 436 0 14
2428 2900 0 12
2429 1203 0 42
2430 968 0 10
2431 417 0 10
2432 447 0 129
2433 8188 0 11
2434 1977 0 11
2435 8191 0 44
2436 1092 0 144
2437 387 0 11
2438 1003 0 17
2439 685 0 20
2440 767 0 7
2441 880 0 15
2442 350 0 7
2443 1471 0 11
2444 1531 0 72
2445 474 0 43
2446 18127 0 45
2447 437 0 7
2448 761 0 11
2449 1238 0 80
2450 2531 0 33
2451 552 0 69
2452 14389 0 11
2453 1416 0 39
2454 1513 0 19
2455 887 0 2
2456 2019 0 11
2457 1529 0 17
2458 2902 0 11
2459 1881 0 9
2460 253 0 11
2461 1137 0 11
2462 364 0 9
2463 1372 0 24
2464 1350 0 9
2465 319 0 12
2466 1592 0 12
2467 1171 0 29
2468 534 0 44
2469 3165 0 12
2470 2444 0 41
2471 467 0 23
2472 528 0 8
2473 6911 0 10
2474 1259 0 17
2475 2002 0 26
2476 1473 0 128
2477 5145 0 9
2478 1824 0 7
2479 6744 1 400
2480 3650 0 10
2481 1641 0 13
2482 1153 0 72
2483 757 0 20
2484 1405 0 8
2485 1798 0 91
2486 221 0 60
2487 1743 0 6
2488 557 0 13
2489 1524 0 12
2490 1423 0 20
2491 9986 0 157
2492 782 0 25
2493 715 0 12
2494 236 0 10
2495 514 0 36
2496 536 0 11
2497 536 0 14
2498 1346 0 67
2499 744 0 12
2500 604 0 27
2501 7972 0 9
2502 1990 0 67
2503 933 0 7
2504 364 0 220
2505 1201 0 13
2506 993 0 20
2507 1252 0 12
2508 1220 0 91
2509 1369 0 48
2510 735 0 79
2511 8839 0 6
2512 483 0 8
2513 381 0 13
2514 1070 0 46
2515 2959 0 156
2516 181 0 11
2517 3309 0 11
2518 2819 0 47
2519 550 0 23
2520 1109 0 2
2521 13012 0 11
2522 925 0 17
2523 231 1 0
2524 1970 0 9
2525 1846 0 18
2526 1246 0 75
2527 1374 0 74
2528 407 0 107
2529 2257 0 8
2530 1154 0 9
2531 1538 0 22
2532 998 0 10
2533 602 0 9
2534 1384 0 6
2535 1406 0 40
2536 1029 0 42
2537 1036 0 13
2538 1513 0 273
2539 1387 0 8
2540 842 0 10
2541 1010 0 50
2542 1046 0 94
2543 974 0 7
2544 2460 0 10
2545 2222 0 99
2546 2292 0 26
2547 614 0 10
2548 1108 0 9
2549 1538 0 8
2550 882 0 12
2551 1413 0 167
2552 990 0 125
2553 442 0 8
2554 315 0 13
2555 650 0 12
2556 1849 0 10
2557 3613 0 8
2558 3372 0 67
2559 686 0 8
2560 636 0 143
2561 1792 0 46
2562 1529 0 10
2563 281 0 11
2564 1061 0 73
2565 8886 0 41
2566 1972 0 19
2567 322 0 21
2568 2569 0 62
2569 1410 0 109
2570 1970 0 11
2571 866 0 8
2572 3146 0 43
2573 644 1 28
2574 2779 1 0
2575 689 0 43
2576 1387 0 34
2577 558 0 26
2578 1054 0 249
2579 1487 0 52
2580 7720 0 100
2581 3095 0 30
2582 1942 0 12
2583 2289 1 0
2584 915 0 57
2585 859 0 19
2586 1045 0 10
2587 3460 0 8
2588 690 1 0
2589 2928 0 13
2590 1211 0 30
2591 413 0 19
2592 1353 0 11
2593 1265 1 0
2594 7538 0 38
2595 1453 0 16
2596 985 0 16
2597 533 0 14
2598 882 0 8
2599 1558 0 26
2600 1954 0 6
2601 467 0 12
2602 829 0 15
2603 547 0 7
2604 1028 0 21
2605 1076 0 18
2606 1988 0 34
2607 1060 0 50
2608 1435 0 10
2609 1529 0 59
2610 1513 0 13
2611 1963 0 8
2612 767 0 7
2613 1364 0 32
2614 7044 0 5
2615 1030 0 11
2616 554 0 17
2617 1104 0 31
2618 1228 0 13
2619 518 0 28
2620 1068 0 404
2621 957 0 79
2622 2653 0 111
2623 542 0 13
2624 2834 0 10
2625 1241 0 10
2626 1709 0 8
2627 14417 0 351
2628 1371 0 29
2629 1338 0 151
2630 1729 0 47
2631 166 0 13
2632 767 0 7
2633 8886 0 48
2634 1098 0 12
2635 44 0 10
2636 2746 0 37
2637 5073 0 8
2638 2733 0 81
2639 5007 0 12
2640 288 0 92
2641 5130 0 37
2642 1296 0 8
2643 1905 0 10
2644 2055 0 109
2645 1606 0 18
2646 634 0 11
2647 2283 1 16
2648 1054 0 8
2649 3306 0 71
2650 1907 0 11
2651 923 0 8
2652 1184 0 41
2653 2433 0 11
2654 663 0 7
2655 3377 0 26
2656 732 0 123
2657 2808 1 0
2658 3143 0 21
2659 720 0 24
2660 1257 0 22
2661 1518 0 112
2662 1513 0 12
2663 1751 0 13
2664 5145 0 12
2665 1538 0 7
2666 471 0 19
2667 5079 0 10
2668 1477 0 11
2669 517 0 63
2670 614 0 42
2671 1529 0 68
2672 1151 0 9
2673 786 0 13
2674 828 0 7
2675 1390 0 49
2676 427 0 9
2677 224 0 61
2678 6174 0 9
2679 1268 0 71
2680 394 0 12
2681 17258 0 10
2682 764 0 81
2683 189 1 61
2684 67 0 12
2685 1825 0 218
2686 2188 0 15
2687 534 0 9
2688 1957 0 33
2689 1504 0 95
2690 492 0 21
2691 223 0 30
2692 1430 0 19
2693 1089 0 42
2694 645 0 10
2695 2867 0 161
2696 3036 0 8
2697 1985 0 48
2698 1978 0 10
2699 792 0 7
2700 720 0 20
2701 1671 0 79
2702 571 0 31
2703 1976 0 46
2704 2902 0 54
2705 1350 0 10
2706 3190 0 13
2707 588 0 48
2708 1269 0 352
2709 8196 0 66
2710 1122 0 12

10 0 1826
202
2711 3012 0 10
2712 1084 0 188
2713 441 0 13
2714 3354 0 156
2715 3580 1 0
2716 852 0 7
2717 1346 0 7
2718 2703 1 0
2719 2548 0 114
2720 1189 0 13
2721 898 0 138
2722 3370 0 13
2723 5114 0 23
2724 474 0 11
2725 484 0 59
2726 172 0 9
2727 591 0 9
2728 680 0 11
2729 1353 0 12
2730 1418 0 11
2731 3268 1 0
2732 4419 0 11
2733 600 0 7
2734 1431 1 0
2735 3558 0 7
2736 264 1 137
2737 1943 0 93
2738 1504 0 14
2739 750 0 11
2740 1346 0 9
2741 1431 0 85
2742 576 0 9
2743 414 0 24
2744 1190 0 31
2745 882 0 138
2746 988 0 136
2747 3256 0 36
2748 428 0 105
2749 8150 0 9
2750 2798 0 43
2751 1392 0 8
2752 5083 0 11
2753 6819 0 6
2754 6783 1 0
2755 855 0 58
2756 691 0 33
2757 1964 0 47
2758 738 0 29
2759 5059 0 91
2760 2150 0 20
2761 1960 0 10
2762 573 0 100
2763 1808 0 10
2764 1696 1 86
2765 2504 0 9
2766 618 0 7
2767 1379 0 30
2768 1949 0 6
2769 2798 0 13
2770 817 0 52
2771 2694 0 44
2772 1071 0 37
2773 2178 0 71
2774 482 0 78
2775 5085 0 318
2776 744 0 13
2777 411 0 39
2778 2785 0 9
2779 2234 0 9
2780 934 0 8
2781 181 0 66
2782 381 0 25
2783 482 0 48
2784 1179 0 14
2785 634 0 233
2786 785 0 26
2787 3315 0 11
2788 2837 0 84
2789 1111 0 3
2790 5082 1 0
2791 5002 0 9
2792 708 0 9
2793 503 0 10
2794 2197 0 90
2795 1828 0 23
2796 456 0 6
2797 1511 0 67
2798 1407 0 39
2799 2603 0 9
2800 564 0 11
2801 541 0 30
2802 824 0 12
2803 878 0 111
2804 2582 0 33
2805 3638 0 48
2806 766 0 49
2807 889 1 0
2808 1053 0 50
2809 16967 0 67
2810 2203 0 8
2811 7279 0 12
2812 983 0 11
2813 373 0 9
2814 994 0 16
2815 637 0 6
2816 1188 0 130
2817 473 0 6
2818 1063 0 8
2819 1374 0 72
2820 1952 0 8
2821 1085 0 20
2822 3225 0 10
2823 5088 0 19
2824 1961 0 10
2825 957 0 11
2826 426 0 7
2827 1318 0 16
2828 865 0 10
2829 1998 0 18
2830 1722 0 7
2831 3122 0 147
2832 1410 0 8
2833 3317 0 22
2834 7282 0 80
2835 1131 0 11
2836 3160 0 42
2837 5059 0 11
2838 2917 0 7
2839 12733 0 11
2840 7361 0 45
2841 8200 0 10
2842 5115 0 40
2843 1508 0 80
2844 702 0 29
2845 5052 0 11
2846 2020 0 12
2847 763 0 12
2848 1525 0 24
2849 3376 0 6
2850 1585 0 11
2851 573 0 306
2852 1532 0 9
2853 2724 0 8
2854 1507 0 7
2855 3378 1 20
2856 32 0 11
2857 13296 0 28
2858 792 0 63
2859 688 0 10
2860 1303 0 12
2861 1978 1 315
2862 5867 0 106
2863 1437 0 9
2864 7050 0 11
2865 2220 0 239
2866 17473 0 66
2867 2197 0 9
2868 1148 0 10
2869 5039 0 14
2870 739 0 10
2871 915 0 44
2872 314 0 15
2873 1417 0 45
2874 205 0 11
2875 819 0 28
2876 1657 0 9
2877 5125 0 13
2878 436 0 175
2879 754 0 25
2880 7718 1 61
2881 3359 0 10
2882 990 0 142
2883 3159 0 80
2884 2484 0 68
2885 1102 0 15
2886 5059 0 12
2887 2264 0 10
2888 356 0 19
2889 933 0 11
2890 3166 0 31
2891 6177 0 12
2892 18 0 35
2893 1480 0 8
2894 1910 0 58
2895 3585 0 27
2896 1997 0 322
2897 546 0 35
2898 425 0 27
2899 1354 0 7
2900 2322 0 12
2901 952 0 8
2902 3313 0 64
2903 484 0 12
2904 423 0 40
2905 1957 0 13
2906 933 0 173
2907 770 0 38
2908 545 0 9
2909 1532 0 77
2910 3229 0 188
2911 2749 0 44
2912 847 0 10

11 1 1829
53
2913 668 0 8
2914 1805 0 292
2915 2058 0 169
2916 1052 0 12
2917 1985 0 13
2918 1523 0 66
2919 1190 0 15
2920 328 1 38
2921 1293 1 450
2922 568 0 9
2923 664 0 20
2924 1921 0 44
2925 356 0 69
2926 3785 0 9
2927 1538 0 211
2928 1532 0 113
2929 3248 0 16
2930 1231 0 134
2931 1618 0 28
2932 12290 0 55
2933 730 0 10
2934 1856 0 11
2935 2957 0 10
2936 7296 0 39
2937 569 0 12
2938 3322 0 10
2939 445 0 8
2940 2834 0 9
2941 600 0 11
2942 3345 0 13
2943 3159 0 9
2944 1837 0 10
2945 684 1 19
2946 561 0 51
2947 1518 0 9
2948 1050 0 169
2949 2914 0 7
2950 683 0 14
2951 2940 0 24
2952 8206 0 178
2953 1796 0 68
2954 515 0 28
2955 1989 0 13
2956 818 0 8
2957 183 0 11
2958 4088 0 54
2959 3352 0 12
2960 7387 0 13
2961 3570 0 12
2962 1336 0 10
2963 14800 0 10
2964 2674 0 110
2965 667 0 9

12 1 1834
6
2966 445 0 29
2967 1174 0 11
2968 1626 0 9
2969 483 0 13
2970 541 0 14
2971 1012 1 61

13 1 1837
1
2972 1971 0 10

14 1 1841
186
2973 1022 0 261
2974 1301 0 12
2975 1027 0 18
2976 7776 0 9
2977 767 0 37
2978 863 0 17
2979 3378 0 79
2980 1183 0 10
2981 1945 0 10
2982 384 0 13
2983 6031 0 15
2984 186 0 10
2985 614 0 46
2986 1737 0 24
2987 825 0 7
2988 2124 0 13
2989 1256 1 476
2990 2862 0 32
2991 3485 0 11
2992 837 0 36
2993 1374 0 237
2994 187 0 43
2995 1390 0 21
2996 3412 0 10
2997 1043 1 20
2998 1060 0 267
2999 236 0 38
3000 1164 0 10
3001 2480 0 98
3002 692 0 36
3003 2625 0 13
3004 489 0 11
3005 7404 0 11
3006 856 0 12
3007 1074 1 17
3008 563 1 30
3009 1408 0 15
3010 989 0 94
3011 231 0 7
3012 449 0 12
3013 5112 0 8
3014 3351 0 11
3015 3171 1 0
3016 934 0 10
3017 2850 0 8
3018 882 0 71
3019 4075 0 14
3020 1121 0 62
3021 664 0 54
3022 1662 0 49
3023 1107 0 11
3024 3495 0 38
3025 3700 0 175
3026 593 0 12
3027 959 0 39
3028 1288 0 10
3029 1017 0 13
3030 1162 0 40
3031 191 0 12
3032 5088 0 32
3033 1551 0 84
3034 1252 0 11
3035 2437 0 113
3036 7389 0 54
3037 1528 0 128
3038 859 0 10
3039 1421 0 176
3040 965 0 142
3041 3273 0 40
3042 740 0 52
3043 2317 0 14
3044 1759 0 8
3045 2836 0 49
3046 789 0 17
3047 963 0 134
3048 916 0 82
3049 1110 0 19
3050 625 0 19
3051 1917 0 10
3052 15 0 12
3053 2577 0 8
3054 7369 0 7
3055 227 0 9
3056 768 0 12
3057 1069 0 13
3058 854 0 265
3059 1506 0 13
3060 13570 0 31
3061 1392 0 14
3062 1535 0 9
3063 196 0 129
3064 1259 0 82
3065 1007 0 170
3066 1056 0 11
3067 410 0 71
3068 202 0 9
3069 2756 0 11
3070 2499 0 8
3071 1162 0 12
3072 1021 0 22
3073 3226 0 16
3074 1235 0 40
3075 1781 0 13
3076 1072 0 18
3077 2615 0 63
3078 2476 0 34
3079 255 0 11
3080 2159 0 11
3081 691 0 6
3082 872 0 19
3083 1709 0 13
3084 2791 0 14
3085 3310 0 9
3086 3927 0 81
3087 381 0 11
3088 2120 0 40
3089 6366 0 110
3090 1856 0 12
3091 1188 0 12
3092 749 0 15
3093 328 0 16
3094 181 0 7
3095 1518 0 82
3096 1766 0 23
3097 2869 0 9
3098 362 0 12
3099 1227 0 7
3100 227 0 144
3101 631 0 99
3102 1558 0 42
3103 488 0 19
3104 1365 0 13
3105 5077 0 30
3106 1073 0 20
3107 2816 0 143
3108 742 0 36
3109 6222 0 12
3110 661 0 70
3111 637 0 11
3112 8191 0 88
3113 4999 0 11
3114 912 0 10
3115 436 0 29
3116 1765 0 330
3117 1384 0 2
3118 3283 0 26
3119 1032 0 9
3120 750 1 265
3121 9979 0 49
3122 273 0 10
3123 1952 0 42
3124 2419 0 11
3125 231 0 211
3126 846 0 22
3127 2490 0 60
3128 3153 0 15
3129 856 0 7
3130 348 0 166
3131 1952 0 9
3132 2577 0 13
3133 1079 0 6
3134 1404 0 11
3135 664 0 8
3136 776 0 31
3137 740 1 517
3138 1464 0 84
3139 538 0 6
3140 1439 0 20
3141 2163 0 9
3142 639 0 254
3143 675 0 13
3144 1525 0 13
3145 1106 0 9
3146 3165 0 168
3147 652 0 125
3148 214 0 24
3149 1244 0 70
3150 767 0 10
3151 5116 0 12
3152 777 0 10
3153 4060 0 131
3154 1129 0 60
3155 2909 0 10
3156 3292 0 129
3157 952 0 12
3158 3287 0 13

15 1 1868
4
3159 442 0 6
3160 675 0 51
3161 182 0 12
3162 3203 0 16

16 1 1870
109
3163 1089 0 12
3164 251 0 11
3165 2316 0 54
3166 1014 0 7
3167 2857 0 13
3168 3235 0 10
3169 436 0 31
3170 5118 0 42
3171 1276 0 48
3172 1837 0 11
3173 1026 0 37
3174 856 0 27
3175 343 0 70
3176 1511 0 22
3177 6858 0 7
3178 765 0 40
3179 1154 1 0
3180 1933 1 0
3181 13082 0 10
3182 7493 0 11
3183 341 0 9
3184 1174 0 27
3185 756 0 33
3186 1536 0 131
3187 1518 1 0
3188 3152 0 20
3189 3569 0 19
3190 1350 0 7
3191 936 0 134
3192 3243 0 8
3193 406 0 12
3194 7 0 9
3195 1215 0 46
3196 414 0 35
3197 843 0 11
3198 1256 0 14
3199 1298 0 7
3200 1527 0 14
3201 1971 0 66
3202 168 0 43
3203 3344 0 7
3204 1337 0 17
3205 658 0 23
3206 1179 0 12
3207 6365 0 35
3208 430 0 88
3209 982 0 70
3210 849 0 9
3211 1330 0 37
3212 1294 0 69
3213 930 0 54
3214 8829 0 28
3215 716 0 8
3216 371 0 8
3217 1230 0 19
3218 6727 0 34
3219 821 0 34
3220 1294 0 20
3221 5108 0 8
3222 313 0 103
3223 2627 0 178
3224 1519 0 11
3225 3266 0 79
3226 723 0 93
3227 3242 0 7
3228 748 0 69
3229 986 0 34
3230 5121 0 72
3231 672 0 17
3232 1093 0 17
3233 1028 0 11
3234 838 0 12
3235 1025 0 7
3236 1504 0 16
3237 2000 0 141
3238 671 0 74
3239 421 0 36
3240 393 0 19
3241 1508 0 108
3242 687 0 11
3243 504 0 23
3244 3270 0 44
3245 838 0 148
3246 3050 0 69
3247 733 0 247
3248 545 0 9
3249 622 0 9
3250 1885 0 10
3251 2868 0 23
3252 1620 0 169
3253 2807 0 34
3254 3242 0 11
3255 241 0 11
3256 526 0 10
3257 1328 0 9
3258 7033 0 38
3259 1352 0 13
3260 1381 0 13
3261 856 0 47
3262 7287 0 26
3263 1266 1 0
3264 693 0 162
3265 261 0 28
3266 1968 0 154
3267 1640 0 9
3268 2421 0 78
3269 5871 0 8
3270 1823 0 18
3271 1419 0 9

17 1 1871
40
3272 1566 0 8
3273 2841 0 96
3274 881 0 49
3275 1078 0 12
3276 13008 0 132
3277 1424 0 39
3278 1073 0 14
3279 1513 0 131
3280 654 0 10
3281 1948 0 41
3282 1407 0 56
3283 1283 0 12
3284 5013 0 140
3285 3253 0 37
3286 1194 0 9
3287 1728 0 18
3288 2003 0 17
3289 536 0 12
3290 1341 0 17
3291 687 0 189
3292 429 0 7
3293 3271 0 30
3294 252 0 9
3295 1044 0 9
3296 1653 0 52
3297 772 0 8
3298 3233 0 8
3299 896 0 59
3300 8119 0 13
3301 6157 1 0
3302 716 1 0
3303 598 0 14
3304 1282 0 56
3305 689 0 7
3306 537 0 10
3307 416 0 11
3308 2890 0 109
3309 1690 0 11
3310 530 0 7
3311 2938 0 14

18 1 1877
1
3312 2965 0 12

19 0 1884
160
3313 777 0 13
3314 1513 0 41
3315 476 0 16
3316 2860 0 29
3317 3553 0 10
3318 700 0 67
3319 6187 0 12
3320 1806 0 82
3321 2287 0 9
3322 1178 0 31
3323 563 0 102
3324 1003 0 17
3325 7310 0 136
3326 3233 0 10
3327 1386 0 44
3328 2461 0 14
3329 745 0 19
3330 989 0 11
3331 1785 0 18
3332 1432 0 63
3333 1366 0 69
3334 1640 0 23
3335 1168 0 11
3336 3730 0 17
3337 1176 0 11
3338 2296 0 196
3339 187 0 17
3340 727 0 18
3341 394 0 24
3342 8373 0 91
3343 587 0 60
3344 1537 0 9
3345 768 0 72
3346 1727 0 73
3347 3372 0 10
3348 1573 0 12
3349 1175 0 10
3350 1328 0 119
3351 3331 0 9
3352 1187 0 8
3353 580 0 11
3354 1173 0 251
3355 685 0 58
3356 1561 0 11
3357 1038 0 132
3358 2052 0 9
3359 563 0 12
3360 788 0 10
3361 453 0 7
3362 685 0 12
3363 3421 0 141
3364 989 0 12
3365 1336 0 150
3366 1475 0 37
3367 1201 0 221
3368 7546 0 10
3369 7410 0 32
3370 1424 0 10
3371 1306 0 8
3372 2188 0 8
3373 1176 0 15
3374 1077 0 8
3375 1106 0 149
3376 13008 0 13
3377 2124 0 16
3378 1808 0 17
3379 859 0 16
3380 1187 0 19
3381 1381 0 7
3382 556 0 2
3383 1504 0 9
3384 1098 0 17
3385 1961 0 50
3386 1126 0 7
3387 420 0 59
3388 2132 0 14
3389 6232 0 16
3390 658 0 81
3391 1160 1 0
3392 1158 0 6
3393 1413 0 67
3394 1617 0 11
3395 895 0 9
3396 1024 0 10
3397 1973 0 10
3398 767 0 103
3399 2859 0 96
3400 3231 0 25
3401 1676 0 13
3402 9312 0 13
3403 424 0 15
3404 5120 0 10
3405 3271 0 217
3406 1984 0 12
3407 179 0 9
3408 174 0 184
3409 1088 0 9
3410 429 0 28
3411 1188 0 63
3412 676 0 36
3413 11606 0 55
3414 1358 0 10
3415 649 0 39
3416 1524 0 16
3417 1132 0 9
3418 2471 0 17
3419 417 0 81
3420 1949 0 63
3421 1163 0 307
3422 2872 0 11
3423 2433 0 9
3424 2999 0 174
3425 1829 0 274
3426 2074 0 7
3427 2432 0 28
3428 3140 1 0
3429 1345 0 13
3430 7936 1 41
3431 6366 0 7
3432 1418 0 113
3433 3149 0 14
3434 1244 0 6
3435 1004 0 59
3436 2063 0 9
3437 5113 0 10
3438 3926 0 11
3439 625 0 132
3440 3362 0 40
3441 1228 0 42
3442 3311 0 12
3443 522 0 9
3444 993 0 110
3445 3367 0 69
3446 1089 0 16
3447 1017 0 51
3448 1139 1 0
3449 14371 0 13
3450 192 0 11
3451 964 0 15
3452 633 0 236
3453 1658 0 13
3454 3027 0 376
3455 3929 0 15
3456 590 0 25
3457 1538 0 11
3458 906 0 11
3459 2009 0 13
3460 2486 0 33
3461 234 0 140
3462 3224 0 111
3463 1580 0 22
3464 1207 1 0
3465 5054 0 97
3466 908 0 7
3467 1216 0 28
3468 2698 0 13
3469 703 0 10
3470 3029 0 12
3471 1506 0 52
3472 1329 0 22

20 1 1908
190
3473 1529 0 69
3474 733 0 8
3475 26 0 11
3476 947 0 8
3477 537 0 33
3478 1430 0 12
3479 9 0 28
3480 836 0 43
3481 239 0 16
3482 3345 0 160
3483 1972 0 20
3484 490 0 77
3485 1991 0 28
3486 3361 0 13
3487 3632 0 57
3488 417 0 12
3489 1169 0 40
3490 329 0 71
3491 1042 0 13
3492 337 0 37
3493 566 0 19
3494 1005 0 8
3495 555 0 181
3496 1518 1 6
3497 3164 0 8
3498 442 0 12
3499 2141 0 185
3500 391 0 12
3501 967 0 31
3502 936 0 13
3503 1157 1 0
3504 1032 0 10
3505 1077 0 13
3506 1958 0 39
3507 1967 0 16
3508 989 0 31
3509 1904 0 40
3510 572 0 148
3511 1082 0 9
3512 241 0 8
3513 3273 0 8
3514 502 0 10
3515 1513 0 10
3516 14374 0 62
3517 5057 0 99
3518 1516 0 78
3519 14377 0 32
3520 1058 0 10
3521 497 0 347
3522 892 0 11
3523 3371 0 13
3524 9980 1 0
3525 444 0 7
3526 712 0 178
3527 1171 0 13
3528 1780 0 24
3529 989 0 36
3530 2037 0 11
3531 1529 1 47
3532 3249 0 11
3533 12910 0 15
3534 13061 0 7
3535 957 0 29
3536 5118 1 83
3537 458 0 91
3538 539 0 11
3539 2116 0 12
3540 1269 0 7
3541 2313 0 46
3542 3252 0 310
3543 856 0 13
3544 260 0 12
3545 492 0 8
3546 2244 0 7
3547 6079 0 30
3548 719 0 40
3549 471 0 89
3550 2827 0 8
3551 2429 0 19
3552 1987 0 7
3553 1091 0 19
3554 408 0 13
3555 2417 0 38
3556 7301 0 618
3557 3353 0 7
3558 1969 0 67
3559 855 0 13
3560 1518 1 24
3561 989 0 16
3562 420 0 37
3563 987 0 99
3564 995 0 13
3565 1039 0 159
3566 16098 0 10
3567 1214 0 12
3568 1960 0 75
3569 279 0 10
3570 1253 0 91
3571 22 0 28
3572 6192 0 11
3573 674 0 10
3574 1504 0 11
3575 2076 0 13
3576 1068 0 372
3577 1334 0 8
3578 1383 0 18
3579 617 0 66
3580 3100 0 88
3581 143 0 217
3582 995 0 31
3583 7334 0 16
3584 3376 0 22
3585 6806 0 18
3586 1020 1 249
3587 1511 0 65
3588 537 0 61
3589 1600 0 38
3590 1483 0 22
3591 244 0 17
3592 903 0 11
3593 1178 0 10
3594 3225 0 107
3595 1055 0 32
3596 2360 0 12
3597 1033 0 8
3598 407 0 12
3599 720 0 82
3600 429 0 54
3601 2140 0 63
3602 1423 0 9
3603 1948 0 93
3604 1953 0 27
3605 1153 0 24
3606 1175 0 12
3607 1899 0 74
3608 202 0 7
3609 1963 0 7
3610 681 0 40
3611 3359 0 71
3612 11177 0 9
3613 1938 0 24
3614 1178 0 23
3615 2375 0 142
3616 2709 0 8
3617 541 0 180
3618 1080 0 19
3619 507 0 20
3620 1212 0 167
3621 3432 0 8
3622 7183 0 10
3623 8097 0 12
3624 1101 0 122
3625 1416 0 11
3626 7051 0 9
3627 4337 0 18
3628 697 0 68
3629 2105 0 8
3630 1013 0 41
3631 315 0 21
3632 178 0 20
3633 1692 0 13
3634 2589 0 34
3635 1280 0 73
3636 2054 0 14
3637 1240 0 29
3638 7410 0 11
3639 3363 0 67
3640 324 0 5
3641 1652 0 22
3642 3070 0 9
3643 1724 0 9
3644 3178 0 16
3645 377 0 13
3646 529 0 12
3647 1679 0 19
3648 613 0 7
3649 693 1 90
3650 1303 0 23
3651 962 0 8
3652 5080 0 10
3653 2883 0 20
3654 1851 0 41
3655 3277 0 222
3656 5061 0 10
3657 3149 0 30
3658 447 0 137
3659 3217 0 10
3660 1243 0 9
3661 1595 0 35
3662 2535 0 12

21 1 1916
179
3663 537 0 146
3664 5088 0 12
3665 1893 0 32
3666 3298 0 15
3667 514 0 8
3668 1124 0 13
3669 221 0 15
3670 1407 0 167
3671 278 0 11
3672 3314 0 34
3673 1393 0 11
3674 4106 0 9
3675 677 0 7
3676 12773 0 57
3677 175 0 66
3678 3596 0 196
3679 2471 0 10
3680 5072 0 51
3681 16935 0 13
3682 2613 0 10
3683 2930 0 13
3684 12462 0 10
3685 1960 0 13
3686 2947 1 0
3687 483 0 7
3688 543 0 9
3689 1538 0 7
3690 7316 0 16
3691 1465 0 38
3692 1057 0 12
3693 2819 0 244
3694 1546 1 0
3695 2290 0 11
3696 1306 0 22
3697 11796 0 9
3698 975 0 29
3699 861 0 8
3700 1407 0 9
3701 2090 0 11
3702 677 0 34
3703 2032 0 8
3704 3261 0 86
3705 610 0 11
3706 1985 0 8
3707 631 0 133
3708 834 0 23
3709 1721 1 4
3710 989 0 9
3711 3190 0 16
3712 3007 0 227
3713 2729 0 8
3714 282 0 6
3715 5048 0 23
3716 757 0 24
3717 433 0 13
3718 2541 0 11
3719 2491 1 0
3720 1195 0 18
3721 983 0 30
3722 1529 0 7
3723 1185 1 6
3724 445 0 11
3725 779 0 25
3726 2171 0 47
3727 3374 0 10
3728 1228 0 13
3729 768 0 35
3730 3827 0 51
3731 553 0 42
3732 225 0 210
3733 344 0 24
3734 306 0 18
3735 526 0 8
3736 1953 0 11
3737 833 0 99
3738 590 0 12
3739 2805 0 13
3740 1940 0 60
3741 1320 0 27
3742 2245 0 11
3743 2934 0 149
3744 3315 0 12
3745 421 0 11
3746 895 0 91
3747 14371 0 9
3748 2065 0 61
3749 12752 0 67
3750 1639 0 13
3751 1103 0 14
3752 1053 0 36
3753 1074 0 88
3754 3756 0 418
3755 968 0 11
3756 8177 1 195
3757 549 0 13
3758 2086 0 69
3759 1926 0 13
3760 596 0 43
3761 1355 0 13
3762 593 0 13
3763 465 0 95
3764 1207 0 33
3765 6475 0 13
3766 784 1 0
3767 972 0 11
3768 1916 0 13
3769 359 0 49
3770 1426 1 17
3771 1121 0 10
3772 7264 0 10
3773 1529 0 68
3774 828 0 24
3775 1437 0 128
3776 2283 0 9
3777 495 0 105
3778 933 0 68
3779 1218 0 6
3780 1528 0 187
3781 7005 0 34
3782 1528 0 8
3783 1231 0 76
3784 1976 0 11
3785 3754 0 8
3786 14374 0 11
3787 917 0 57
3788 1415 0 15
3789 13017 0 10
3790 13006 0 82
3791 1893 0 11
3792 3735 0 7
3793 742 0 80
3794 2735 0 25
3795 2005 0 21
3796 1125 0 35
3797 1140 0 13
3798 977 0 13
3799 3221 0 8
3800 2048 0 13
3801 430 0 12
3802 3556 0 11
3803 750 0 201
3804 2451 0 63
3805 3452 0 13
3806 1163 0 98
3807 949 0 8
3808 1010 0 8
3809 1537 0 18
3810 1074 0 17
3811 472 0 78
3812 1953 0 13
3813 16119 0 9
3814 894 0 15
3815 487 0 33
3816 1557 0 171
3817 721 0 57
3818 2901 0 26
3819 787 0 10
3820 1964 0 9
3821 1513 0 38
3822 13918 1 516
3823 1101 0 13
3824 1529 0 71
3825 2050 0 16
3826 2389 0 27
3827 989 0 33
3828 5047 0 36
3829 2823 0 39
3830 168 0 104
3831 1677 0 162
3832 1275 0 8
3833 489 0 20
3834 1295 0 32
3835 4997 0 14
3836 1044 0 12
3837 3165 0 10
3838 2915 0 54
3839 1724 0 0
3840 641 0 111
3841 3415 1 101

22 1 1922
127
3842 588 1 16
3843 1959 0 11
3844 391 0 10
3845 3234 0 161
3846 1126 1 316
3847 1236 0 112
3848 1204 0 17
3849 171 0 36
3850 3152 0 105
3851 101 0 55
3852 3655 0 43
3853 3925 0 22
3854 2211 0 13
3855 1919 0 10
3856 1424 0 21
3857 3712 0 9
3858 435 0 148
3859 347 0 9
3860 1331 0 7
3861 574 0 7
3862 1987 0 53
3863 5072 0 25
3864 3265 0 11
3865 2938 0 52
3866 2871 0 7
3867 1980 0 10
3868 1314 0 11
3869 989 0 56
3870 784 0 9
3871 1038 0 6
3872 438 0 30
3873 1449 0 70
3874 959 0 28
3875 7048 1 0
3876 1712 0 11
3877 200 0 31
3878 3207 0 317
3879 1347 0 11
3880 1068 0 13
3881 1069 0 50
3882 1044 0 31
3883 1415 0 264
3884 3747 0 13
3885 1090 0 27
3886 1015 0 70
3887 1989 0 7
3888 2934 0 12
3889 886 0 11
3890 410 0 7
3891 5055 0 9
3892 3143 0 13
3893 2375 0 16
3894 2491 0 5
3895 2320 0 13
3896 218 0 17
3897 1236 0 8
3898 1217 0 11
3899 6561 0 7
3900 2461 0 9
3901 581 0 15
3902 7409 0 92
3903 2777 0 11
3904 2161 0 67
3905 1782 0 26
3906 1193 0 27
3907 828 0 222
3908 786 0 11
3909 3791 0 190
3910 5037 0 14
3911 3236 0 140
3912 532 0 12
3913 234 0 13
3914 2911 0 40
3915 1965 0 28
3916 1952 0 11
3917 1823 0 18
3918 1976 0 10
3919 406 0 44
3920 992 0 10
3921 1983 0 10
3922 2322 0 11
3923 3347 0 17
3924 940 0 104
3925 1784 0 8
3926 1132 0 99
3927 2889 0 147
3928 2378 0 29
3929 2115 0 11
3930 17302 0 109
3931 6746 0 19
3932 1979 0 145
3933 5061 1 30
3934 1058 0 13
3935 1363 0 12
3936 1140 0 7
3937 570 0 8
3938 898 0 146
3939 3310 0 106
3940 3290 0 11
3941 1513 0 9
3942 1146 0 39
3943 3027 0 41
3944 1402 0 75
3945 1694 0 131
3946 16443 0 8
3947 741 0 7
3948 1692 0 83
3949 1011 0 61
3950 935 1 41
3951 1803 0 19
3952 799 0 25
3953 1363 0 7
3954 659 0 14
3955 1094 0 26
3956 2913 0 63
3957 1778 0 19
3958 1695 0 8
3959 331 0 67
3960 774 0 7
3961 441 0 11
3962 1976 0 216
3963 3868 0 10
3964 618 1 21
3965 5132 0 11
3966 858 0 76
3967 3341 0 10
3968 16370 0 9

23 0 1954
22
3969 906 0 11
3970 1429 0 9
3971 1566 0 144
3972 925 0 14
3973 1401 0 13
3974 1221 0 85
3975 536 0 10
3976 2856 0 149
3977 1522 0 17
3978 1313 0 12
3979 1206 0 15
3980 1955 0 15
3981 1366 0 11
3982 1114 0 11
3983 1293 0 21
3984 387 0 12
3985 2430 0 49
3986 710 0 66
3987 1340 0 10
3988 245 0 143
3989 1474 0 12
3990 6510 0 14

24 0 2321
127
3991 1420 0 22
3992 368 0 7
3993 7861 0 10
3994 978 0 13
3995 1806 0 7
3996 371 0 10
3997 1136 0 53
3998 5786 0 51
3999 2898 0 10
4000 191 0 80
4001 3158 0 7
4002 2215 0 10
4003 12819 0 29
4004 1309 0 9
4005 944 0 8
4006 3237 0 102
4007 7663 0 76
4008 1371 0 19
4009 228 0 40
4010 362 0 10
4011 372 0 7
4012 2143 0 19
4013 1363 0 20
4014 2497 0 13
4015 9314 0 49
4016 1129 0 112
4017 1720 0 11
4018 1900 0 11
4019 1969 0 193
4020 620 0 71
4021 701 0 14
4022 1225 0 20
4023 523 0 11
4024 931 0 11
4025 1231 0 57
4026 869 0 8
4027 1898 0 9
4028 695 0 106
4029 1277 0 41
4030 13375 0 8
4031 3797 0 19
4032 156 0 12
4033 1420 0 14
4034 1084 0 19
4035 973 0 7
4036 1231 0 29
4037 2860 0 6
4038 865 0 57
4039 2249 0 27
4040 1537 0 22
4041 5056 0 32
4042 537 0 118
4043 989 0 110
4044 792 0 7
4045 167 0 7
4046 1957 0 9
4047 5023 0 8
4048 2815 0 32
4049 215 0 10
4050 213 0 108
4051 1167 0 7
4052 439 0 23
4053 770 0 17
4054 2464 0 9
4055 1513 0 9
4056 376 0 21
4057 941 0 12
4058 2749 0 149
4059 1945 0 9
4060 731 0 26
4061 1948 0 68
4062 7363 0 247
4063 1602 0 49
4064 12804 0 71
4065 1137 0 82
4066 11791 0 13
4067 4995 0 24
4068 6220 0 8
4069 9303 0 10
4070 3430 0 14
4071 1402 0 7
4072 1227 1 0
4073 3268 0 35
4074 1951 0 9
4075 511 0 9
4076 1056 0 98
4077 1281 0 10
4078 687 0 113
4079 2242 0 37
4080 922 0 10
4081 1165 0 33
4082 660 0 49
4083 1815 0 14
4084 1383 0 65
4085 1141 0 65
4086 1328 0 40
4087 440 0 7
4088 131 0 14
4089 822 0 29
4090 3928 0 27
4091 1518 0 8
4092 2040 0 8
4093 482 0 14
4094 5136 0 8
4095 2137 0 219
4096 1109 0 11
4097 615 0 12
4098 1481 0 15
4099 838 0 11
4100 2734 0 11
4101 13004 0 21
4102 1206 0 13
4103 3215 0 13
4104 3376 0 38
4105 2906 0 83
4106 3405 0 38
4107 5057 0 141
4108 1202 0 38
4109 569 0 10
4110 673 0 50
4111 989 0 11
4112 2875 0 14
4113 635 0 24
4114 2134 0 12
4115 623 0 12
4116 3242 0 11
4117 1415 0 6

25 1 2584
52
4118 2409 0 107
4119 1126 0 13
4120 520 0 19
4121 2809 0 122
4122 8914 0 9
4123 704 0 10
4124 823 0 10
4125 1109 1 29
4126 1508 0 16
4127 3379 0 104
4128 1004 0 7
4129 6716 0 17
4130 1898 0 27
4131 802 0 14
4132 549 0 9
4133 163 0 8
4134 1528 0 21
4135 1974 0 8
4136 1032 0 78
4137 2466 0 20
4138 1311 0 154
4139 1975 0 24
4140 5836 0 18
4141 2953 0 7
4142 3356 1 0
4143 1513 0 13
4144 1251 0 33
4145 1110 0 13
4146 843 0 9
4147 1038 0 8
4148 1212 0 9
4149 241 0 19
4150 2194 0 70
4151 2144 0 41
4152 2906 0 100
4153 954 0 21
4154 16146 1 64
4155 1963 0 187
4156 272 0 9
4157 846 0 11
4158 7333 0 16
4159 549 0 177
4160 994 0 36
4161 333 0 89
4162 419 0 10
4163 1976 0 19
4164 2632 0 37
4165 6640 0 25
4166 174 0 63
4167 3691 0 12
4168 598 0 8
4169 1592 0 9

26 1 2612
3
4170 807 0 9
4171 2864 0 18
4172 511 1 61

27 1 2617
54
4173 1952 0 29
4174 202 0 18
4175 2888 0 16
4176 2468 0 224
4177 1635 0 7
4178 226 0 34
4179 1214 0 92
4180 2934 0 26
4181 1330 1 33
4182 2467 0 13
4183 8907 0 160
4184 12377 0 6
4185 736 1 0
4186 989 0 16
4187 138 0 7
4188 5054 0 8
4189 3281 0 14
4190 495 0 62
4191 925 0 10
4192 1299 0 13
4193 1415 0 41
4194 1013 0 97
4195 2682 0 198
4196 519 0 11
4197 1172 0 9
4198 655 0 16
4199 7049 0 8
4200 5002 0 13
4201 580 0 79
4202 350 0 27
4203 8886 0 11
4204 181 0 276
4205 996 0 34
4206 3613 0 9
4207 181 0 38
4208 751 0 7
4209 1647 0 13
4210 792 0 66
4211 2505 0 16
4212 386 0 77
4213 3350 0 80
4214 1206 0 10
4215 503 0 7
4216 1025 0 9
4217 1418 0 20
4218 581 0 18
4219 1917 0 11
4220 1408 1 477
4221 1525 1 76
4222 5031 0 107
4223 3274 0 13
4224 606 0 9
4225 849 0 11
4226 541 0 39

28 1 2619
8
4227 3581 0 63
4228 508 0 10
4229 380 0 110
4230 532 0 62
4231 1001 0 22
4232 3214 0 49
4233 687 0 13
4234 2288 0 16

29 0 2629
31
4235 872 0 14
4236 512 0 147
4237 330 0 68
4238 12450 0 53
4239 2440 1 8
4240 247 0 11
4241 560 0 71
4242 1424 0 35
4243 706 0 36
4244 748 0 8
4245 244 0 22
4246 1370 0 10
4247 1042 0 13
4248 1377 0 14
4249 1425 0 11
4250 2198 0 9
4251 982 0 4
4252 1513 0 6
4253 1422 0 94
4254 1599 0 17
4255 8198 0 6
4256 755 0 12
4257 1379 0 32
4258 2155 0 21
4259 942 0 68
4260 1083 0 111
4261 1109 0 18
4262 2551 0 7
4263 440 0 9
4264 170 0 12
4265 1227 1 15

30 1 2630
4
4266 989 0 51
4267 1368 0 12
4268 235 0 12
4269 1907 0 11

31 1 2632
22
4270 1408 0 188
4271 1969 0 30
4272 1209 0 59
4273 797 0 8
4274 1503 0 13
4275 1795 0 18
4276 563 0 37
4277 260 0 19
4278 747 0 42
4279 1124 0 19
4280 459 0 8
4281 338 0 69
4282 688 0 27
4283 3213 0 132
4284 16281 0 9
4285 2790 0 10
4286 1630 0 66
4287 1965 0 8
4288 3097 0 70
4289 1067 0 26
4290 170 0 8
4291 541 0 18

32 1 2633
167
4292 645 0 77
4293 3297 0 9
4294 2345 1 20
4295 12871 0 8
4296 3349 0 8
4297 977 0 10
4298 1674 0 9
4299 1608 0 143
4300 2830 0 107
4301 2872 0 43
4302 1266 0 18
4303 537 0 70
4304 301 0 11
4305 857 0 16
4306 3709 0 18
4307 1098 0 10
4308 2617 0 12
4309 1108 0 8
4310 2070 0 100
4311 3371 0 9
4312 1958 0 12
4313 7272 0 85
4314 1756 0 14
4315 1992 0 38
4316 7571 0 68
4317 1509 0 19
4318 2437 0 23
4319 964 1 164
4320 710 0 10
4321 1302 0 35
4322 799 0 70
4323 371 0 13
4324 1199 0 38
4325 2503 1 0
4326 1170 0 70
4327 3519 0 63
4328 1407 0 164
4329 2127 0 13
4330 1017 0 7
4331 1101 0 8
4332 1869 1 0
4333 6452 0 8
4334 1219 0 12
4335 695 0 7
4336 1374 1 0
4337 1311 0 99
4338 3122 0 8
4339 1254 0 26
4340 2152 0 30
4341 1845 0 69
4342 1324 0 20
4343 1503 0 9
4344 870 0 11
4345 2846 0 8
4346 500 0 9
4347 1106 0 9
4348 2445 0 89
4349 1084 0 119
4350 2133 0 25
4351 442 0 392
4352 2157 0 8
4353 869 0 66
4354 1954 0 79
4355 1636 0 18
4356 1949 0 12
4357 406 0 10
4358 7631 0 10
4359 445 0 27
4360 6220 0 37
4361 1824 0 21
4362 5 0 0
4363 343 0 12
4364 6954 0 37
4365 3522 0 154
4366 330 0 73
4367 403 0 193
4368 1593 0 43
4369 3913 0 76
4370 2805 0 11
4371 7987 0 64
4372 2478 0 12
4373 1219 0 7
4374 2561 0 11
4375 1390 0 56
4376 73 0 11
4377 17658 0 265
4378 931 0 12
4379 1951 1 0
4380 2910 0 9
4381 3606 0 128
4382 766 0 44
4383 1940 0 109
4384 3224 1 16
4385 1142 0 132
4386 655 0 76
4387 621 0 10
4388 807 0 44
4389 1522 1 0
4390 11913 0 129
4391 3170 0 9
4392 1636 0 23
4393 291 1 137
4394 3391 0 12
4395 1348 0 70
4396 408 0 11
4397 1942 0 9
4398 1304 0 10
4399 221 0 11
4400 7356 0 39
4401 1081 0 14
4402 1202 0 155
4403 655 1 8
4404 1530 0 20
4405 248 0 17
4406 1161 0 28
4407 319 0 40
4408 7362 0 71
4409 1154 0 77
4410 3336 0 12
4411 2300 0 35
4412 1341 0 11
4413 897 0 8
4414 1132 0 11
4415 1553 0 57
4416 2310 0 27
4417 5308 0 14
4418 319 0 53
4419 2746 0 144
4420 1104 0 8
4421 574 0 7
4422 2566 0 8
4423 2554 0 8
4424 2286 0 17
4425 5118 0 8
4426 3344 0 11
4427 6537 0 17
4428 1091 0 28
4429 893 0 11
4430 2953 0 9
4431 2541 0 68
4432 3061 0 10
4433 1489 0 52
4434 3349 0 9
4435 1033 0 11
4436 206 0 8
4437 579 0 11
4438 2022 0 14
4439 1289 0 27
4440 1697 0 24
4441 1980 0 8
4442 1461 0 14
4443 1338 0 19
4444 5146 0 82
4445 1074 0 8
4446 11795 0 7
4447 1642 0 9
4448 3306 0 292
4449 11610 0 5
4450 1527 0 97
4451 1538 0 63
4452 1299 0 12
4453 2152 0 32
4454 2244 0 24
4455 2125 0 43
4456 1133 0 11
4457 740 0 36
4458 2271 1 0

33 1 2636
9
4459 2330 0 67
4460 3318 0 13
4461 1537 0 50
4462 2062 0 62
4463 2563 0 10
4464 2815 0 10
4465 1514 0 12
4466 186 0 11
4467 353 0 11

34 1 2794
52
4468 1538 0 14
4469 1700 0 29
4470 6554 0 12
4471 628 0 13
4472 2433 0 40
4473 3362 0 12
4474 2204 0 8
4475 1021 0 40
4476 7358 0 45
4477 704 1 62
4478 6147 0 18
4479 1331 0 50
4480 1645 0 19
4481 2647 1 17
4482 2914 0 95
4483 3193 0 19
4484 1281 0 77
4485 2680 0 88
4486 2109 0 12
4487 340 0 10
4488 345 0 9
4489 6951 0 69
4490 417 0 10
4491 525 0 103
4492 1524 0 10
4493 921 0 13
4494 1671 0 21
4495 2674 0 183
4496 1507 0 9
4497 2553 0 11
4498 3313 0 13
4499 6490 0 10
4500 1207 0 47
4501 2500 0 8
4502 537 0 10
4503 2955 0 37
4504 1072 0 9
4505 840 0 34
4506 932 0 11
4507 1297 0 46
4508 107 0 8
4509 1088 0 15
4510 3299 0 39
4511 1121 0 11
4512 13008 0 5
4513 1407 0 17
4514 2226 0 11
4515 1537 0 10
4516 8893 0 8
4517 2910 0 35
4518 1963 0 11
4519 1986 0 16

35 0 2798
23
4520 2537 0 37
4521 273 0 36
4522 1431 0 18
4523 3337 0 10
4524 1208 0 9
4525 1848 0 13
4526 3349 0 51
4527 13095 0 24
4528 9751 0 12
4529 743 0 18
4530 225 0 11
4531 1852 0 42
4532 796 0 100
4533 3350 0 13
4534 8194 0 139
4535 865 0 145
4536 869 0 68
4537 5073 0 11
4538 2661 0 20
4539 1034 0 30
4540 575 0 9
4541 2857 0 9
4542 6234 0 11

36 1 2807
26
4543 3149 0 13
4544 809 1 17
4545 1949 0 46
4546 1325 0 108
4547 3192 0 7
4548 14456 0 20
4549 3313 0 9
4550 2333 0 9
4551 1172 0 38
4552 1696 0 42
4553 5133 0 13
4554 1529 0 41
4555 8831 0 8
4556 989 0 92
4557 1154 0 51
4558 2827 0 69
4559 1343 0 9
4560 7385 0 49
4561 3167 0 139
4562 898 0 13
4563 7375 0 18
4564 713 0 8
4565 943 0 145
4566 1408 0 212
4567 1174 0 11
4568 1537 0 75

37 1 2827
105
4569 1256 0 63
4570 544 0 8
4571 1207 0 6
4572 912 1 100
4573 589 0 71
4574 2808 0 19
4575 1044 0 39
4576 672 0 11
4577 1333 0 11
4578 2801 0 15
4579 1951 0 8
4580 629 1 595
4581 3358 0 8
4582 1091 0 32
4583 6154 0 12
4584 251 0 33
4585 1020 1 20
4586 2348 0 11
4587 1873 0 25
4588 642 0 13
4589 816 0 28
4590 1411 0 18
4591 1518 0 15
4592 1815 0 51
4593 846 0 15
4594 6244 0 165
4595 1660 0 12
4596 1984 0 18
4597 1038 0 16
4598 2569 0 9
4599 1684 0 46
4600 599 0 8
4601 1575 1 40
4602 465 0 19
4603 6736 0 11
4604 688 0 11
4605 1547 0 11
4606 2797 1 0
4607 1454 0 13
4608 3303 0 62
4609 267 0 10
4610 1860 0 49
4611 736 0 9
4612 616 0 10
4613 9551 0 11
4614 1200 1 0
4615 547 0 29
4616 216 1 22
4617 358 0 42
4618 1076 0 16
4619 1063 0 54
4620 2368 0 13
4621 286 0 10
4622 1048 0 20
4623 1879 0 35
4624 2255 0 92
4625 7387 0 69
4626 644 0 24
4627 496 0 10
4628 699 0 11
4629 445 1 0
4630 3541 0 318
4631 2999 0 12
4632 3719 1 453
4633 1431 0 18
4634 673 0 36
4635 13918 0 57
4636 5138 0 79
4637 14377 0 100
4638 1946 0 39
4639 1512 0 8
4640 5169 0 70
4641 7655 0 13
4642 1230 0 19
4643 1957 0 11
4644 1960 0 42
4645 1960 0 13
4646 2659 0 10
4647 1890 0 9
4648 1280 0 45
4649 1823 0 17
4650 1178 0 56
4651 212 0 26
4652 1515 0 14
4653 1175 0 12
4654 7509 0 19
4655 965 0 11
4656 930 0 8
4657 2341 0 11
4658 1258 0 121
4659 916 0 11
4660 1165 0 13
4661 12468 0 19
4662 754 0 40
4663 446 0 38
4664 1220 0 129
4665 1109 0 8
4666 6193 0 9
4667 592 0 7
4668 477 0 11
4669 7734 0 8
4670 1955 0 11
4671 1977 1 473
4672 716 0 84
4673 1976 0 12

38 0 319094
105
4674 1070 0 44
4675 797 0 25
4676 987 0 157
4677 1464 0 54
4678 3224 0 37
4679 3349 0 29
4680 1287 1 41
4681 2739 0 10
4682 1002 0 7
4683 1116 0 68
4684 3215 0 9
4685 1144 0 9
4686 1132 0 9
4687 1356 0 101
4688 3214 0 29
4689 676 0 65
4690 1468 0 18
4691 627 0 77
4692 895 0 15
4693 547 0 255
4694 2307 1 0
4695 7184 0 97
4696 897 0 55
4697 1420 0 10
4698 321 0 29
4699 1430 0 8
4700 579 0 42
4701 2523 0 11
4702 1234 0 122
4703 6455 0 20
4704 230 0 14
4705 1512 0 128
4706 989 0 43
4707 160 1 30
4708 855 0 13
4709 1076 0 273
4710 760 0 25
4711 251 0 10
4712 3374 0 83
4713 989 0 47
4714 518 0 88
4715 994 0 9
4716 5065 1 251
4717 1703 0 12
4718 1576 0 10
4719 965 0 9
4720 1802 0 6
4721 3653 1 32
4722 1403 0 13
4723 7048 0 20
4724 1095 0 91
4725 1538 0 22
4726 1482 0 35
4727 342 0 11
4728 297 0 56
4729 1871 0 8
4730 1423 0 12
4731 3154 0 11
4732 1091 0 208
4733 1985 0 73
4734 620 0 19
4735 1526 0 48
4736 657 0 369
4737 1033 0 13
4738 1576 0 14
4739 755 0 94
4740 3007 0 12
4741 2830 0 50
4742 250 0 11
4743 7873 0 13
4744 205 0 40
4745 303 0 7
4746 7875 0 50
4747 1506 0 46
4748 711 0 153
4749 1990 1 472
4750 1297 0 7
4751 1178 0 43
4752 3152 1 0
4753 530 0 68
4754 681 0 17
4755 2036 0 72
4756 593 0 12
4757 3743 0 10
4758 1779 0 40
4759 447 0 15
4760 15 0 43
4761 7677 0 13
4762 2051 0 18
4763 3252 1 152
4764 1462 0 20
4765 322 0 10
4766 3180 0 9
4767 969 0 6
4768 576 0 9
4769 919 0 13
4770 3142 0 8
4771 1315 1 30
4772 773 0 13
4773 1956 0 9
4774 2538 0 9
4775 642 0 13
4776 996 0 137
4777 670 0 8
4778 393 0 7

39 1 322657
6
4779 8914 0 13
4780 7399 0 169
4781 647 0 10
4782 640 0 91
4783 2209 0 8
4784 697 0 7

