10

0 0 244
175
0 2755 0 73
1 1313 0 7
2 2081 0 10
3 171 0 11
4 2261 0 11
5 918 0 20
6 1289 0 10
7 3516 0 9
8 1953 0 8
9 418 0 45
10 1393 0 11
11 742 0 10
12 1759 0 39
13 3366 0 133
14 2493 0 12
15 1760 0 7
16 3161 0 26
17 3297 0 20
18 13569 0 41
19 1975 0 1
20 99 0 75
21 1389 0 26
22 3730 0 21
23 1513 0 40
24 1983 0 13
25 1290 0 107
26 3577 0 77
27 2913 0 8
28 3302 0 15
29 9554 0 11
30 885 0 9
31 483 1 0
32 1869 0 92
33 798 0 7
34 733 0 11
35 1344 0 17
36 1470 0 12
37 943 0 18
38 1547 0 11
39 12534 0 13
40 233 0 132
41 1187 0 13
42 3016 0 209
43 1408 0 11
44 5933 0 11
45 668 0 7
46 7949 0 6
47 906 0 9
48 1211 0 13
49 895 0 267
50 2826 0 37
51 902 0 8
52 988 0 16
53 1191 0 10
54 4228 0 52
55 271 0 13
56 393 0 430
57 963 0 39
58 1965 0 170
59 6545 0 13
60 13598 0 13
61 191 1 113
62 1417 0 11
63 16291 0 14
64 2345 0 109
65 967 0 10
66 556 0 9
67 1847 0 32
68 4061 0 57
69 1549 0 91
70 2320 0 128
71 731 0 12
72 709 0 13
73 1365 0 8
74 1912 0 73
75 403 0 9
76 2267 0 30
77 599 0 149
78 249 0 41
79 5148 0 23
80 549 0 28
81 448 0 37
82 931 0 13
83 6771 0 9
84 1505 0 10
85 1176 0 34
86 3379 0 12
87 1078 0 55
88 1077 0 11
89 805 0 10
90 3376 1 100
91 989 0 18
92 3216 0 38
93 1024 0 348
94 1274 1 124
95 3612 0 7
96 901 0 64
97 1366 0 13
98 5102 0 11
99 799 0 12
100 3929 0 16
101 13061 0 17
102 6453 0 11
103 5046 0 11
104 299 0 21
105 462 0 122
106 3247 0 45
107 809 0 43
108 1251 0 11
109 3383 0 106
110 17113 0 20
111 566 0 14
112 1307 0 21
113 5092 0 9
114 903 0 18
115 886 1 142
116 630 0 11
117 1955 0 8
118 2484 0 8
119 3285 0 17
120 17472 0 11
121 1628 0 85
122 2559 0 22
123 2847 1 550
124 299 0 11
125 7470 0 45
126 1032 0 24
127 2842 0 10
128 2896 0 13
129 733 0 12
130 2371 0 6
131 978 0 11
132 887 0 36
133 1417 0 10
134 1507 0 11
135 1324 0 10
136 821 0 36
137 6576 0 91
138 232 1 0
139 17473 0 10
140 18145 0 47
141 2914 0 40
142 16941 1 34
143 6066 0 8
144 3379 0 7
145 1275 0 99
146 1360 0 7
147 946 0 17
148 5036 0 30
149 3233 0 10
150 6747 1 89
151 2805 0 16
152 680 0 91
153 6365 0 7
154 1593 0 38
155 889 0 18
156 1421 0 52
157 500 0 112
158 1537 0 109
159 989 1 0
160 3072 0 24
161 1172 1 19
162 1164 0 11
163 1143 0 19
164 5062 0 8
165 1527 0 13
166 1935 0 7
167 1951 0 19
168 973 0 134
169 3918 0 147
170 989 0 11
171 1425 0 12
172 7387 0 11
173 942 0 19
174 1965 0 53

1 1 256
1
175 1546 0 23

2 1 275
27
176 843 0 12
177 7310 0 12
178 1983 0 10
179 1330 0 11
180 3161 0 39
181 1279 1 25
182 1218 0 11
183 1933 0 8
184 5152 0 8
185 1173 0 61
186 2552 0 39
187 1960 0 11
188 544 0 11
189 6233 0 9
190 1252 0 72
191 1941 0 9
192 2210 0 17
193 339 0 54
194 1141 0 11
195 16305 0 28
196 2149 0 9
197 718 0 372
198 1128 0 38
199 1536 0 71
200 2451 0 17
201 1424 0 70
202 3210 0 106

3 1 482
31
203 658 0 13
204 2832 0 16
205 763 1 0
206 872 0 10
207 1745 0 10
208 1575 0 8
209 1560 0 10
210 854 0 11
211 3237 0 190
212 1872 0 22
213 780 1 0
214 6207 0 130
215 11610 0 11
216 1620 0 59
217 11011 0 68
218 1959 0 26
219 6845 0 13
220 9363 0 11
221 1939 0 8
222 502 0 8
223 569 0 29
224 2227 0 18
225 881 0 7
226 1871 0 40
227 444 0 69
228 1090 0 9
229 1492 0 18
230 2503 0 13
231 1045 0 22
232 12106 0 11
233 1392 0 11

4 1 485
102
234 1138 0 7
235 386 0 171
236 1307 0 16
237 2910 0 8
238 1385 0 12
239 1237 0 13
240 22 0 27
241 453 0 41
242 1958 0 17
243 1425 0 25
244 1360 0 13
245 2101 0 20
246 1517 1 400
247 3174 0 162
248 1062 0 9
249 851 0 9
250 861 0 11
251 187 0 19
252 1426 0 55
253 1770 0 8
254 1845 0 173
255 2599 0 35
256 2886 0 8
257 3194 0 9
258 2948 0 7
259 1521 0 308
260 3287 0 13
261 1185 0 27
262 2045 0 17
263 2551 0 22
264 16037 0 29
265 3286 0 13
266 2790 0 130
267 1263 0 18
268 6732 0 91
269 1527 0 10
270 458 0 143
271 1930 0 10
272 1906 0 11
273 3378 0 13
274 1636 0 9
275 2567 0 17
276 691 0 8
277 596 0 24
278 1426 0 10
279 1166 0 11
280 1360 0 19
281 181 0 266
282 2248 0 10
283 1987 0 10
284 1522 0 97
285 200 0 225
286 1183 0 12
287 418 0 11
288 1067 0 10
289 1180 0 15
290 584 0 15
291 979 0 19
292 1215 0 19
293 730 0 7
294 2065 0 11
295 832 0 7
296 1817 0 23
297 939 0 48
298 954 0 172
299 910 0 8
300 1720 0 12
301 640 0 10
302 1352 0 27
303 1707 0 40
304 1706 0 151
305 624 0 12
306 619 0 145
307 2575 0 8
308 3109 1 718
309 1758 0 10
310 1087 0 11
311 679 0 20
312 454 0 32
313 751 0 96
314 2453 0 72
315 1413 0 23
316 1639 0 262
317 472 0 26
318 1112 0 6
319 1241 0 10
320 1002 0 16
321 2933 0 29
322 2869 0 45
323 1979 0 71
324 877 0 11
325 639 0 16
326 2273 0 61
327 2552 0 147
328 1871 0 71
329 2208 0 6
330 3379 0 17
331 1335 0 15
332 1258 0 10
333 1002 0 11
334 1739 0 11
335 1006 0 8

5 1 491
16
336 609 0 12
337 1538 0 33
338 2286 0 145
339 1937 0 12
340 1406 0 8
341 1663 0 52
342 926 0 8
343 7907 0 9
344 1418 0 14
345 172 0 10
346 890 0 77
347 3282 0 14
348 3372 0 20
349 543 0 46
350 956 0 13
351 1174 0 136

6 1 511
113
352 3499 0 7
353 1555 0 158
354 1383 0 13
355 2958 0 37
356 2897 0 24
357 3191 0 11
358 175 0 12
359 2951 0 19
360 3310 0 12
361 3678 0 10
362 436 0 21
363 3165 0 101
364 1757 0 71
365 989 0 12
366 3351 0 10
367 812 0 21
368 7864 0 11
369 3654 1 602
370 1390 0 17
371 11615 0 15
372 16096 0 14
373 3271 0 7
374 1030 0 46
375 500 0 156
376 2115 0 301
377 631 0 7
378 572 0 30
379 829 0 43
380 2716 0 147
381 1253 0 9
382 3154 0 10
383 989 0 8
384 1513 0 33
385 1246 1 597
386 6957 0 16
387 687 0 140
388 16276 0 40
389 2940 0 36
390 1276 0 46
391 786 0 80
392 507 0 11
393 743 0 67
394 3210 0 2
395 1012 0 9
396 727 0 8
397 16 0 18
398 631 0 36
399 2637 0 11
400 554 0 18
401 1373 0 12
402 589 0 14
403 1461 0 8
404 599 0 617
405 619 0 51
406 5070 0 9
407 3369 0 11
408 2311 0 352
409 815 0 34
410 1053 0 13
411 1529 0 13
412 756 0 10
413 2369 0 12
414 6366 0 82
415 1447 0 24
416 6734 0 40
417 999 0 41
418 3283 0 12
419 989 0 9
420 1869 0 8
421 5061 1 0
422 685 0 145
423 859 0 35
424 1941 1 0
425 2925 0 73
426 8 0 37
427 1365 0 162
428 3184 0 31
429 906 0 36
430 1007 0 13
431 2776 0 137
432 1092 0 11
433 420 0 25
434 5898 0 14
435 1145 0 24
436 2152 0 49
437 1140 0 16
438 395 0 10
439 3213 0 18
440 1357 0 9
441 1313 0 8
442 1542 0 10
443 1988 0 98
444 7713 0 12
445 232 0 19
446 489 0 10
447 1516 0 18
448 7933 0 11
449 5133 0 8
450 973 0 7
451 1994 0 15
452 1790 0 7
453 940 0 15
454 187 1 61
455 2051 0 15
456 7778 0 10
457 1363 0 182
458 295 0 8
459 1207 0 10
460 801 0 7
461 1556 0 12
462 986 0 158
463 450 0 8
464 3057 0 29

7 1 526
25
465 3309 0 12
466 2887 1 0
467 451 0 7
468 394 0 12
469 194 0 21
470 3337 0 10
471 1941 0 11
472 3207 1 0
473 2253 0 12
474 1169 0 87
475 463 0 9
476 584 0 34
477 812 0 143
478 550 0 8
479 1247 0 8
480 2098 0 21
481 1424 0 54
482 5006 0 10
483 1425 0 343
484 1776 0 13
485 1406 1 23
486 1045 0 55
487 1860 0 33
488 1420 0 17
489 1919 0 207

8 1 710
1
490 2389 0 9

9 1 718
3
491 694 0 9
492 3215 0 14
493 1370 0 18

