40

0 0 682
115
0 1408 0 13
1 6147 0 85
2 7929 0 14
3 1182 0 18
4 1181 0 13
5 962 0 11
6 1896 0 107
7 3350 0 11
8 698 0 8
9 1935 0 12
10 2520 0 24
11 1513 0 9
12 3310 0 11
13 2937 0 93
14 2325 0 16
15 1972 0 7
16 1877 0 206
17 2956 0 18
18 3205 0 43
19 507 0 8
20 2438 0 143
21 232 0 31
22 3365 0 11
23 1719 0 49
24 910 0 12
25 867 0 292
26 846 0 13
27 1399 0 11
28 2328 0 6
29 1370 0 13
30 507 0 20
31 870 0 45
32 413 0 30
33 375 0 24
34 588 0 109
35 442 0 12
36 950 0 7
37 183 0 7
38 1537 0 13
39 1195 0 110
40 1294 0 68
41 806 0 69
42 952 0 11
43 476 0 13
44 2958 0 8
45 1416 0 46
46 1938 0 29
47 1931 0 82
48 5025 0 160
49 6062 0 18
50 2032 0 84
51 5123 1 380
52 576 0 71
53 1346 0 7
54 782 0 1
55 368 0 33
56 184 1 16
57 3343 0 32
58 8755 0 10
59 604 0 21
60 1975 0 47
61 3236 0 13
62 570 0 6
63 989 0 10
64 5031 0 11
65 1691 0 39
66 1886 0 11
67 2848 0 11
68 5333 0 11
69 8017 0 17
70 3369 0 12
71 1204 0 27
72 974 0 18
73 13918 0 12
74 1084 1 67
75 2915 0 10
76 769 0 9
77 3149 0 149
78 1975 0 14
79 760 0 12
80 2379 0 10
81 3165 0 7
82 3337 0 10
83 792 0 24
84 274 0 13
85 1127 0 11
86 1974 0 11
87 404 0 31
88 1396 1 26
89 1431 0 72
90 6359 0 10
91 3016 0 8
92 1125 0 31
93 574 0 11
94 1043 0 26
95 1363 0 71
96 3170 0 13
97 776 0 10
98 482 0 236
99 1248 0 19
100 697 0 49
101 361 0 18
102 725 0 13
103 1466 0 14
104 17146 0 9
105 499 0 47
106 11598 0 67
107 2134 0 207
108 678 0 8
109 3172 0 237
110 3523 0 9
111 311 0 39
112 6875 0 6
113 2810 0 7
114 868 0 18

1 1 710
1080
115 1239 0 11
116 7491 0 35
117 1972 0 16
118 766 0 11
119 528 0 74
120 412 0 8
121 2433 0 154
122 1339 0 15
123 1159 0 9
124 1429 0 7
125 16980 0 7
126 2232 0 99
127 1303 0 40
128 1365 0 10
129 3292 0 60
130 1271 0 12
131 368 0 10
132 261 0 11
133 1276 0 197
134 660 0 10
135 2790 0 9
136 1280 0 9
137 2219 0 10
138 1128 0 11
139 1092 0 20
140 439 0 135
141 404 0 10
142 3145 0 10
143 1294 0 38
144 730 0 69
145 930 0 14
146 1536 0 91
147 1039 0 13
148 1303 0 13
149 691 0 17
150 1067 0 70
151 2511 0 41
152 2353 1 20
153 248 0 10
154 606 0 9
155 3196 0 7
156 5081 0 115
157 1510 0 7
158 1703 0 30
159 1194 0 13
160 1414 0 7
161 612 0 10
162 552 0 14
163 891 0 7
164 3378 0 110
165 762 0 37
166 986 0 29
167 565 0 41
168 933 0 11
169 1503 0 144
170 2238 0 14
171 458 0 20
172 755 0 28
173 3561 0 18
174 2095 0 10
175 2043 0 7
176 533 0 54
177 2888 0 30
178 895 0 54
179 806 0 11
180 5057 0 41
181 1058 0 11
182 869 0 8
183 454 0 19
184 821 0 11
185 1173 0 6
186 1231 0 17
187 441 0 15
188 654 0 137
189 10631 0 11
190 3486 0 296
191 492 0 13
192 7390 0 17
193 1335 0 11
194 2799 0 13
195 3301 0 130
196 3737 0 7
197 835 0 6
198 12639 0 12
199 703 0 86
200 3623 0 11
201 989 0 9
202 3121 0 12
203 1765 0 14
204 13379 0 28
205 891 0 14
206 701 0 308
207 953 0 17
208 1141 0 7
209 989 0 99
210 1889 0 8
211 17153 0 71
212 1341 0 29
213 2950 0 9
214 1113 0 12
215 1644 0 11
216 1510 0 30
217 651 0 7
218 1850 0 12
219 793 0 143
220 1629 1 0
221 449 0 14
222 257 0 115
223 400 0 75
224 1312 0 12
225 879 0 111
226 1431 0 8
227 971 0 92
228 314 0 76
229 14678 0 12
230 7184 0 36
231 1593 0 48
232 1837 0 10
233 1168 0 153
234 1981 1 0
235 2867 0 10
236 1423 0 14
237 677 0 11
238 2517 0 17
239 840 0 9
240 1425 0 11
241 1088 0 10
242 410 0 10
243 1525 0 35
244 1202 0 138
245 1203 0 13
246 1010 0 6
247 1429 0 16
248 897 0 142
249 1696 0 17
250 3118 0 78
251 357 0 81
252 784 0 50
253 7296 0 14
254 1947 0 6
255 9808 0 9
256 480 0 11
257 1952 0 9
258 502 0 9
259 407 0 8
260 846 0 52
261 785 1 597
262 3118 0 73
263 5138 0 7
264 890 0 93
265 6888 0 7
266 765 0 9
267 3096 0 376
268 744 0 80
269 6580 0 11
270 680 0 20
271 1220 0 13
272 648 0 5
273 1538 0 16
274 1208 0 8
275 1492 1 17
276 333 0 27
277 2925 0 72
278 1961 0 10
279 876 0 41
280 17298 0 27
281 634 0 23
282 372 0 32
283 523 0 10
284 17058 0 14
285 922 0 53
286 927 0 13
287 436 0 72
288 996 0 49
289 1222 0 19
290 5104 0 12
291 6532 0 24
292 709 0 14
293 1041 0 8
294 3254 0 10
295 500 0 21
296 545 0 12
297 520 1 516
298 519 0 13
299 1347 0 13
300 379 0 10
301 1341 0 28
302 579 0 18
303 2430 0 7
304 1190 0 11
305 314 0 17
306 176 0 343
307 2252 0 10
308 3157 0 41
309 1147 0 8
310 985 0 150
311 1102 0 8
312 2097 0 9
313 1635 0 10
314 161 0 61
315 1169 0 27
316 7558 0 11
317 1139 0 150
318 524 0 10
319 605 0 8
320 5139 1 0
321 1284 0 11
322 5125 0 26
323 659 0 73
324 1348 0 17
325 3352 0 81
326 3359 0 12
327 6140 0 16
328 1426 0 11
329 3364 0 141
330 1774 0 28
331 2442 0 12
332 1377 0 7
333 933 0 9
334 917 0 44
335 518 0 41
336 716 0 12
337 469 0 15
338 7639 0 11
339 5153 0 12
340 2371 0 38
341 3158 0 9
342 1422 0 10
343 519 0 39
344 1527 0 165
345 1420 0 11
346 497 0 9
347 535 0 10
348 1400 1 188
349 918 0 72
350 3182 0 40
351 483 0 10
352 1967 0 7
353 1305 0 71
354 2812 0 7
355 525 0 9
356 642 0 10
357 1538 0 12
358 644 0 29
359 978 0 11
360 1402 0 11
361 8098 0 617
362 574 0 7
363 5048 0 15
364 765 0 13
365 568 0 16
366 849 1 0
367 3318 0 8
368 989 0 73
369 687 0 11
370 1381 0 113
371 7409 0 14
372 457 0 11
373 862 0 21
374 524 0 8
375 1112 0 16
376 1241 0 29
377 887 0 89
378 6224 0 95
379 1374 0 10
380 1857 0 10
381 412 0 42
382 1372 0 13
383 987 0 12
384 298 0 59
385 1155 0 9
386 3151 0 11
387 7970 0 331
388 1817 0 11
389 5105 0 162
390 1526 0 10
391 430 1 0
392 1284 0 48
393 1119 0 12
394 774 0 11
395 969 0 12
396 968 0 37
397 5121 0 40
398 791 0 18
399 2185 0 13
400 2018 0 12
401 631 0 14
402 1518 0 7
403 18 0 11
404 7586 0 6
405 1351 0 192
406 1674 0 79
407 604 0 9
408 12901 0 9
409 1605 0 39
410 238 0 10
411 1251 0 8
412 1724 0 37
413 7804 0 25
414 2115 0 11
415 1099 0 39
416 257 0 14
417 2842 0 7
418 1942 0 22
419 702 0 10
420 2511 0 381
421 1318 0 11
422 681 0 46
423 2503 0 51
424 679 0 12
425 848 0 85
426 5118 0 11
427 910 0 11
428 657 0 78
429 174 0 13
430 2798 1 0
431 2588 0 73
432 1391 0 13
433 13014 0 7
434 904 0 80
435 10012 0 18
436 860 0 39
437 442 0 65
438 2823 0 52
439 1516 0 16
440 3186 0 8
441 859 0 14
442 326 0 14
443 791 0 100
444 2831 0 214
445 643 0 7
446 180 0 131
447 2605 0 23
448 1394 0 8
449 5124 0 9
450 1336 0 40
451 1279 0 10
452 1454 0 11
453 1013 0 11
454 1181 0 148
455 1639 0 10
456 6143 0 107
457 1597 0 32
458 450 0 160
459 1840 0 15
460 14386 1 0
461 762 0 8
462 2902 0 11
463 1013 0 2
464 3282 0 44
465 1467 0 10
466 1112 0 66
467 314 0 14
468 5147 0 27
469 2474 0 11
470 7404 0 1
471 1321 0 19
472 1518 0 11
473 569 0 11
474 1397 0 219
475 6189 0 10
476 708 0 248
477 1046 0 105
478 1224 0 47
479 1055 0 12
480 936 0 5
481 1412 0 18
482 3443 0 10
483 1431 0 67
484 16713 0 17
485 2468 0 44
486 1400 0 46
487 709 0 8
488 5063 0 48
489 589 0 18
490 701 0 12
491 527 0 14
492 1528 0 46
493 1985 0 68
494 897 0 39
495 651 0 42
496 1538 0 13
497 1260 0 39
498 1189 0 16
499 1382 0 12
500 377 0 10
501 6092 0 11
502 3382 0 222
503 8624 0 40
504 1383 0 30
505 187 0 9
506 1268 0 13
507 8129 0 76
508 284 0 10
509 2235 0 7
510 3067 0 9
511 2605 0 13
512 3094 0 28
513 1533 0 38
514 1303 0 9
515 306 0 10
516 1113 1 47
517 1442 0 9
518 56 0 103
519 1057 0 18
520 1836 0 10
521 1969 0 31
522 3644 0 47
523 1074 0 9
524 176 0 29
525 14107 0 11
526 3372 0 109
527 2885 0 29
528 3271 0 7
529 6165 0 40
530 1538 0 23
531 931 0 3
532 7049 0 13
533 837 1 0
534 191 0 11
535 1958 0 7
536 7051 0 7
537 6955 0 237
538 3175 0 13
539 1880 0 19
540 989 0 71
541 12031 0 10
542 1588 0 46
543 851 0 10
544 1516 1 472
545 5004 0 12
546 13070 0 77
547 1254 0 10
548 1009 0 16
549 539 0 367
550 12803 0 8
551 1417 0 10
552 901 0 9
553 1394 0 137
554 2939 0 38
555 2912 0 69
556 625 0 30
557 1190 0 9
558 1227 0 201
559 53 0 9
560 859 0 12
561 2952 0 134
562 877 0 12
563 787 0 14
564 728 0 42
565 1204 1 163
566 801 0 96
567 1373 0 73
568 836 0 42
569 306 0 11
570 1106 1 0
571 2791 0 10
572 1025 0 39
573 2436 0 14
574 994 0 9
575 3183 0 12
576 7288 0 50
577 1131 0 38
578 8907 0 17
579 423 0 99
580 6246 0 11
581 658 0 9
582 1186 0 63
583 2077 0 21
584 553 1 0
585 1159 0 8
586 3174 0 9
587 604 0 11
588 4193 0 8
589 6097 0 11
590 724 0 243
591 1624 0 9
592 1101 0 39
593 1690 0 122
594 1024 0 15
595 3325 0 228
596 6951 0 8
597 12839 0 384
598 2226 0 19
599 2920 0 60
600 6164 0 10
601 1547 0 11
602 639 0 22
603 2276 0 9
604 1233 0 11
605 2881 0 45
606 533 0 11
607 2753 0 11
608 7545 0 52
609 418 0 8
610 12401 0 25
611 1272 0 13
612 8567 0 19
613 667 0 10
614 704 0 11
615 1975 0 91
616 2528 0 26
617 884 0 29
618 602 0 24
619 2637 0 41
620 1839 0 11
621 784 0 144
622 1280 0 10
623 11846 0 7
624 1151 0 19
625 551 0 11
626 1413 0 11
627 227 0 11
628 3145 0 27
629 1750 0 7
630 3051 0 15
631 1399 0 17
632 1355 0 9
633 5159 0 97
634 1013 0 11
635 758 0 11
636 12485 0 23
637 1184 0 207
638 1949 0 11
639 6171 0 12
640 1768 0 8
641 1537 0 8
642 1986 0 18
643 1875 0 41
644 2857 0 8
645 1513 0 8
646 3254 0 11
647 958 0 15
648 3288 0 11
649 1965 1 0
650 897 0 30
651 872 0 617
652 12628 0 37
653 568 0 11
654 7953 0 11
655 3251 0 12
656 679 0 9
657 292 0 112
658 1111 0 18
659 6476 0 21
660 1236 0 180
661 564 0 72
662 12295 1 0
663 739 0 10
664 6537 0 11
665 5832 0 11
666 1988 0 17
667 1217 0 19
668 1817 0 8
669 2125 0 133
670 5065 0 6
671 946 0 12
672 593 0 29
673 1150 1 23
674 13029 0 10
675 1659 0 29
676 786 0 9
677 1203 0 20
678 1984 0 27
679 542 0 28
680 2231 0 15
681 1862 0 13
682 3302 0 848
683 1311 0 9
684 5090 0 82
685 5984 0 15
686 1381 0 129
687 5116 0 12
688 2381 0 12
689 5155 0 105
690 3172 0 11
691 1013 0 40
692 916 0 22
693 1689 0 10
694 2875 0 177
695 882 0 140
696 816 0 12
697 5881 0 19
698 923 0 11
699 741 0 62
700 1507 0 11
701 244 0 18
702 1528 0 20
703 1537 0 101
704 1298 0 372
705 147 0 10
706 5392 0 10
707 990 0 98
708 1788 0 9
709 649 0 49
710 760 0 9
711 3255 0 35
712 668 0 8
713 3639 0 8
714 1408 0 8
715 3306 0 14
716 2170 0 18
717 195 0 107
718 5084 0 81
719 3242 0 9
720 2411 0 41
721 1671 0 73
722 3579 0 10
723 668 0 40
724 1455 0 9
725 731 0 66
726 2874 0 19
727 894 0 11
728 1673 0 207
729 777 0 11
730 1265 0 86
731 2010 0 24
732 1287 0 16
733 579 0 12
734 955 1 28
735 3439 0 17
736 7874 0 15
737 926 0 104
738 3607 0 7
739 1737 0 37
740 2714 0 34
741 702 0 12
742 1309 0 46
743 1980 0 14
744 512 0 12
745 14373 0 18
746 1362 0 20
747 300 0 11
748 1032 0 8
749 384 0 11
750 6372 0 20
751 2043 0 12
752 535 0 11
753 727 0 71
754 258 0 143
755 449 0 73
756 7496 0 107
757 778 0 708
758 18075 0 29
759 2478 0 9
760 1256 0 16
761 1443 0 13
762 1093 0 61
763 3189 0 43
764 1385 0 22
765 954 0 12
766 913 0 8
767 1284 0 12
768 786 0 72
769 3219 0 39
770 879 0 19
771 1517 0 13
772 381 0 61
773 725 0 159
774 1932 0 11
775 1305 0 66
776 254 0 99
777 989 0 22
778 3113 1 377
779 3333 0 30
780 1286 0 48
781 726 0 37
782 433 0 9
783 3167 0 56
784 1976 0 28
785 7050 0 9
786 2046 0 12
787 1886 0 9
788 1962 0 62
789 1216 0 47
790 1948 0 72
791 1308 0 13
792 828 0 40
793 13094 0 18
794 2057 0 12
795 2869 0 7
796 751 0 11
797 511 0 17
798 1002 0 67
799 1083 0 12
800 5076 0 9
801 1151 0 24
802 2728 0 10
803 1094 0 13
804 3288 0 198
805 817 0 8
806 1638 0 15
807 498 0 358
808 412 0 233
809 783 1 217
810 3307 0 7
811 17435 0 110
812 12835 0 7
813 3311 0 183
814 6000 0 21
815 360 0 10
816 1946 0 13
817 1329 0 10
818 1334 0 22
819 680 0 51
820 3375 0 18
821 3717 0 41
822 1436 0 28
823 1358 0 11
824 403 0 76
825 4688 0 7
826 842 0 35
827 3377 0 12
828 1986 0 11
829 312 0 129
830 1414 0 396
831 989 1 320
832 3620 0 7
833 14634 1 114
834 887 0 12
835 1427 0 11
836 1094 0 10
837 857 0 19
838 2330 0 12
839 1705 0 10
840 647 0 99
841 6360 0 54
842 17407 0 55
843 1406 0 22
844 2853 0 48
845 3184 0 37
846 1951 0 10
847 1012 0 36
848 1748 0 12
849 508 0 8
850 844 0 19
851 969 0 152
852 1391 0 19
853 832 0 0
854 2954 0 13
855 1314 0 11
856 9303 0 26
857 837 0 58
858 3371 0 87
859 1234 0 9
860 762 0 69
861 205 1 516
862 1812 0 11
863 2430 0 11
864 5119 0 10
865 5042 0 19
866 6087 0 16
867 1516 0 18
868 1507 0 81
869 2601 0 53
870 963 0 13
871 331 0 86
872 7670 0 59
873 8914 0 11
874 5028 0 9
875 7849 0 39
876 1953 0 15
877 195 1 208
878 456 0 10
879 451 0 59
880 109 0 14
881 640 0 37
882 16211 0 11
883 1981 0 181
884 2087 0 56
885 1453 0 128
886 2191 0 17
887 435 0 32
888 1426 0 210
889 227 0 10
890 1354 0 11
891 391 0 11
892 1326 0 12
893 12511 0 28
894 1208 0 19
895 753 0 22
896 280 0 10
897 749 0 59
898 790 0 29
899 6206 0 9
900 1294 0 7
901 1251 1 100
902 2104 0 30
903 2302 0 8
904 3066 0 40
905 6372 0 11
906 2992 0 66
907 3487 0 79
908 2285 0 367
909 1992 0 57
910 1166 0 40
911 794 0 9
912 907 0 3
913 3150 0 28
914 13098 0 10
915 512 0 8
916 3571 0 33
917 1191 0 11
918 1037 0 14
919 1899 0 43
920 640 0 10
921 60 0 140
922 1936 0 50
923 1035 0 42
924 1399 0 25
925 1431 0 23
926 989 0 12
927 2413 0 70
928 770 0 10
929 1006 1 517
930 552 0 13
931 2467 0 161
932 2905 0 32
933 1405 1 26
934 233 0 8
935 284 0 8
936 2906 0 13
937 3359 0 12
938 958 0 81
939 958 0 30
940 11069 0 10
941 1149 0 29
942 1988 0 63
943 5046 0 11
944 3377 0 47
945 5064 0 25
946 2763 0 11
947 963 0 55
948 1143 1 0
949 524 0 7
950 1518 0 23
951 1799 0 9
952 1003 0 33
953 3221 0 18
954 3564 0 10
955 6180 0 152
956 1137 0 203
957 307 0 43
958 2944 0 13
959 5085 1 0
960 1983 0 9
961 570 0 33
962 775 0 18
963 6451 0 8
964 3164 0 10
965 542 0 27
966 1529 0 13
967 2542 0 11
968 554 0 213
969 672 0 20
970 971 0 67
971 1387 0 7
972 672 0 8
973 1554 0 13
974 989 1 314
975 886 0 72
976 17373 0 40
977 989 0 11
978 2111 0 43
979 317 1 400
980 1961 0 13
981 1169 0 131
982 855 0 9
983 3242 0 47
984 727 0 46
985 3373 0 393
986 8893 0 134
987 966 0 19
988 888 0 6
989 2468 0 29
990 1084 0 11
991 3660 0 17
992 1810 0 11
993 13005 0 13
994 1135 0 39
995 2932 0 44
996 937 0 19
997 1172 1 0
998 381 0 10
999 1971 0 9
1000 496 0 8
1001 564 0 70
1002 1131 0 11
1003 1152 0 10
1004 5141 0 37
1005 819 0 98
1006 1151 0 17
1007 2468 0 63
1008 2591 0 8
1009 3217 0 10
1010 1422 0 38
1011 567 0 14
1012 1992 1 0
1013 836 0 46
1014 437 0 187
1015 3205 0 28
1016 1391 1 31
1017 1652 0 10
1018 5049 0 42
1019 870 0 161
1020 3501 0 7
1021 1224 0 12
1022 1380 0 18
1023 383 0 11
1024 473 0 148
1025 1978 1 0
1026 591 0 11
1027 909 0 196
1028 1342 0 134
1029 3677 0 9
1030 1213 0 10
1031 2618 0 20
1032 1246 0 12
1033 616 0 70
1034 987 0 81
1035 2900 0 29
1036 3530 0 19
1037 1379 0 11
1038 2815 0 11
1039 1121 0 103
1040 2261 0 10
1041 2618 0 7
1042 646 0 7
1043 9 0 9
1044 7050 0 37
1045 1645 0 8
1046 2885 0 40
1047 4131 0 24
1048 989 0 11
1049 25 0 41
1050 2699 0 222
1051 1824 0 11
1052 1033 0 13
1053 663 0 10
1054 13064 0 16
1055 2005 0 11
1056 1309 0 15
1057 1246 0 27
1058 1167 0 327
1059 1246 0 34
1060 920 0 10
1061 1676 0 32
1062 1096 0 145
1063 660 0 7
1064 2624 0 12
1065 523 0 81
1066 1010 0 7
1067 2495 0 218
1068 989 0 14
1069 748 0 13
1070 241 0 9
1071 3180 0 9
1072 2399 0 13
1073 2446 0 10
1074 722 0 8
1075 5065 0 7
1076 5053 0 12
1077 1416 0 26
1078 5138 0 52
1079 250 0 12
1080 88 1 0
1081 716 0 352
1082 1092 0 10
1083 6474 0 13
1084 345 0 27
1085 1209 0 10
1086 3266 0 26
1087 1361 0 393
1088 1217 0 33
1089 471 0 14
1090 1873 0 19
1091 2437 0 11
1092 2513 0 10
1093 1422 0 11
1094 1228 0 27
1095 414 0 5
1096 1779 0 8
1097 1058 0 69
1098 177 0 14
1099 1264 0 129
1100 1962 0 72
1101 2018 0 10
1102 648 0 9
1103 452 0 67
1104 3169 0 7
1105 1013 0 10
1106 329 0 9
1107 175 0 7
1108 846 0 127
1109 1608 0 16
1110 984 0 11
1111 1046 0 12
1112 2284 0 147
1113 482 1 0
1114 636 0 112
1115 3667 0 13
1116 533 0 8
1117 1218 0 9
1118 2589 0 86
1119 961 0 85
1120 1002 0 25
1121 10126 0 139
1122 936 0 32
1123 1075 0 191
1124 331 0 75
1125 1337 0 14
1126 3360 0 10
1127 660 0 20
1128 1230 0 11
1129 801 0 13
1130 5007 0 17
1131 5790 0 63
1132 1954 0 39
1133 542 0 13
1134 1532 0 10
1135 1813 0 11
1136 5026 0 56
1137 918 0 18
1138 1686 0 29
1139 6922 0 7
1140 1154 0 11
1141 1846 0 2
1142 543 0 33
1143 304 0 100
1144 448 0 9
1145 1375 0 137
1146 532 0 9
1147 337 0 72
1148 2871 0 11
1149 3347 1 121
1150 1162 0 8
1151 2203 0 188
1152 333 0 99
1153 1504 0 21
1154 1972 0 26
1155 1054 0 7
1156 1507 0 9
1157 315 0 22
1158 2823 0 38
1159 1635 0 25
1160 7291 0 57
1161 16291 0 83
1162 1326 0 166
1163 918 0 14
1164 1212 0 9
1165 7048 0 10
1166 510 1 18
1167 875 0 36
1168 2784 0 31
1169 5983 0 9
1170 6168 0 14
1171 13126 0 15
1172 640 0 30
1173 8830 0 12
1174 1981 0 15
1175 3284 0 11
1176 1935 0 18
1177 3193 0 82
1178 1414 0 8
1179 215 0 13
1180 544 0 18
1181 386 0 239
1182 522 1 0
1183 3225 0 75
1184 1518 0 9
1185 450 0 50
1186 906 0 12
1187 1796 0 9
1188 595 0 13
1189 494 0 67
1190 182 1 16
1191 1584 0 31
1192 7406 0 30
1193 1237 0 17
1194 567 0 10

2 0 1443
54
1195 1529 0 8
1196 1026 0 11
1197 1378 0 11
1198 1424 0 178
1199 1270 0 23
1200 1407 0 22
1201 1654 0 8
1202 2299 0 119
1203 2537 0 11
1204 1188 0 11
1205 995 0 6
1206 885 0 34
1207 1962 0 7
1208 1192 0 15
1209 768 0 11
1210 2262 0 20
1211 1187 0 7
1212 2241 0 18
1213 3769 0 10
1214 1528 0 70
1215 908 0 13
1216 1356 0 18
1217 1324 0 2
1218 933 1 0
1219 6125 0 42
1220 1269 0 78
1221 905 1 316
1222 7148 0 617
1223 3213 0 20
1224 204 0 94
1225 1947 0 144
1226 639 1 0
1227 1643 0 162
1228 1344 0 14
1229 969 0 106
1230 538 0 19
1231 484 0 12
1232 532 0 11
1233 1103 0 151
1234 272 0 10
1235 969 0 10
1236 1210 0 9
1237 3377 0 19
1238 208 0 371
1239 3346 0 10
1240 1275 0 12
1241 977 0 11
1242 14378 0 8
1243 2928 0 11
1244 2871 0 28
1245 731 0 7
1246 1107 0 73
1247 2222 0 8
1248 1976 0 19

3 1 1446
1
1249 1278 0 69

4 1 1466
1273
1250 2486 0 24
1251 1921 0 168
1252 1511 0 76
1253 7631 0 6
1254 239 0 11
1255 1044 0 35
1256 1144 0 88
1257 631 0 108
1258 1038 1 100
1259 785 1 16
1260 1400 0 30
1261 1253 0 11
1262 1351 0 13
1263 525 0 85
1264 1882 0 11
1265 560 0 15
1266 2813 0 88
1267 1516 0 166
1268 5873 0 9
1269 1537 1 8
1270 587 0 306
1271 382 0 7
1272 541 0 10
1273 543 0 25
1274 1923 0 9
1275 1145 1 25
1276 2217 0 188
1277 3564 0 80
1278 1966 0 7
1279 465 0 70
1280 999 0 11
1281 3610 0 13
1282 1118 0 25
1283 202 1 503
1284 738 0 10
1285 517 0 31
1286 1986 0 39
1287 1639 0 12
1288 3333 1 0
1289 1985 0 18
1290 1216 0 74
1291 935 0 106
1292 941 0 9
1293 5088 0 12
1294 937 0 42
1295 305 0 8
1296 2619 0 11
1297 2880 0 9
1298 2172 0 11
1299 1600 0 222
1300 9366 0 37
1301 1513 0 11
1302 413 0 125
1303 603 0 9
1304 1235 0 9
1305 1317 0 18
1306 5080 0 9
1307 1303 0 15
1308 1756 0 28
1309 2913 0 10
1310 1200 0 57
1311 669 0 40
1312 1966 0 69
1313 1504 0 13
1314 1149 0 9
1315 772 0 8
1316 1953 0 12
1317 1968 0 7
1318 1314 0 13
1319 1011 0 7
1320 1987 0 25
1321 1859 0 8
1322 3929 0 11
1323 996 0 12
1324 887 0 29
1325 516 1 101
1326 1537 0 13
1327 913 0 30
1328 324 0 13
1329 1387 0 10
1330 280 0 9
1331 1537 0 242
1332 1334 0 7
1333 648 0 12
1334 989 0 26
1335 989 0 9
1336 989 0 15
1337 1893 0 86
1338 870 0 45
1339 832 0 9
1340 1792 0 44
1341 3201 0 63
1342 1089 0 10
1343 2949 1 416
1344 5121 0 11
1345 2395 0 12
1346 390 0 10
1347 5121 0 11
1348 980 0 38
1349 562 0 7
1350 1962 0 8
1351 5881 0 40
1352 1513 0 12
1353 890 0 55
1354 3278 0 42
1355 3431 0 13
1356 1968 1 0
1357 237 0 10
1358 1274 0 8
1359 1306 0 146
1360 868 0 17
1361 865 0 10
1362 2370 0 10
1363 1069 0 14
1364 1043 0 26
1365 1955 0 20
1366 374 0 8
1367 1055 0 10
1368 1011 0 11
1369 5094 0 11
1370 897 0 17
1371 745 0 10
1372 1165 0 148
1373 1366 0 10
1374 363 0 82
1375 3206 0 17
1376 1984 0 16
1377 1967 0 145
1378 665 0 10
1379 438 0 17
1380 1032 0 13
1381 3315 0 31
1382 6735 0 88
1383 687 0 57
1384 1143 0 165
1385 11433 0 11
1386 1422 0 8
1387 716 0 201
1388 1725 1 137
1389 5080 0 85
1390 2490 0 13
1391 8829 0 7
1392 2336 0 13
1393 425 0 11
1394 2883 0 7
1395 1302 0 3
1396 182 0 115
1397 1256 0 11
1398 1242 0 112
1399 849 0 199
1400 5109 1 19
1401 2810 0 9
1402 504 0 24
1403 12899 0 103
1404 3354 0 73
1405 2960 1 20
1406 786 0 10
1407 1770 0 11
1408 1103 0 9
1409 998 0 33
1410 1376 0 10
1411 1005 1 76
1412 2574 0 11
1413 1064 0 7
1414 694 0 2
1415 981 1 24
1416 2142 0 12
1417 1898 0 17
1418 145 0 19
1419 511 0 138
1420 2615 0 206
1421 184 0 71
1422 1992 0 12
1423 6364 0 77
1424 1158 0 10
1425 2517 0 26
1426 447 0 7
1427 1855 0 19
1428 1179 0 18
1429 13064 0 33
1430 1373 0 39
1431 1177 1 596
1432 1111 0 43
1433 1515 0 13
1434 2801 0 176
1435 897 0 10
1436 1026 0 161
1437 1933 0 10
1438 600 0 9
1439 558 0 28
1440 1584 0 11
1441 547 0 115
1442 2000 0 71
1443 6754 0 11
1444 164 0 11
1445 175 1 317
1446 1406 0 9
1447 1208 0 61
1448 682 0 109
1449 2151 0 6
1450 1273 0 19
1451 3371 0 12
1452 1388 0 13
1453 2480 1 26
1454 806 0 12
1455 993 0 25
1456 8946 0 39
1457 673 0 8
1458 2506 0 8
1459 747 0 20
1460 982 1 28
1461 1835 0 6
1462 1294 0 9
1463 487 0 87
1464 2907 0 24
1465 6572 0 9
1466 181 0 11
1467 1792 0 15
1468 601 0 63
1469 3308 0 72
1470 919 1 41
1471 1302 0 112
1472 1546 0 15
1473 9982 1 0
1474 558 0 617
1475 3222 0 81
1476 11957 0 24
1477 1422 0 177
1478 6129 0 20
1479 3796 0 352
1480 1704 1 0
1481 2556 0 18
1482 342 0 19
1483 551 0 15
1484 3172 0 14
1485 581 0 12
1486 2386 0 19
1487 1517 0 21
1488 5113 0 13
1489 1796 1 0
1490 5134 0 17
1491 635 0 17
1492 558 0 11
1493 1081 0 156
1494 1317 0 10
1495 7724 0 20
1496 2114 0 8
1497 647 1 13
1498 909 0 10
1499 2891 0 11
1500 7937 0 69
1501 1461 0 10
1502 1329 0 180
1503 1982 0 194
1504 8016 0 118
1505 7305 0 8
1506 4203 0 83
1507 192 0 70
1508 118 0 13
1509 3047 0 11
1510 3036 0 8
1511 2449 0 20
1512 989 1 0
1513 2666 0 11
1514 603 0 9
1515 1235 0 188
1516 1527 0 62
1517 1641 0 20
1518 836 0 343
1519 1983 0 73
1520 796 0 10
1521 1158 0 284
1522 1032 0 86
1523 746 0 17
1524 1039 0 11
1525 582 0 7
1526 987 0 12
1527 2807 0 8
1528 1229 0 44
1529 1520 0 11
1530 555 1 272
1531 1346 0 26
1532 2679 0 112
1533 6250 0 11
1534 551 0 13
1535 2849 0 9
1536 6732 0 53
1537 782 0 10
1538 1425 0 8
1539 335 0 58
1540 1537 1 0
1541 2418 0 19
1542 243 0 11
1543 1006 0 43
1544 1079 0 14
1545 1404 0 14
1546 1961 0 249
1547 1907 0 12
1548 1121 0 9
1549 507 0 6
1550 1181 0 137
1551 3639 0 5
1552 2783 0 11
1553 477 0 11
1554 944 0 7
1555 2240 0 15
1556 1909 0 10
1557 1179 0 46
1558 1014 0 8
1559 636 0 12
1560 2209 0 132
1561 1955 0 7
1562 3293 0 12
1563 1071 1 30
1564 826 0 103
1565 452 1 0
1566 609 0 10
1567 2606 0 26
1568 464 0 94
1569 859 0 19
1570 647 0 40
1571 3290 0 12
1572 1230 0 29
1573 482 0 9
1574 5024 0 9
1575 3344 0 11
1576 2604 0 16
1577 1093 0 14
1578 989 0 40
1579 2924 0 10
1580 2418 0 126
1581 578 0 8
1582 623 0 14
1583 1102 0 39
1584 322 0 72
1585 1208 0 63
1586 648 1 0
1587 3478 0 7
1588 1239 0 77
1589 2142 0 10
1590 2718 0 8
1591 2903 0 18
1592 2195 0 28
1593 2577 0 256
1594 1925 0 110
1595 3225 0 13
1596 1084 0 60
1597 298 0 14
1598 893 0 9
1599 920 1 0
1600 2955 0 11
1601 881 0 160
1602 1688 0 78
1603 356 0 10
1604 550 0 12
1605 3076 0 14
1606 7856 0 13
1607 503 0 15
1608 755 0 12
1609 6742 0 25
1610 939 0 185
1611 3225 0 11
1612 276 0 80
1613 824 0 9
1614 452 0 12
1615 2409 0 13
1616 2803 0 13
1617 989 0 13
1618 5075 0 106
1619 1248 0 18
1620 1504 0 10
1621 5059 0 12
1622 1422 1 0
1623 3343 0 74
1624 645 0 15
1625 785 0 7
1626 1516 0 76
1627 1980 0 14
1628 1226 0 131
1629 2463 0 51
1630 1057 0 8
1631 7735 0 5
1632 5989 0 14
1633 1414 0 106
1634 1195 0 21
1635 704 0 11
1636 7979 0 17
1637 1417 0 7
1638 700 0 140
1639 429 0 13
1640 1353 0 15
1641 3246 0 189
1642 1443 0 36
1643 940 0 13
1644 1356 0 16
1645 2425 1 0
1646 1297 0 27
1647 342 0 36
1648 1986 0 8
1649 1944 0 25
1650 989 0 23
1651 2486 0 55
1652 1964 0 11
1653 1933 0 174
1654 1504 1 12
1655 1965 0 10
1656 2939 0 22
1657 1281 0 95
1658 1528 0 9
1659 1411 0 146
1660 1228 0 10
1661 7050 0 10
1662 2223 0 135
1663 3140 0 73
1664 2295 0 40
1665 838 0 30
1666 195 0 12
1667 529 0 39
1668 3225 0 8
1669 1072 1 0
1670 1641 0 27
1671 3910 0 7
1672 548 0 13
1673 10518 0 60
1674 2075 0 8
1675 5009 0 49
1676 440 0 132
1677 1516 0 81
1678 2513 0 17
1679 192 0 50
1680 6859 0 7
1681 553 0 34
1682 1948 0 23
1683 3140 0 11
1684 606 0 21
1685 163 0 13
1686 1446 0 19
1687 476 0 132
1688 1391 0 14
1689 1416 1 566
1690 2141 0 145
1691 808 0 8
1692 3377 0 20
1693 1980 0 93
1694 1102 0 378
1695 2350 0 10
1696 5899 0 34
1697 1089 0 10
1698 1679 0 10
1699 3285 0 12
1700 1755 0 2
1701 989 0 119
1702 1428 0 12
1703 862 0 9
1704 1029 0 180
1705 1165 0 21
1706 2169 0 21
1707 3335 0 293
1708 1223 0 35
1709 946 0 42
1710 678 0 13
1711 14450 1 0
1712 2840 1 618
1713 2329 0 156
1714 3291 1 486
1715 1142 0 9
1716 5054 0 8
1717 2571 0 37
1718 5047 0 39
1719 3124 0 11
1720 6238 0 9
1721 1973 0 11
1722 1231 0 13
1723 2921 0 112
1724 2270 0 92
1725 1222 0 7
1726 1521 0 45
1727 644 0 10
1728 989 1 48
1729 499 1 196
1730 1964 0 19
1731 495 0 51
1732 1946 0 13
1733 3188 0 57
1734 1231 0 7
1735 3503 0 41
1736 1393 0 14
1737 3218 1 0
1738 2715 0 62
1739 8829 0 146
1740 824 0 66
1741 1132 1 107
1742 13125 0 12
1743 839 0 14
1744 1107 0 107
1745 936 0 10
1746 1526 0 27
1747 767 0 7
1748 181 0 10
1749 726 0 7
1750 2109 0 12
1751 1131 0 9
1752 331 0 8
1753 261 0 82
1754 1537 0 161
1755 1149 0 11
1756 1744 0 19
1757 249 0 83
1758 637 0 37
1759 3211 0 18
1760 12516 0 11
1761 249 0 11
1762 3623 0 12
1763 3313 0 8
1764 3317 0 11
1765 293 0 0
1766 7499 0 11
1767 325 0 75
1768 1152 0 17
1769 732 0 75
1770 1001 0 8
1771 5052 1 91
1772 5039 0 67
1773 7386 0 32
1774 3288 0 8
1775 1418 0 199
1776 1282 0 9
1777 2325 0 146
1778 2813 0 10
1779 1083 0 155
1780 1258 0 11
1781 302 0 14
1782 1882 0 13
1783 1313 0 203
1784 202 0 38
1785 1965 0 45
1786 6649 0 29
1787 1608 0 18
1788 3215 1 0
1789 983 0 14
1790 7567 0 16
1791 1980 0 10
1792 3171 0 161
1793 3372 0 10
1794 1060 0 19
1795 1975 1 46
1796 1794 0 7
1797 2166 0 73
1798 864 0 31
1799 1301 0 24
1800 946 0 73
1801 652 0 84
1802 996 0 40
1803 723 0 69
1804 1315 0 7
1805 267 1 0
1806 1841 0 53
1807 6452 1 30
1808 2803 0 103
1809 1483 0 141
1810 438 0 11
1811 1321 0 11
1812 934 0 34
1813 852 0 107
1814 7048 0 13
1815 714 0 12
1816 2911 0 34
1817 2055 0 34
1818 1389 0 8
1819 1292 0 83
1820 1865 0 44
1821 856 0 134
1822 1975 0 11
1823 272 0 11
1824 998 0 12
1825 2884 0 22
1826 1299 0 14
1827 986 0 30
1828 7822 0 48
1829 782 0 14
1830 1167 0 10
1831 1007 0 104
1832 1090 0 15
1833 478 0 10
1834 2028 0 12
1835 8204 0 7
1836 1348 0 277
1837 2265 0 137
1838 1334 0 9
1839 189 0 39
1840 1973 0 19
1841 3741 0 9
1842 6362 0 9
1843 818 0 149
1844 899 0 78
1845 981 0 115
1846 1382 0 13
1847 5353 0 10
1848 487 0 9
1849 2337 0 10
1850 1100 0 7
1851 701 0 20
1852 1191 0 41
1853 1138 0 20
1854 2688 0 241
1855 866 1 15
1856 821 0 128
1857 1709 0 89
1858 2908 0 27
1859 1069 0 16
1860 3141 0 68
1861 437 0 21
1862 2340 0 23
1863 647 0 208
1864 1788 0 9
1865 2801 0 12
1866 1057 0 8
1867 870 0 12
1868 2050 0 81
1869 1821 0 58
1870 1954 0 13
1871 2245 0 18
1872 2586 0 13
1873 1265 0 144
1874 345 0 58
1875 2586 0 7
1876 5873 0 11
1877 1876 0 53
1878 287 0 11
1879 3166 0 41
1880 1829 0 147
1881 810 0 8
1882 1410 0 12
1883 3236 0 3
1884 634 0 21
1885 860 0 13
1886 6731 0 11
1887 560 0 11
1888 670 0 27
1889 1326 0 29
1890 187 0 97
1891 1370 0 90
1892 1268 0 70
1893 2894 0 10
1894 2461 0 13
1895 806 0 9
1896 1272 0 162
1897 739 0 10
1898 1819 0 10
1899 847 0 20
1900 3358 0 21
1901 1431 0 9
1902 7794 0 13
1903 1106 0 99
1904 429 1 0
1905 1998 0 28
1906 2093 0 9
1907 1859 0 10
1908 3522 0 14
1909 3172 0 13
1910 976 0 10
1911 628 0 93
1912 934 0 132
1913 974 0 10
1914 1427 0 21
1915 12389 0 22
1916 1018 0 9
1917 1945 0 11
1918 2873 0 81
1919 836 0 15
1920 1942 0 14
1921 1775 0 8
1922 1965 0 134
1923 1399 0 10
1924 1498 0 7
1925 262 0 7
1926 251 0 79
1927 2263 1 16
1928 194 0 14
1929 1988 0 103
1930 800 1 76
1931 2699 1 0
1932 767 0 14
1933 299 0 11
1934 1214 0 150
1935 544 0 14
1936 526 0 17
1937 1423 0 54
1938 3184 0 11
1939 3590 0 73
1940 16204 0 8
1941 1393 0 8
1942 555 0 9
1943 6997 0 20
1944 532 0 7
1945 1002 0 10
1946 548 0 7
1947 1342 0 18
1948 1531 0 33
1949 626 0 11
1950 2002 0 13
1951 5744 0 19
1952 2291 0 10
1953 954 0 9
1954 2386 0 11
1955 2885 0 32
1956 2803 0 11
1957 341 0 35
1958 1144 0 30
1959 1016 0 11
1960 563 0 268
1961 811 0 34
1962 170 0 12
1963 5134 0 127
1964 870 0 9
1965 3061 0 18
1966 637 0 2
1967 1967 0 51
1968 1914 0 187
1969 1504 0 88
1970 1945 0 13
1971 3185 0 13
1972 2837 0 17
1973 5758 0 7
1974 544 0 11
1975 2139 0 51
1976 3759 0 49
1977 1340 0 251
1978 3294 0 36
1979 3198 0 67
1980 1985 0 145
1981 181 0 315
1982 1235 0 18
1983 1914 0 31
1984 792 0 136
1985 6997 0 9
1986 602 0 10
1987 852 0 18
1988 14680 0 72
1989 1259 0 10
1990 1282 0 10
1991 3058 0 13
1992 458 0 11
1993 1839 0 41
1994 6921 0 126
1995 545 0 17
1996 966 0 13
1997 569 0 34
1998 11514 0 24
1999 1165 0 11
2000 1831 0 28
2001 9982 0 108
2002 643 0 84
2003 1410 0 128
2004 2213 0 29
2005 1429 0 66
2006 275 0 38
2007 687 0 13
2008 342 0 14
2009 1127 0 149
2010 2257 0 13
2011 1413 1 516
2012 1145 0 10
2013 1228 0 13
2014 886 0 207
2015 2939 0 39
2016 749 0 31
2017 1060 0 6
2018 1850 0 27
2019 1278 0 28
2020 2946 0 81
2021 364 0 150
2022 3148 0 11
2023 1349 0 32
2024 3159 0 20
2025 534 0 72
2026 367 0 18
2027 414 0 24
2028 2792 0 20
2029 6039 0 11
2030 1413 0 13
2031 3234 0 12
2032 364 0 9
2033 574 0 164
2034 642 0 105
2035 1514 0 12
2036 937 0 215
2037 1981 0 9
2038 1367 0 8
2039 420 0 7
2040 1096 0 62
2041 280 0 18
2042 526 0 28
2043 5031 0 151
2044 799 0 46
2045 143 0 10
2046 323 0 10
2047 1728 0 14
2048 3308 0 12
2049 1163 0 9
2050 426 1 165
2051 580 0 10
2052 3522 0 14
2053 3515 0 18
2054 3445 0 7
2055 12538 0 34
2056 737 0 33
2057 1981 0 153
2058 1391 0 14
2059 1339 0 8
2060 962 0 10
2061 5133 1 61
2062 2821 0 12
2063 1420 0 27
2064 1278 1 0
2065 980 0 12
2066 991 0 7
2067 1598 0 7
2068 1502 0 9
2069 3278 0 12
2070 1579 0 9
2071 2826 0 14
2072 2940 0 42
2073 1320 0 57
2074 999 0 9
2075 1901 0 10
2076 3457 0 20
2077 3198 0 38
2078 2233 0 11
2079 1024 0 11
2080 862 0 79
2081 1115 0 36
2082 171 0 8
2083 6239 0 12
2084 989 0 21
2085 1308 0 8
2086 352 0 110
2087 9254 0 7
2088 3182 0 145
2089 1268 0 67
2090 1300 0 19
2091 1067 0 13
2092 409 1 0
2093 1312 0 22
2094 1421 0 3
2095 2302 0 111
2096 1455 0 7
2097 2897 0 9
2098 1097 0 12
2099 1242 0 199
2100 1228 0 16
2101 734 0 36
2102 1530 0 70
2103 3379 0 39
2104 1621 0 21
2105 4160 0 13
2106 3538 0 9
2107 2928 0 24
2108 5102 0 82
2109 3298 0 11
2110 1266 0 9
2111 1079 0 41
2112 1201 0 13
2113 2322 0 88
2114 1073 0 64
2115 2858 0 7
2116 1122 0 168
2117 538 0 9
2118 1507 0 10
2119 871 0 7
2120 1968 0 7
2121 5075 0 14
2122 445 0 12
2123 1087 0 8
2124 1429 0 23
2125 6881 0 42
2126 733 0 13
2127 1556 0 10
2128 1933 0 164
2129 867 0 38
2130 394 0 172
2131 2307 0 16
2132 3217 1 0
2133 13554 0 9
2134 1538 0 11
2135 1960 0 38
2136 1202 0 127
2137 1977 0 26
2138 16098 0 14
2139 2466 0 16
2140 374 0 5
2141 1408 0 199
2142 6745 0 11
2143 1397 0 35
2144 988 0 11
2145 377 0 6
2146 2198 0 7
2147 1158 0 13
2148 14921 0 10
2149 3323 0 40
2150 1307 0 20
2151 989 0 9
2152 552 0 18
2153 1354 0 85
2154 3227 0 10
2155 2220 0 834
2156 1121 0 110
2157 490 0 8
2158 6206 0 82
2159 1982 0 67
2160 1294 0 10
2161 1946 0 14
2162 573 0 11
2163 1187 0 9
2164 1516 0 12
2165 134 0 19
2166 846 0 13
2167 178 0 53
2168 853 0 10
2169 741 0 29
2170 2049 0 14
2171 1090 0 15
2172 1511 0 12
2173 3139 0 60
2174 1522 0 14
2175 1513 0 15
2176 508 0 29
2177 860 0 8
2178 2833 0 11
2179 1331 0 34
2180 12512 0 40
2181 5063 0 12
2182 2258 0 3
2183 879 0 11
2184 830 0 10
2185 958 0 38
2186 14473 0 9
2187 630 0 44
2188 1906 0 680
2189 1375 0 10
2190 3306 0 11
2191 312 0 9
2192 2308 0 7
2193 515 1 516
2194 437 0 20
2195 264 0 7
2196 524 0 13
2197 989 0 13
2198 3470 0 13
2199 1113 0 50
2200 1508 0 7
2201 3378 0 13
2202 1054 0 10
2203 993 0 8
2204 1504 0 12
2205 1741 0 40
2206 3379 0 34
2207 3401 0 24
2208 720 0 9
2209 12228 0 12
2210 3217 0 10
2211 2346 0 20
2212 859 0 34
2213 587 0 28
2214 1161 0 86
2215 785 0 26
2216 171 0 12
2217 506 0 95
2218 3321 0 9
2219 685 0 9
2220 1981 0 8
2221 1526 0 92
2222 2396 1 0
2223 989 0 15
2224 1200 0 10
2225 5137 0 76
2226 763 0 18
2227 596 0 827
2228 615 0 13
2229 1538 0 132
2230 334 0 11
2231 1513 0 13
2232 1301 1 0
2233 957 0 10
2234 1166 0 10
2235 775 0 28
2236 1654 0 13
2237 1773 0 46
2238 671 0 78
2239 1101 0 69
2240 401 0 11
2241 935 0 9
2242 700 0 11
2243 1185 0 10
2244 351 0 13
2245 2963 0 14
2246 1234 0 11
2247 983 0 30
2248 1003 1 0
2249 1320 0 12
2250 1043 0 13
2251 997 0 10
2252 734 0 12
2253 2326 0 8
2254 2602 0 11
2255 457 0 9
2256 1367 0 12
2257 1504 0 52
2258 1075 0 11
2259 950 0 7
2260 886 1 0
2261 1968 0 95
2262 3336 0 14
2263 674 0 46
2264 7472 0 64
2265 1215 0 42
2266 1180 0 8
2267 2431 0 10
2268 618 0 110
2269 3327 0 6
2270 861 0 27
2271 1327 1 17
2272 1020 1 0
2273 637 0 9
2274 1233 0 41
2275 1099 0 45
2276 1413 0 8
2277 1963 0 16
2278 887 0 27
2279 12722 0 3
2280 762 0 11
2281 1785 0 8
2282 745 0 18
2283 2853 0 76
2284 1615 0 11
2285 6 0 102
2286 974 0 38
2287 2876 0 50
2288 2805 0 36
2289 1273 0 7
2290 1437 1 27
2291 2130 0 617
2292 656 0 15
2293 1364 0 11
2294 692 0 73
2295 620 0 7
2296 1346 0 14
2297 1058 0 18
2298 1504 0 73
2299 969 0 40
2300 1072 0 36
2301 1050 0 31
2302 3213 0 9
2303 208 0 34
2304 722 0 6
2305 1768 0 8
2306 956 0 80
2307 997 0 11
2308 3312 0 12
2309 1299 0 11
2310 746 0 14
2311 7496 0 12
2312 2577 0 10
2313 2294 0 10
2314 1179 0 68
2315 1251 0 11
2316 2604 0 12
2317 541 0 8
2318 2562 0 32
2319 7044 0 37
2320 3167 0 13
2321 5027 0 10
2322 3359 0 14
2323 1554 0 27
2324 1519 0 92
2325 764 0 54
2326 2427 0 17
2327 377 0 8
2328 1278 0 72
2329 1183 0 78
2330 1426 0 18
2331 1404 0 7
2332 1062 0 11
2333 712 0 6
2334 1783 0 41
2335 5146 0 9
2336 5047 0 58
2337 281 0 18
2338 1306 0 10
2339 1104 0 10
2340 5065 0 47
2341 941 0 51
2342 1580 0 28
2343 12450 0 10
2344 1009 0 23
2345 728 0 101
2346 2829 0 11
2347 2086 0 7
2348 1420 0 12
2349 2885 0 9
2350 6455 0 13
2351 14376 0 34
2352 1518 0 15
2353 1841 0 8
2354 7338 1 0
2355 3140 0 7
2356 189 0 49
2357 1537 0 17
2358 366 0 57
2359 1537 0 137
2360 1472 0 48
2361 464 0 10
2362 3293 0 11
2363 647 0 14
2364 963 0 15
2365 3282 0 9
2366 636 0 11
2367 2821 0 13
2368 5117 0 17
2369 1952 0 53
2370 328 0 99
2371 3086 0 68
2372 1530 0 16
2373 215 0 9
2374 887 0 53
2375 442 0 5
2376 1696 0 143
2377 1503 0 13
2378 2000 0 43
2379 1895 0 7
2380 521 0 15
2381 894 0 8
2382 1272 0 112
2383 989 0 11
2384 518 0 10
2385 2873 0 7
2386 1215 0 8
2387 723 0 9
2388 1408 0 8
2389 911 0 12
2390 1959 0 111
2391 1715 0 30
2392 1825 0 29
2393 1167 0 309
2394 1371 0 10
2395 7680 0 23
2396 250 0 12
2397 639 0 30
2398 3936 0 22
2399 736 0 13
2400 739 0 10
2401 362 0 12
2402 6004 0 6
2403 2467 0 41
2404 840 0 19
2405 5082 0 67
2406 3715 0 8
2407 537 0 12
2408 1383 0 67
2409 3281 0 10
2410 806 0 53
2411 1402 0 138
2412 512 0 14
2413 853 0 9
2414 1252 0 67
2415 3651 0 23
2416 1094 0 107
2417 1053 0 8
2418 610 0 16
2419 1528 0 9
2420 2749 0 10
2421 1259 0 12
2422 3143 0 11
2423 7502 0 54
2424 196 0 6
2425 799 0 160
2426 844 0 14
2427 1006 0 7
2428 2462 0 10
2429 12689 0 7
2430 1329 0 12
2431 648 0 128
2432 5918 0 9
2433 3466 0 20
2434 7293 0 36
2435 465 0 19
2436 1943 0 75
2437 5134 0 11
2438 931 0 47
2439 1879 0 13
2440 1236 0 220
2441 709 0 74
2442 194 0 55
2443 3144 0 6
2444 2215 0 147
2445 185 0 9
2446 3225 0 165
2447 2336 0 8
2448 911 0 13
2449 1274 0 10
2450 1984 0 10
2451 1145 0 16
2452 1374 0 38
2453 689 0 8
2454 1965 1 0
2455 1963 0 7
2456 3308 0 7
2457 1061 0 103
2458 3141 0 35
2459 989 0 125
2460 2041 0 11
2461 667 0 7
2462 693 0 11
2463 168 0 56
2464 604 0 22
2465 4999 0 12
2466 1973 0 12
2467 647 0 52
2468 3293 0 13
2469 766 0 16
2470 3244 0 9
2471 319 0 8
2472 2147 0 0
2473 404 1 167
2474 1372 0 8
2475 1273 0 74
2476 2191 0 17
2477 1504 0 92
2478 782 0 29
2479 7309 0 13
2480 1070 0 9
2481 1969 0 7
2482 1066 0 188
2483 845 0 71
2484 876 0 23
2485 1793 0 10
2486 1368 0 21
2487 3213 0 175
2488 13554 0 10
2489 7731 0 26
2490 829 0 8
2491 1516 0 20
2492 3198 1 0
2493 2225 0 84
2494 6021 0 252
2495 3564 0 17
2496 17473 0 13
2497 759 0 70
2498 998 0 17
2499 3372 0 41
2500 958 1 148
2501 2970 0 72
2502 11838 0 103
2503 2509 0 11
2504 603 0 95
2505 756 0 8
2506 445 0 8
2507 1582 0 12
2508 1385 0 14
2509 1992 0 10
2510 1448 0 32
2511 2398 0 13
2512 6366 0 11
2513 1308 0 176
2514 2796 1 0
2515 1176 0 19
2516 1025 0 84
2517 1528 0 114
2518 573 0 53
2519 2652 0 9
2520 3926 0 13
2521 1513 0 28
2522 3208 0 156

5 0 1480
52
2523 1407 0 16
2524 1221 0 46
2525 1819 0 7
2526 3209 0 618
2527 455 0 16
2528 1848 0 12
2529 1691 0 42
2530 6999 0 112
2531 1824 0 50
2532 1173 0 8
2533 2670 0 23
2534 2834 0 8
2535 1074 0 28
2536 1157 0 37
2537 868 0 70
2538 529 0 29
2539 1370 0 7
2540 610 0 175
2541 3284 0 8
2542 1514 0 22
2543 1515 0 11
2544 7927 0 19
2545 43 0 155
2546 1269 1 26
2547 1384 0 28
2548 1984 0 85
2549 788 0 12
2550 1215 0 10
2551 644 0 13
2552 3308 0 10
2553 586 0 307
2554 3189 0 37
2555 3312 0 8
2556 2846 0 71
2557 2422 0 15
2558 1410 0 10
2559 339 0 70
2560 1777 0 134
2561 1530 0 178
2562 416 0 26
2563 2631 0 39
2564 849 0 52
2565 5026 0 30
2566 2605 0 60
2567 3239 0 13
2568 1765 0 99
2569 2860 0 48
2570 987 0 14
2571 2390 0 113
2572 851 0 381
2573 7636 0 59
2574 424 0 153

6 1 1811
6
2575 955 0 16
2576 711 0 11
2577 2724 0 5
2578 807 0 142
2579 1341 0 20
2580 3297 0 18

7 1 1818
31
2581 3430 0 8
2582 6366 0 8
2583 2113 0 8
2584 3122 0 11
2585 1513 0 10
2586 1217 0 287
2587 302 0 41
2588 924 0 60
2589 533 0 16
2590 1956 1 46
2591 1093 0 29
2592 264 0 20
2593 7342 0 10
2594 1256 0 38
2595 1385 0 13
2596 7494 0 11
2597 745 0 11
2598 1244 0 140
2599 2006 0 419
2600 282 0 7
2601 2550 0 13
2602 3182 0 60
2603 1984 0 62
2604 406 0 112
2605 1380 0 34
2606 704 0 8
2607 2020 0 7
2608 1794 0 13
2609 1082 0 14
2610 959 0 7
2611 1143 0 135

8 0 1862
26
2612 1966 0 19
2613 1255 0 63
2614 1088 0 7
2615 2573 0 7
2616 969 0 13
2617 539 1 7
2618 2309 0 46
2619 1252 0 68
2620 5139 0 7
2621 276 0 6
2622 13385 1 47
2623 2429 0 9
2624 606 0 24
2625 1315 0 318
2626 925 0 10
2627 1516 1 101
2628 1347 0 12
2629 823 0 32
2630 2829 0 6
2631 3316 0 28
2632 595 0 37
2633 2327 0 10
2634 3228 0 93
2635 1430 0 11
2636 533 0 9
2637 5088 0 67

9 0 1867
189
2638 1516 0 141
2639 2450 0 32
2640 1395 0 68
2641 17851 0 14
2642 780 0 9
2643 989 0 11
2644 3746 0 72
2645 3723 0 11
2646 5050 0 8
2647 3235 0 32
2648 4173 0 30
2649 425 0 22
2650 7971 0 9
2651 11611 0 17
2652 2432 1 0
2653 798 1 0
2654 1386 0 39
2655 2454 0 11
2656 416 0 19
2657 287 0 9
2658 2992 0 6
2659 3316 0 19
2660 3225 0 11
2661 1098 0 18
2662 2207 0 8
2663 1239 0 48
2664 7264 0 7
2665 5001 0 11
2666 1988 1 153
2667 1322 0 13
2668 693 1 16
2669 490 0 87
2670 418 0 9
2671 759 0 11
2672 3668 0 136
2673 621 0 19
2674 1652 0 14
2675 3241 1 26
2676 2474 0 41
2677 851 0 40
2678 989 0 100
2679 6 0 30
2680 173 0 40
2681 2223 0 54
2682 1418 0 29
2683 7 0 61
2684 1868 0 12
2685 983 0 7
2686 1274 0 25
2687 1671 0 300
2688 3239 0 10
2689 551 0 50
2690 3198 0 372
2691 1411 0 23
2692 171 0 131
2693 648 0 6
2694 822 0 38
2695 1545 0 8
2696 2547 1 19
2697 488 0 20
2698 1364 0 9
2699 14552 0 232
2700 733 0 12
2701 2601 1 3
2702 1602 0 8
2703 2850 0 8
2704 514 0 10
2705 1337 0 27
2706 3305 0 110
2707 1951 0 57
2708 723 0 30
2709 516 0 16
2710 1998 1 69
2711 66 0 15
2712 853 0 10
2713 2713 0 46
2714 1409 0 7
2715 2275 0 63
2716 1119 0 15
2717 1513 0 16
2718 3224 0 18
2719 2250 0 64
2720 2314 0 8
2721 1983 0 11
2722 696 0 151
2723 473 0 39
2724 5007 0 37
2725 1303 0 16
2726 2563 0 97
2727 3352 0 51
2728 462 0 28
2729 550 0 72
2730 163 0 9
2731 1425 0 88
2732 2466 0 14
2733 3357 0 73
2734 359 0 18
2735 1971 0 10
2736 1276 0 16
2737 1185 0 21
2738 3581 0 45
2739 768 0 7
2740 405 0 112
2741 1070 0 11
2742 174 0 11
2743 780 1 26
2744 1072 0 9
2745 5923 0 20
2746 1091 0 75
2747 823 0 8
2748 5054 0 96
2749 1022 0 17
2750 848 0 10
2751 3165 0 22
2752 2619 0 19
2753 1027 0 66
2754 201 0 23
2755 2734 0 99
2756 672 0 246
2757 3141 0 111
2758 570 0 25
2759 13376 0 11
2760 648 0 13
2761 1592 0 11
2762 250 1 0
2763 3141 0 8
2764 7904 0 29
2765 782 0 200
2766 2949 0 10
2767 1203 0 12
2768 1865 0 19
2769 3170 1 96
2770 571 0 49
2771 915 0 99
2772 2301 0 8
2773 1937 0 140
2774 788 0 11
2775 2598 0 32
2776 763 0 15
2777 815 1 29
2778 3378 0 13
2779 2489 0 22
2780 1544 0 36
2781 1416 0 45
2782 274 0 14
2783 462 0 7
2784 1047 0 18
2785 1828 0 7
2786 1208 0 11
2787 1044 0 77
2788 1974 0 9
2789 2461 0 14
2790 1031 0 99
2791 1112 0 11
2792 3161 0 91
2793 1685 0 84
2794 333 0 23
2795 576 0 10
2796 1876 0 41
2797 7389 0 11
2798 1429 0 7
2799 419 0 12
2800 1513 0 10
2801 167 0 19
2802 1411 0 12
2803 9982 0 8
2804 3261 0 73
2805 2391 0 10
2806 2158 0 13
2807 1320 0 8
2808 1344 0 27
2809 5086 0 64
2810 1538 0 19
2811 331 0 72
2812 989 0 10
2813 238 0 429
2814 3730 0 9
2815 1558 0 13
2816 1164 0 31
2817 603 0 8
2818 2059 0 11
2819 755 0 51
2820 772 0 7
2821 1492 0 7
2822 152 0 43
2823 470 0 12
2824 751 0 11
2825 934 0 7
2826 1637 0 23

10 1 1903
25
2827 1513 0 11
2828 570 0 11
2829 479 0 13
2830 6917 0 11
2831 859 1 0
2832 3378 0 187
2833 3379 0 35
2834 2954 0 9
2835 843 1 0
2836 1294 0 8
2837 2290 0 5
2838 373 0 8
2839 831 0 11
2840 1293 0 8
2841 541 0 367
2842 1064 0 10
2843 3174 0 0
2844 1310 0 51
2845 198 0 25
2846 181 0 27
2847 414 0 9
2848 9982 0 24
2849 511 0 116
2850 2210 0 309
2851 762 0 11

11 0 1911
53
2852 1151 0 11
2853 1331 0 7
2854 823 0 19
2855 16613 0 156
2856 442 0 25
2857 2081 0 75
2858 1513 0 28
2859 3377 0 11
2860 1990 0 39
2861 271 0 16
2862 2316 0 14
2863 902 0 8
2864 7186 0 8
2865 801 0 13
2866 1231 0 26
2867 566 0 8
2868 1145 0 29
2869 1277 0 108
2870 3019 0 17
2871 7759 0 11
2872 1528 0 8
2873 3246 0 207
2874 2716 0 66
2875 1314 0 7
2876 699 0 10
2877 2907 0 109
2878 1003 0 8
2879 315 0 8
2880 12580 0 13
2881 784 0 13
2882 1528 0 12
2883 2923 0 19
2884 1385 0 11
2885 3195 0 17
2886 1226 0 70
2887 389 0 12
2888 1027 0 80
2889 3373 0 7
2890 995 0 29
2891 2812 0 18
2892 820 0 9
2893 2038 0 45
2894 5026 0 278
2895 14 0 9
2896 3376 0 8
2897 1397 0 21
2898 2603 0 11
2899 2851 1 29
2900 3213 0 11
2901 1084 0 13
2902 1965 0 31
2903 802 0 71
2904 2811 0 7

12 1 1917
1299
2905 6561 0 47
2906 1378 0 27
2907 5116 0 7
2908 2792 0 8
2909 5004 0 17
2910 1522 0 16
2911 1898 0 26
2912 640 0 37
2913 442 0 18
2914 733 0 16
2915 612 0 11
2916 6798 1 30
2917 1257 0 11
2918 1174 0 35
2919 626 0 53
2920 2807 0 46
2921 513 1 0
2922 856 0 11
2923 6847 0 12
2924 2853 0 156
2925 1372 0 13
2926 1256 0 109
2927 1783 0 10
2928 3659 0 8
2929 3346 0 192
2930 174 1 0
2931 925 1 20
2932 231 0 89
2933 9980 0 11
2934 477 0 72
2935 439 0 11
2936 2252 0 7
2937 1187 0 11
2938 536 0 36
2939 1264 0 50
2940 989 0 8
2941 901 0 12
2942 3014 0 24
2943 995 0 11
2944 331 0 134
2945 526 0 8
2946 2281 0 13
2947 489 0 234
2948 2956 0 10
2949 447 1 0
2950 579 0 10
2951 5000 0 8
2952 1099 0 13
2953 627 0 41
2954 988 0 11
2955 887 0 41
2956 1371 0 138
2957 3011 0 92
2958 5100 0 241
2959 817 0 14
2960 630 0 141
2961 1942 0 31
2962 1099 0 7
2963 730 0 60
2964 618 0 9
2965 1708 0 23
2966 6849 0 69
2967 3718 0 153
2968 697 0 11
2969 3374 0 212
2970 4007 0 8
2971 5022 0 12
2972 887 1 0
2973 1992 0 8
2974 818 0 20
2975 158 0 33
2976 507 0 11
2977 1714 0 18
2978 950 0 39
2979 648 0 258
2980 456 0 11
2981 554 0 69
2982 1309 0 108
2983 868 0 33
2984 597 0 55
2985 790 0 7
2986 854 0 13
2987 6819 0 17
2988 2805 0 27
2989 3296 0 11
2990 3349 0 158
2991 616 0 93
2992 1193 0 7
2993 773 0 13
2994 14378 0 56
2995 4298 0 69
2996 1180 0 8
2997 1012 0 12
2998 482 0 7
2999 1986 0 8
3000 2221 0 8
3001 1953 0 72
3002 7999 0 13
3003 1223 0 66
3004 2211 0 10
3005 550 0 127
3006 8253 0 91
3007 1516 0 88
3008 1340 0 617
3009 332 0 145
3010 1526 0 9
3011 9303 0 51
3012 5064 0 129
3013 1295 0 149
3014 480 0 16
3015 16194 0 115
3016 1966 0 12
3017 1053 0 48
3018 7477 0 12
3019 786 0 32
3020 2400 0 7
3021 511 0 10
3022 575 0 7
3023 3330 0 14
3024 5136 0 171
3025 2805 0 27
3026 694 0 11
3027 1333 0 63
3028 6451 0 65
3029 426 0 8
3030 1254 0 18
3031 1263 0 11
3032 11789 0 158
3033 1821 0 38
3034 2240 0 49
3035 868 0 7
3036 876 0 99
3037 1061 0 8
3038 1224 0 39
3039 2381 0 20
3040 1168 0 9
3041 494 0 30
3042 3339 0 16
3043 3485 0 32
3044 932 0 18
3045 1181 0 7
3046 1187 0 74
3047 1521 0 12
3048 1229 0 8
3049 650 1 91
3050 1216 0 10
3051 198 0 8
3052 1947 0 11
3053 3273 0 16
3054 6841 0 98
3055 2287 0 9
3056 1442 0 40
3057 7478 0 208
3058 2124 0 19
3059 6237 0 11
3060 555 0 22
3061 507 0 32
3062 1518 0 15
3063 201 0 110
3064 2857 0 11
3065 1968 0 9
3066 3460 0 31
3067 11796 0 144
3068 705 0 13
3069 10004 0 9
3070 502 0 189
3071 319 0 12
3072 385 0 56
3073 1617 0 10
3074 790 0 74
3075 3288 0 10
3076 888 0 12
3077 3178 0 36
3078 989 0 13
3079 1956 0 7
3080 9974 0 135
3081 1413 0 12
3082 431 0 9
3083 1432 1 0
3084 1272 1 19
3085 5125 0 129
3086 680 0 7
3087 1429 1 0
3088 1836 0 11
3089 2692 0 10
3090 1118 0 52
3091 835 0 12
3092 171 0 11
3093 2357 0 38
3094 3046 0 13
3095 2422 0 71
3096 751 0 9
3097 196 0 11
3098 1254 0 2
3099 1154 0 47
3100 14766 0 19
3101 662 0 37
3102 1004 0 9
3103 3404 0 25
3104 676 0 10
3105 2589 0 8
3106 2584 0 10
3107 6734 0 8
3108 2179 0 11
3109 433 0 8
3110 181 0 18
3111 1280 0 17
3112 419 0 418
3113 776 0 60
3114 1108 0 9
3115 1518 0 27
3116 705 0 8
3117 2897 0 39
3118 316 0 62
3119 8100 0 7
3120 181 0 72
3121 1412 0 11
3122 1105 0 118
3123 1508 0 9
3124 555 0 9
3125 305 0 17
3126 1369 0 10
3127 1021 0 29
3128 2442 0 12
3129 9616 0 8
3130 1990 1 17
3131 208 0 13
3132 1134 0 106
3133 2822 0 29
3134 169 0 8
3135 1220 0 12
3136 1402 0 18
3137 1262 0 11
3138 5087 0 12
3139 589 0 60
3140 13064 0 102
3141 989 0 99
3142 3165 0 6
3143 460 0 31
3144 584 0 187
3145 704 0 30
3146 1726 0 76
3147 502 0 8
3148 1524 0 32
3149 11604 0 13
3150 5136 0 114
3151 906 0 87
3152 258 0 7
3153 1106 0 8
3154 975 0 781
3155 1071 1 46
3156 205 0 69
3157 1299 0 9
3158 495 0 130
3159 2827 0 10
3160 3040 0 145
3161 1057 0 11
3162 715 0 5
3163 395 0 90
3164 1211 0 8
3165 1955 0 115
3166 1513 0 11
3167 1169 0 17
3168 1945 0 14
3169 188 0 2
3170 1297 0 11
3171 319 0 12
3172 2812 0 11
3173 725 0 171
3174 589 0 27
3175 5758 0 8
3176 829 0 11
3177 1009 0 13
3178 414 0 72
3179 1425 0 8
3180 1810 0 13
3181 2994 0 11
3182 3315 0 11
3183 198 0 111
3184 915 0 71
3185 13830 0 11
3186 3372 0 229
3187 871 0 9
3188 6128 0 11
3189 489 0 32
3190 645 0 10
3191 1968 0 61
3192 535 0 19
3193 332 0 47
3194 13918 0 73
3195 883 0 10
3196 960 0 8
3197 2391 0 8
3198 3249 0 10
3199 1511 0 31
3200 701 0 41
3201 1707 0 67
3202 7279 0 11
3203 1713 0 12
3204 528 0 10
3205 1949 0 12
3206 3907 0 8
3207 13110 0 20
3208 2835 0 15
3209 838 0 12
3210 1953 0 7
3211 569 0 15
3212 1505 0 144
3213 401 0 70
3214 20 0 30
3215 1444 0 13
3216 2351 0 9
3217 1208 0 38
3218 649 0 6
3219 1194 1 400
3220 233 0 4
3221 335 0 17
3222 1429 0 10
3223 1664 0 11
3224 1988 0 8
3225 3303 0 12
3226 777 0 151
3227 1184 0 167
3228 2439 0 35
3229 1256 0 37
3230 1298 0 13
3231 1408 1 0
3232 1246 0 8
3233 5067 0 8
3234 1068 1 18
3235 574 0 15
3236 619 0 12
3237 2204 0 33
3238 970 0 8
3239 193 0 8
3240 424 0 31
3241 1146 0 8
3242 1343 0 7
3243 639 0 7
3244 1087 0 7
3245 1021 0 3
3246 770 0 37
3247 7333 0 9
3248 3680 0 32
3249 7582 0 10
3250 2419 0 10
3251 1408 0 16
3252 1327 0 118
3253 5078 0 51
3254 763 0 10
3255 1173 0 171
3256 2188 0 13
3257 507 0 199
3258 1515 0 40
3259 769 0 13
3260 197 0 6
3261 656 0 49
3262 5000 0 9
3263 2048 0 10
3264 1531 0 12
3265 755 0 11
3266 7912 0 11
3267 894 0 47
3268 1616 0 9
3269 2663 0 18
3270 212 0 77
3271 1984 0 9
3272 569 0 8
3273 1364 0 17
3274 2877 0 103
3275 468 0 63
3276 1736 0 17
3277 1537 0 11
3278 296 0 13
3279 2432 0 7
3280 1957 0 13
3281 7977 0 161
3282 11848 0 9
3283 5126 0 28
3284 2766 0 28
3285 5016 0 9
3286 2898 0 8
3287 2121 0 15
3288 773 0 9
3289 1618 0 13
3290 750 0 9
3291 3193 0 13
3292 1180 0 7
3293 3774 0 26
3294 2392 0 11
3295 3376 0 27
3296 1597 0 158
3297 1934 0 9
3298 5829 0 11
3299 1864 0 12
3300 783 0 21
3301 7272 0 99
3302 7928 0 6
3303 624 0 12
3304 944 0 73
3305 12200 0 22
3306 1334 0 9
3307 1950 0 7
3308 3394 0 14
3309 8914 0 28
3310 552 0 115
3311 980 0 122
3312 3212 0 46
3313 851 0 71
3314 961 0 17
3315 386 0 19
3316 2057 0 82
3317 516 0 8
3318 823 0 133
3319 357 0 46
3320 1795 0 12
3321 976 0 88
3322 1919 0 41
3323 1021 0 131
3324 874 0 30
3325 2157 0 63
3326 181 0 18
3327 2349 0 5
3328 7281 0 8
3329 6534 0 182
3330 14919 1 0
3331 5090 0 9
3332 1805 0 10
3333 3709 0 7
3334 7499 1 0
3335 3297 0 11
3336 464 0 8
3337 216 0 8
3338 570 1 31
3339 1759 0 22
3340 503 0 50
3341 1431 0 16
3342 1775 0 13
3343 961 0 12
3344 5758 0 10
3345 721 0 56
3346 2946 0 7
3347 1374 0 8
3348 952 0 11
3349 1673 0 24
3350 6736 0 9
3351 1008 0 13
3352 1538 0 11
3353 885 0 43
3354 1518 0 9
3355 3324 0 8
3356 2876 0 11
3357 3302 0 12
3358 2870 0 9
3359 989 1 0
3360 1414 0 38
3361 1958 0 27
3362 1686 0 52
3363 633 0 47
3364 1530 0 29
3365 2136 0 8
3366 740 0 14
3367 2897 0 21
3368 6121 0 12
3369 3261 0 8
3370 628 0 12
3371 2823 0 11
3372 694 0 10
3373 488 0 8
3374 3146 0 29
3375 2101 0 68
3376 2092 0 7
3377 1970 0 24
3378 3261 0 42
3379 1066 0 10
3380 1975 0 124
3381 2546 0 111
3382 3377 0 30
3383 991 0 10
3384 891 0 10
3385 2877 0 9
3386 1410 0 8
3387 721 0 9
3388 2792 0 25
3389 2726 0 41
3390 2096 0 67
3391 3360 0 73
3392 6140 0 12
3393 405 0 176
3394 474 0 22
3395 1657 0 215
3396 2312 0 184
3397 408 0 9
3398 1861 0 30
3399 5059 0 8
3400 858 0 11
3401 820 0 27
3402 1841 0 7
3403 2600 0 19
3404 642 0 27
3405 3169 0 11
3406 1408 1 0
3407 628 0 24
3408 1783 0 12
3409 974 0 21
3410 1176 0 12
3411 7276 0 11
3412 2821 0 10
3413 261 0 16
3414 7510 0 26
3415 1241 0 47
3416 426 0 7
3417 2742 0 13
3418 638 0 25
3419 13107 0 216
3420 679 0 21
3421 2468 0 24
3422 1116 0 12
3423 1978 0 34
3424 277 0 56
3425 2601 1 18
3426 1048 0 753
3427 1975 0 6
3428 1431 0 19
3429 1649 0 41
3430 1445 0 54
3431 1976 0 10
3432 5151 0 62
3433 1405 0 13
3434 2845 0 150
3435 7305 0 15
3436 1674 0 10
3437 435 0 11
3438 1142 0 26
3439 720 0 12
3440 7562 0 17
3441 792 0 14
3442 412 0 11
3443 629 0 38
3444 1112 0 73
3445 1006 0 8
3446 1423 0 18
3447 1247 0 12
3448 1730 0 2
3449 1045 0 11
3450 3186 0 6
3451 1961 0 41
3452 1788 0 9
3453 8169 0 70
3454 756 0 10
3455 1351 0 10
3456 1322 0 8
3457 1282 0 29
3458 1429 0 26
3459 1538 0 9
3460 2845 1 104
3461 576 0 11
3462 451 0 8
3463 471 0 8
3464 1325 0 7
3465 3635 0 11
3466 1089 0 68
3467 1641 0 7
3468 5774 0 7
3469 417 0 7
3470 804 0 15
3471 1513 0 79
3472 1082 0 9
3473 2785 0 8
3474 703 0 20
3475 15986 0 14
3476 757 0 136
3477 652 0 13
3478 1411 0 117
3479 2603 0 75
3480 13064 0 9
3481 530 0 12
3482 242 0 86
3483 2561 0 25
3484 986 0 51
3485 7895 0 10
3486 3656 0 9
3487 1516 0 8
3488 2807 0 147
3489 3164 0 41
3490 1638 1 316
3491 1947 0 9
3492 1245 0 103
3493 2104 0 13
3494 1853 0 13
3495 1100 0 13
3496 1444 0 428
3497 1508 0 12
3498 5098 0 66
3499 780 1 0
3500 995 0 33
3501 1397 0 12
3502 3479 0 32
3503 1163 0 12
3504 528 0 9
3505 2931 0 9
3506 781 0 7
3507 1889 0 13
3508 6201 1 0
3509 7048 0 11
3510 2035 0 87
3511 1015 0 6
3512 1027 0 81
3513 1131 0 27
3514 983 0 17
3515 554 0 41
3516 184 0 46
3517 3157 1 20
3518 3374 0 73
3519 1980 0 8
3520 1054 1 3
3521 2827 0 94
3522 2595 0 12
3523 406 0 8
3524 3357 0 24
3525 1948 0 7
3526 3676 0 173
3527 6289 0 9
3528 1807 0 24
3529 1107 0 10
3530 1504 0 15
3531 494 0 24
3532 2071 0 11
3533 1524 0 148
3534 12542 0 39
3535 6205 0 191
3536 833 0 20
3537 3174 0 14
3538 711 0 92
3539 1333 0 13
3540 7864 0 8
3541 212 0 11
3542 2412 0 37
3543 972 0 29
3544 1295 0 14
3545 882 0 26
3546 1024 0 107
3547 1462 0 31
3548 1322 0 51
3549 1786 0 10
3550 3204 0 368
3551 3196 0 12
3552 1702 0 11
3553 410 0 91
3554 3695 0 84
3555 349 0 11
3556 1410 0 10
3557 3530 0 9
3558 2845 0 73
3559 1205 1 0
3560 7319 1 0
3561 532 0 10
3562 1033 0 10
3563 901 0 28
3564 1078 0 7
3565 1739 0 10
3566 650 0 208
3567 1355 0 130
3568 788 0 40
3569 5053 0 9
3570 833 0 11
3571 1883 0 50
3572 706 0 8
3573 882 0 29
3574 171 0 11
3575 2605 0 20
3576 293 0 10
3577 125 0 27
3578 2992 0 6
3579 1176 0 12
3580 537 0 40
3581 577 0 13
3582 427 0 38
3583 1528 0 10
3584 188 0 131
3585 426 0 22
3586 3241 0 8
3587 415 0 41
3588 1379 0 77
3589 2160 0 82
3590 1417 0 148
3591 3767 0 13
3592 1513 0 27
3593 1588 0 10
3594 1133 0 10
3595 307 0 9
3596 532 0 9
3597 733 0 11
3598 7477 0 74
3599 3148 0 11
3600 512 0 84
3601 1350 0 10
3602 514 0 41
3603 6745 0 7
3604 3275 0 7
3605 2832 0 12
3606 7904 0 20
3607 5053 0 15
3608 1407 0 61
3609 1584 0 44
3610 835 0 41
3611 5070 0 11
3612 2176 0 67
3613 3278 0 10
3614 2795 0 25
3615 1821 0 32
3616 1207 0 106
3617 16828 0 28
3618 3711 0 11
3619 2926 0 9
3620 2894 0 21
3621 1944 0 11
3622 2978 0 191
3623 2250 0 19
3624 885 0 73
3625 2320 0 135
3626 739 0 32
3627 1253 0 52
3628 5122 0 616
3629 1974 0 7
3630 2919 0 219
3631 1409 0 8
3632 523 0 67
3633 3166 0 72
3634 2090 0 78
3635 3967 1 219
3636 1268 0 125
3637 824 0 10
3638 1292 0 71
3639 1374 0 18
3640 368 0 12
3641 10291 0 10
3642 12512 0 8
3643 3230 0 68
3644 394 0 20
3645 1592 0 17
3646 975 0 50
3647 1181 0 20
3648 672 0 57
3649 158 0 9
3650 1945 0 7
3651 7043 0 17
3652 1956 0 51
3653 1259 0 9
3654 784 0 18
3655 2541 0 69
3656 1654 0 8
3657 1307 0 31
3658 474 0 17
3659 795 0 7
3660 1141 0 10
3661 3384 0 72
3662 1563 0 229
3663 3140 0 73
3664 6559 0 14
3665 1035 0 11
3666 183 0 11
3667 587 0 16
3668 2150 0 68
3669 1089 0 98
3670 4971 1 0
3671 765 0 10
3672 2287 0 81
3673 1096 0 13
3674 896 0 28
3675 1118 0 13
3676 993 0 18
3677 1964 0 44
3678 9303 0 31
3679 727 1 516
3680 2019 0 11
3681 937 0 33
3682 1282 0 11
3683 165 0 19
3684 803 0 10
3685 848 0 98
3686 761 0 42
3687 181 0 29
3688 740 0 73
3689 2401 0 11
3690 2117 0 9
3691 1962 0 95
3692 1020 0 37
3693 450 1 28
3694 3379 0 40
3695 842 0 182
3696 809 0 87
3697 2604 0 68
3698 3293 0 39
3699 960 0 22
3700 1333 0 15
3701 1132 0 127
3702 3372 0 10
3703 1364 0 342
3704 909 0 13
3705 1089 0 8
3706 10202 0 109
3707 2000 0 38
3708 2601 0 7
3709 954 0 26
3710 1180 0 12
3711 523 0 11
3712 179 0 7
3713 903 0 11
3714 1756 0 13
3715 6095 0 8
3716 910 0 11
3717 502 0 26
3718 1345 0 11
3719 189 0 13
3720 2774 0 18
3721 3362 0 93
3722 5025 0 32
3723 1001 0 165
3724 6177 0 42
3725 868 0 18
3726 1950 0 45
3727 1351 0 148
3728 6741 0 3
3729 452 0 10
3730 683 0 11
3731 7497 1 0
3732 826 0 8
3733 955 0 9
3734 1038 0 163
3735 205 0 9
3736 989 0 9
3737 1396 0 18
3738 1945 0 17
3739 6217 0 74
3740 2352 0 24
3741 424 0 9
3742 5082 0 13
3743 2076 0 142
3744 1168 0 39
3745 1054 0 70
3746 200 1 201
3747 1344 0 9
3748 2178 0 122
3749 2538 0 8
3750 243 0 10
3751 2424 0 9
3752 6955 0 76
3753 1425 0 10
3754 2002 0 25
3755 824 0 14
3756 1330 0 9
3757 1198 0 71
3758 12200 0 37
3759 7283 0 107
3760 1673 0 7
3761 739 0 47
3762 1905 0 12
3763 1250 0 6
3764 1579 0 7
3765 1452 0 11
3766 3569 0 51
3767 323 0 2
3768 2032 0 19
3769 107 0 62
3770 3372 0 33
3771 1621 0 43
3772 523 0 142
3773 1351 0 12
3774 346 0 60
3775 1354 0 7
3776 780 0 39
3777 2559 0 18
3778 527 1 0
3779 1946 0 13
3780 595 0 25
3781 2788 0 11
3782 529 0 11
3783 846 0 12
3784 654 0 11
3785 1235 0 12
3786 2588 0 13
3787 805 0 14
3788 1936 0 20
3789 287 0 12
3790 6609 0 24
3791 436 0 8
3792 5026 0 30
3793 865 0 7
3794 3235 0 54
3795 704 0 40
3796 8914 0 12
3797 545 0 12
3798 2721 0 10
3799 6751 0 13
3800 1189 0 32
3801 1262 0 7
3802 1062 0 18
3803 997 0 16
3804 1442 0 29
3805 337 0 78
3806 1491 0 63
3807 403 0 17
3808 252 0 9
3809 576 0 8
3810 264 0 9
3811 1162 0 18
3812 136 0 10
3813 5097 0 8
3814 1412 0 23
3815 2397 0 13
3816 762 0 36
3817 2874 0 23
3818 1009 0 45
3819 1272 0 65
3820 1949 0 27
3821 16096 0 11
3822 3513 0 7
3823 989 1 0
3824 12365 1 0
3825 244 0 41
3826 6480 0 23
3827 6505 0 9
3828 3215 0 28
3829 1151 0 33
3830 12716 0 28
3831 16269 0 43
3832 928 0 71
3833 849 0 76
3834 1293 0 66
3835 1835 0 7
3836 693 0 28
3837 1705 0 32
3838 1016 0 39
3839 532 0 147
3840 3194 0 13
3841 634 0 81
3842 6951 0 61
3843 1031 0 31
3844 286 0 63
3845 1346 0 10
3846 1425 0 26
3847 1355 0 33
3848 1414 1 0
3849 455 0 8
3850 821 0 205
3851 3170 0 13
3852 1947 1 0
3853 288 0 8
3854 3069 0 89
3855 1187 0 21
3856 3255 0 10
3857 1965 1 118
3858 411 0 13
3859 905 0 23
3860 573 0 13
3861 1504 0 121
3862 799 0 38
3863 1357 0 12
3864 989 0 11
3865 781 0 15
3866 780 0 9
3867 377 0 451
3868 993 0 10
3869 1039 0 170
3870 1511 0 8
3871 433 0 8
3872 1195 0 7
3873 1153 0 138
3874 1210 0 18
3875 1289 0 13
3876 5140 0 180
3877 2124 0 9
3878 1069 0 12
3879 587 0 25
3880 1232 0 150
3881 1566 0 40
3882 2898 0 13
3883 5023 1 0
3884 1196 0 13
3885 2941 0 11
3886 7796 0 25
3887 2915 0 192
3888 1274 0 8
3889 1950 0 8
3890 472 0 50
3891 181 0 11
3892 3204 0 23
3893 6451 0 31
3894 1678 0 9
3895 1663 0 94
3896 655 0 16
3897 322 0 52
3898 1424 0 11
3899 1830 0 188
3900 2740 0 129
3901 422 0 173
3902 1416 0 9
3903 1988 0 13
3904 1976 0 11
3905 247 0 34
3906 5097 1 0
3907 2350 0 87
3908 3233 0 12
3909 924 0 9
3910 6170 0 8
3911 5073 0 12
3912 678 1 1109
3913 653 0 9
3914 1510 0 17
3915 228 0 13
3916 1862 0 13
3917 1275 0 35
3918 1946 0 8
3919 1567 0 67
3920 12500 0 8
3921 1513 0 11
3922 3111 0 17
3923 5030 0 52
3924 1191 0 52
3925 3704 0 11
3926 420 0 17
3927 1029 0 8
3928 1211 0 143
3929 442 0 14
3930 1020 0 55
3931 1408 0 39
3932 3194 0 182
3933 3185 0 36
3934 957 0 9
3935 3239 0 132
3936 2957 0 14
3937 1225 0 9
3938 2822 0 43
3939 591 0 12
3940 483 0 9
3941 598 0 30
3942 1774 0 13
3943 1178 0 7
3944 2258 0 8
3945 310 0 9
3946 1096 0 10
3947 2328 0 9
3948 591 0 46
3949 1387 0 14
3950 1095 0 29
3951 1023 0 150
3952 1305 0 7
3953 1340 0 9
3954 1114 0 44
3955 14447 0 13
3956 3300 0 147
3957 971 0 11
3958 224 0 11
3959 2808 0 16
3960 2144 0 46
3961 6213 0 88
3962 1244 0 62
3963 567 0 2
3964 2420 0 53
3965 1032 0 40
3966 257 0 70
3967 2258 1 0
3968 737 0 9
3969 414 0 12
3970 3333 0 8
3971 1863 0 75
3972 1968 0 11
3973 1953 0 27
3974 2569 0 12
3975 5140 0 309
3976 1046 0 12
3977 116 0 18
3978 1239 0 9
3979 3343 0 134
3980 1057 0 8
3981 7590 0 18
3982 1278 0 14
3983 402 0 49
3984 3047 0 7
3985 1504 0 10
3986 1835 0 128
3987 1339 0 9
3988 1546 0 10
3989 12205 0 18
3990 845 0 10
3991 755 0 36
3992 1688 0 39
3993 569 0 11
3994 5097 0 31
3995 1171 0 8
3996 621 0 12
3997 700 0 10
3998 2076 0 17
3999 3270 0 165
4000 1326 0 7
4001 410 0 86
4002 7185 0 11
4003 1624 0 39
4004 1751 0 29
4005 389 0 20
4006 857 0 7
4007 719 0 9
4008 1734 0 9
4009 5257 0 16
4010 570 0 29
4011 1276 0 10
4012 6731 0 112
4013 1012 0 58
4014 1151 0 7
4015 522 0 12
4016 1203 0 9
4017 3329 0 11
4018 2873 0 12
4019 3510 0 10
4020 2620 0 16
4021 953 0 8
4022 1530 0 10
4023 3611 0 13
4024 512 0 12
4025 1348 0 134
4026 1715 0 23
4027 721 0 39
4028 677 0 18
4029 1969 0 40
4030 810 0 82
4031 882 0 11
4032 1933 0 8
4033 536 0 8
4034 636 0 9
4035 7760 0 10
4036 1513 0 9
4037 2482 0 21
4038 2192 0 9
4039 7273 0 18
4040 1270 0 19
4041 6079 0 63
4042 1643 0 16
4043 639 0 8
4044 2940 0 11
4045 435 0 17
4046 1263 0 64
4047 357 0 17
4048 546 0 10
4049 3287 0 12
4050 2772 1 476
4051 1894 0 27
4052 270 0 31
4053 2511 0 35
4054 3471 0 92
4055 1143 0 7
4056 440 0 11
4057 681 0 12
4058 1294 0 13
4059 660 0 10
4060 16138 0 11
4061 4655 0 9
4062 7735 0 11
4063 7389 0 9
4064 582 0 42
4065 456 0 41
4066 1242 1 28
4067 1784 0 17
4068 930 0 18
4069 1414 0 17
4070 1664 0 11
4071 5067 1 0
4072 441 0 10
4073 1977 0 11
4074 2151 0 13
4075 168 0 33
4076 506 0 7
4077 1301 0 10
4078 1302 0 15
4079 4857 0 69
4080 538 0 18
4081 1431 0 9
4082 817 1 0
4083 2002 0 10
4084 5083 0 13
4085 1760 0 99
4086 931 0 93
4087 190 0 10
4088 885 0 13
4089 666 0 40
4090 15 1 0
4091 1526 0 3
4092 1507 0 7
4093 225 0 23
4094 2643 0 11
4095 712 0 11
4096 12886 0 7
4097 1170 0 11
4098 3368 0 152
4099 769 0 8
4100 564 0 34
4101 4154 0 12
4102 1287 0 30
4103 2691 0 28
4104 7397 0 6
4105 513 0 7
4106 7893 0 16
4107 3232 0 12
4108 929 0 11
4109 3541 0 10
4110 1020 0 99
4111 1507 0 11
4112 600 0 7
4113 1012 0 82
4114 6128 0 43
4115 1984 0 72
4116 925 0 7
4117 1403 0 12
4118 6822 0 23
4119 1730 0 8
4120 962 0 24
4121 693 1 717
4122 936 0 238
4123 2917 0 26
4124 1946 0 215
4125 354 0 11
4126 401 0 30
4127 1951 0 6
4128 718 0 232
4129 5758 0 16
4130 2064 0 57
4131 517 1 0
4132 1610 0 70
4133 1536 0 37
4134 977 0 10
4135 783 0 18
4136 2330 0 8
4137 1947 0 66
4138 3209 0 11
4139 2938 0 13
4140 2463 0 9
4141 3298 0 201
4142 699 0 11
4143 11034 0 48
4144 3288 0 7
4145 7390 0 7
4146 2447 0 11
4147 1801 0 22
4148 1619 0 11
4149 1358 0 23
4150 980 0 36
4151 612 0 7
4152 1219 0 109
4153 6372 0 34
4154 768 0 73
4155 649 0 98
4156 695 0 37
4157 1215 0 11
4158 613 0 62
4159 5106 0 12
4160 2909 0 13
4161 171 0 62
4162 575 0 212
4163 941 0 163
4164 198 0 31
4165 14926 0 8
4166 1836 0 92
4167 1135 0 10
4168 841 0 9
4169 1395 0 8
4170 1701 0 66
4171 1966 0 13
4172 1392 0 13
4173 1426 0 46
4174 1217 0 12
4175 783 0 189
4176 1502 0 44
4177 1925 0 10
4178 1406 0 262
4179 2784 0 9
4180 235 0 25
4181 1385 0 12
4182 1417 0 30
4183 1055 0 9
4184 1186 0 17
4185 12395 0 61
4186 374 0 8
4187 982 0 13
4188 2157 0 14
4189 1053 0 22
4190 174 0 46
4191 8176 0 10
4192 1183 0 84
4193 7051 0 11
4194 1427 0 91
4195 392 0 11
4196 3203 0 13
4197 3637 0 3
4198 5021 0 9
4199 544 0 7
4200 5870 0 9
4201 846 0 216
4202 613 0 9
4203 617 0 13

13 0 1925
47
4204 1087 0 13
4205 6919 0 12
4206 1971 0 12
4207 1323 0 31
4208 17506 0 86
4209 1504 0 73
4210 241 0 196
4211 495 0 28
4212 2936 0 54
4213 1707 0 11
4214 698 0 9
4215 1431 0 13
4216 10001 0 11
4217 17246 0 19
4218 1008 0 72
4219 1352 0 14
4220 5114 0 69
4221 184 0 24
4222 3016 0 86
4223 1082 0 70
4224 557 0 216
4225 1826 0 7
4226 774 0 9
4227 563 0 82
4228 664 1 0
4229 508 0 9
4230 1077 0 10
4231 1425 0 192
4232 327 0 7
4233 604 0 35
4234 2558 0 12
4235 168 0 8
4236 2984 0 11
4237 473 0 39
4238 3326 0 45
4239 1371 0 13
4240 171 0 9
4241 989 0 0
4242 16230 1 0
4243 5000 0 59
4244 1979 0 27
4245 2409 0 11
4246 9807 0 13
4247 2880 0 8
4248 1423 0 20
4249 3151 0 8
4250 1425 0 12

14 0 1978
4
4251 7279 0 11
4252 1947 0 13
4253 3132 0 7
4254 537 0 12

15 1 1995
25
4255 717 0 76
4256 361 0 17
4257 14376 0 23
4258 797 0 143
4259 2822 0 66
4260 136 0 7
4261 8464 0 302
4262 1538 0 96
4263 1351 0 69
4264 1530 0 7
4265 2953 0 8
4266 5002 0 16
4267 3072 0 40
4268 337 0 13
4269 2918 0 28
4270 518 1 400
4271 184 0 67
4272 570 0 78
4273 642 0 8
4274 3190 0 11
4275 1409 0 7
4276 1968 0 9
4277 503 0 15
4278 7040 0 11
4279 1760 0 8

16 1 2322
190
4280 371 0 8
4281 663 0 10
4282 445 0 7
4283 1071 0 11
4284 322 0 8
4285 2041 0 25
4286 835 0 12
4287 3201 0 10
4288 2546 0 11
4289 805 0 27
4290 2464 0 13
4291 1528 0 11
4292 1423 0 151
4293 2852 0 16
4294 2464 0 23
4295 656 0 11
4296 2461 1 12
4297 3012 0 20
4298 3014 0 196
4299 3465 0 10
4300 17472 0 242
4301 1427 0 24
4302 6750 0 11
4303 1106 0 173
4304 1618 0 10
4305 6803 0 8
4306 3290 0 16
4307 1554 0 16
4308 458 0 17
4309 6250 0 33
4310 13019 0 166
4311 2395 0 34
4312 1073 0 142
4313 358 0 10
4314 4049 1 515
4315 6743 0 14
4316 508 0 67
4317 569 0 99
4318 1937 1 27
4319 8189 0 28
4320 694 0 17
4321 1813 0 28
4322 1200 0 121
4323 1799 0 10
4324 1431 0 78
4325 690 0 11
4326 667 0 99
4327 353 0 11
4328 1518 0 13
4329 1290 0 24
4330 1520 1 81
4331 1055 0 12
4332 3283 0 13
4333 787 0 18
4334 5077 0 49
4335 1950 0 3
4336 2890 0 74
4337 519 0 14
4338 655 0 77
4339 3037 0 6
4340 2270 0 14
4341 980 0 12
4342 952 0 31
4343 908 0 46
4344 531 0 73
4345 1684 0 14
4346 786 0 103
4347 7822 0 8
4348 2670 0 10
4349 7968 0 10
4350 779 0 11
4351 3227 1 0
4352 3180 0 9
4353 1024 0 9
4354 830 0 65
4355 1448 0 129
4356 2410 0 17
4357 5088 0 6
4358 989 0 8
4359 1137 0 35
4360 598 0 12
4361 1173 0 17
4362 1973 0 22
4363 765 0 9
4364 2891 0 31
4365 459 0 92
4366 3303 0 12
4367 1102 0 9
4368 358 0 31
4369 1036 0 84
4370 1974 0 8
4371 1337 1 41
4372 1589 0 13
4373 3296 0 8
4374 172 0 26
4375 989 1 516
4376 3533 0 42
4377 692 0 12
4378 740 0 14
4379 3337 0 6
4380 2790 0 37
4381 2794 0 14
4382 499 0 15
4383 989 0 83
4384 353 0 41
4385 415 0 216
4386 2360 0 28
4387 904 0 13
4388 328 0 16
4389 2865 0 70
4390 2012 0 12
4391 3294 1 0
4392 972 0 6
4393 852 0 8
4394 5018 0 53
4395 1741 0 33
4396 1186 0 13
4397 808 0 22
4398 506 0 11
4399 752 0 37
4400 3227 0 7
4401 16273 0 12
4402 12506 0 12
4403 1139 0 99
4404 3100 0 78
4405 1177 0 143
4406 984 0 27
4407 1040 1 326
4408 1109 0 13
4409 278 0 11
4410 10173 0 21
4411 556 0 97
4412 1298 1 0
4413 548 0 17
4414 573 1 41
4415 3170 0 9
4416 2498 0 11
4417 3613 0 79
4418 1244 0 73
4419 2153 0 12
4420 986 0 8
4421 2871 0 11
4422 14378 0 19
4423 1209 0 60
4424 3255 0 40
4425 1943 0 24
4426 905 0 14
4427 1518 0 25
4428 428 0 111
4429 1282 0 192
4430 193 0 11
4431 3318 0 15
4432 1221 0 114
4433 3302 0 26
4434 545 0 83
4435 1881 0 12
4436 1540 0 11
4437 442 0 9
4438 1358 0 9
4439 287 0 12
4440 1423 0 8
4441 900 0 7
4442 2606 1 26
4443 1949 0 143
4444 545 0 37
4445 1247 0 13
4446 720 0 15
4447 3275 0 11
4448 2180 0 9
4449 734 0 123
4450 1241 0 247
4451 1952 0 26
4452 755 0 38
4453 1052 0 343
4454 1961 0 26
4455 844 0 14
4456 3331 0 425
4457 1506 1 0
4458 1644 0 17
4459 738 0 11
4460 9303 0 13
4461 5894 0 16
4462 3302 0 27
4463 1351 0 73
4464 496 0 43
4465 880 0 48
4466 2617 0 31
4467 462 0 7
4468 342 0 8
4469 5028 0 24

17 0 2479
7
4470 1031 0 68
4471 2928 0 10
4472 805 0 16
4473 1933 0 15
4474 1941 0 11
4475 1135 0 30
4476 3212 0 9

18 0 2582
56
4477 447 0 10
4478 546 0 13
4479 913 0 132
4480 15986 0 93
4481 3312 0 8
4482 1048 0 99
4483 1096 0 40
4484 1119 0 79
4485 2294 0 12
4486 484 0 16
4487 5105 0 11
4488 391 0 29
4489 2805 0 8
4490 762 0 8
4491 2555 1 127
4492 868 0 107
4493 6952 0 80
4494 8209 0 8
4495 181 0 43
4496 1077 0 88
4497 495 0 6
4498 3206 0 84
4499 1284 0 20
4500 424 0 21
4501 3732 0 67
4502 2873 0 87
4503 1005 0 150
4504 3249 0 28
4505 2386 0 32
4506 1475 0 27
4507 2396 0 9
4508 7036 0 213
4509 3206 0 9
4510 12787 0 17
4511 3172 0 32
4512 369 0 14
4513 596 0 33
4514 1961 0 8
4515 1022 0 8
4516 1521 0 12
4517 993 0 16
4518 1959 0 11
4519 2107 0 8
4520 989 0 11
4521 9982 0 23
4522 167 1 0
4523 1412 1 163
4524 413 0 14
4525 221 0 11
4526 1426 0 9
4527 2550 0 77
4528 585 0 45
4529 236 0 53
4530 374 0 97
4531 795 0 133
4532 3279 0 99

19 1 2591
25
4533 3767 0 11
4534 989 0 19
4535 1229 0 11
4536 2603 0 26
4537 2882 0 10
4538 16 0 19
4539 17465 0 12
4540 21 0 30
4541 645 0 8
4542 753 0 6
4543 3173 0 112
4544 703 0 11
4545 972 0 13
4546 1777 0 8
4547 424 0 110
4548 1124 0 10
4549 2211 0 9
4550 2908 0 8
4551 1084 0 10
4552 1149 0 8
4553 5145 0 12
4554 667 0 10
4555 2052 0 11
4556 381 0 10
4557 527 0 132

20 1 2599
25
4558 1040 0 117
4559 2498 1 27
4560 2836 0 84
4561 3371 0 16
4562 1694 0 10
4563 3351 0 11
4564 1237 0 10
4565 2923 0 13
4566 737 0 19
4567 2801 0 12
4568 1074 0 21
4569 7321 0 32
4570 1159 0 174
4571 1049 0 39
4572 1943 0 23
4573 1406 0 7
4574 3141 0 24
4575 910 0 9
4576 966 0 146
4577 1132 0 11
4578 545 0 10
4579 303 0 10
4580 6047 0 37
4581 3171 0 13
4582 918 1 0

21 1 2604
54
4583 762 0 29
4584 3344 0 11
4585 553 0 10
4586 897 0 9
4587 3179 0 13
4588 1067 0 33
4589 3067 0 174
4590 6098 0 29
4591 674 1 0
4592 1682 0 11
4593 469 0 69
4594 604 0 12
4595 2837 0 41
4596 3418 0 33
4597 429 0 16
4598 1543 0 13
4599 723 1 0
4600 3486 0 67
4601 1358 0 9
4602 921 0 11
4603 919 0 803
4604 6257 0 253
4605 2579 0 7
4606 13 0 11
4607 7146 0 43
4608 1537 0 53
4609 627 0 19
4610 2187 0 52
4611 16460 0 14
4612 1096 0 45
4613 1724 0 14
4614 1957 0 12
4615 1193 0 12
4616 1431 0 13
4617 964 0 10
4618 1129 0 219
4619 3372 0 10
4620 1801 0 80
4621 1095 0 15
4622 1365 0 50
4623 2865 0 18
4624 1943 0 3
4625 629 0 11
4626 181 0 9
4627 3474 0 7
4628 1206 0 10
4629 707 0 16
4630 944 0 12
4631 1001 0 88
4632 838 0 37
4633 655 0 8
4634 2828 0 109
4635 2927 0 43
4636 202 0 17

22 1 2605
52
4637 350 0 11
4638 3256 0 14
4639 516 0 11
4640 1963 0 146
4641 2704 0 30
4642 568 0 8
4643 1727 0 97
4644 437 0 7
4645 7043 0 110
4646 1864 0 9
4647 1964 0 54
4648 949 0 8
4649 500 0 14
4650 1051 0 11
4651 1505 0 13
4652 170 0 26
4653 2156 0 11
4654 989 0 17
4655 985 1 39
4656 2545 0 20
4657 903 0 13
4658 3326 0 36
4659 7407 0 16
4660 443 0 14
4661 1823 0 8
4662 656 0 52
4663 419 0 6
4664 2958 0 8
4665 3290 0 13
4666 6729 0 13
4667 1974 0 37
4668 2493 0 13
4669 1526 0 13
4670 7502 0 141
4671 3621 0 53
4672 1150 0 6
4673 176 0 11
4674 3354 0 13
4675 805 0 25
4676 1382 0 74
4677 753 0 32
4678 1790 0 19
4679 1021 0 15
4680 2758 0 8
4681 1364 0 8
4682 1146 1 177
4683 1131 0 8
4684 872 0 85
4685 4115 0 149
4686 2412 0 10
4687 9363 0 93
4688 3216 0 10

23 1 2610
52
4689 182 0 36
4690 2877 0 11
4691 537 0 68
4692 202 0 9
4693 1546 0 21
4694 1345 0 97
4695 1027 0 7
4696 1411 1 597
4697 754 0 111
4698 5035 0 13
4699 3317 0 11
4700 2320 0 39
4701 1240 0 10
4702 3141 0 30
4703 6201 0 10
4704 1057 0 16
4705 989 0 12
4706 804 0 50
4707 504 0 8
4708 1005 0 12
4709 1958 0 181
4710 672 0 46
4711 853 0 26
4712 202 0 56
4713 6141 0 68
4714 24 0 12
4715 1513 0 8
4716 436 0 11
4717 1038 0 13
4718 1513 0 8
4719 701 0 54
4720 1303 0 13
4721 664 0 33
4722 1058 0 29
4723 1823 0 114
4724 3253 0 18
4725 1136 0 12
4726 248 0 8
4727 2814 1 0
4728 989 0 19
4729 1987 0 50
4730 800 0 13
4731 793 0 13
4732 1657 1 0
4733 798 0 12
4734 180 0 134
4735 3629 0 159
4736 742 0 7
4737 1187 0 40
4738 1301 0 6
4739 1957 0 9
4740 1815 0 12

24 1 2612
1
4741 2771 0 61

25 1 2618
182
4742 923 0 8
4743 2401 0 26
4744 2383 0 12
4745 13115 0 0
4746 971 0 10
4747 1689 0 9
4748 300 0 39
4749 238 0 189
4750 1189 0 11
4751 2532 0 8
4752 3765 0 8
4753 978 0 12
4754 206 0 9
4755 193 0 11
4756 1931 0 22
4757 747 0 29
4758 3378 0 8
4759 269 1 0
4760 1513 0 27
4761 5095 0 10
4762 1318 0 10
4763 613 0 13
4764 1015 0 57
4765 2939 0 36
4766 1516 0 52
4767 9313 0 12
4768 559 0 7
4769 1092 0 10
4770 774 0 19
4771 894 0 11
4772 567 0 9
4773 502 0 42
4774 5045 0 39
4775 1288 1 26
4776 332 0 73
4777 1016 0 169
4778 5019 0 12
4779 632 0 7
4780 1714 0 201
4781 1178 0 134
4782 775 0 96
4783 1644 0 32
4784 2922 0 71
4785 1101 0 40
4786 2841 0 30
4787 2248 0 12
4788 1076 0 149
4789 1292 0 12
4790 1123 0 11
4791 287 0 20
4792 3183 0 9
4793 881 0 83
4794 3297 0 47
4795 1732 0 9
4796 1902 0 20
4797 6744 0 10
4798 1516 0 10
4799 256 0 8
4800 786 0 11
4801 12740 0 30
4802 2576 0 35
4803 1050 0 18
4804 1947 0 37
4805 890 0 8
4806 1960 0 10
4807 1314 0 20
4808 924 0 41
4809 2387 0 134
4810 1842 0 11
4811 2581 0 10
4812 1193 0 236
4813 4116 0 32
4814 3389 0 8
4815 574 0 80
4816 381 0 8
4817 2807 0 35
4818 3567 0 154
4819 407 0 11
4820 3735 0 13
4821 984 0 8
4822 1947 0 12
4823 2178 0 75
4824 227 0 43
4825 3590 0 76
4826 1687 0 135
4827 662 0 142
4828 756 0 10
4829 3271 0 9
4830 416 0 103
4831 1549 0 195
4832 371 1 266
4833 836 0 131
4834 1980 0 33
4835 989 0 9
4836 585 0 20
4837 307 0 32
4838 79 0 9
4839 600 0 805
4840 1191 0 110
4841 1376 0 13
4842 669 0 10
4843 3586 1 0
4844 7367 0 9
4845 7775 0 13
4846 736 0 9
4847 1538 0 10
4848 2547 0 128
4849 3323 0 139
4850 1417 0 11
4851 867 0 175
4852 754 0 13
4853 1686 0 11
4854 1166 0 17
4855 492 0 8
4856 895 0 9
4857 1022 0 105
4858 2883 0 27
4859 413 0 81
4860 1062 0 10
4861 182 0 13
4862 1617 0 10
4863 3197 1 101
4864 1421 0 13
4865 2896 0 7
4866 5000 0 8
4867 478 0 16
4868 1397 0 7
4869 253 0 10
4870 687 0 7
4871 930 0 29
4872 446 1 0
4873 3245 0 10
4874 1526 0 69
4875 1519 0 14
4876 600 0 147
4877 893 0 7
4878 788 0 31
4879 1056 0 11
4880 3331 0 11
4881 1834 0 103
4882 2942 0 10
4883 1941 0 9
4884 7366 0 11
4885 1504 0 17
4886 693 0 16
4887 204 0 13
4888 177 0 7
4889 7268 0 12
4890 1228 0 8
4891 735 0 16
4892 427 0 32
4893 2286 0 9
4894 888 0 11
4895 462 0 27
4896 643 0 10
4897 5056 0 13
4898 1299 0 9
4899 2978 0 9
4900 581 0 35
4901 7897 0 23
4902 846 0 13
4903 473 0 11
4904 598 0 80
4905 465 0 10
4906 21 0 174
4907 431 0 8
4908 3115 0 0
4909 2901 0 63
4910 838 0 73
4911 1222 0 11
4912 1525 0 62
4913 1986 0 74
4914 885 0 96
4915 6732 0 79
4916 810 0 23
4917 746 1 0
4918 690 0 49
4919 735 0 11
4920 948 0 44
4921 5020 0 11
4922 1886 0 10
4923 2862 0 11

26 1 2625
25
4924 1817 0 128
4925 3245 0 25
4926 3167 0 54
4927 602 0 10
4928 2931 1 0
4929 1321 0 7
4930 1954 0 9
4931 660 0 55
4932 1140 0 11
4933 1220 0 42
4934 222 0 73
4935 1259 0 13
4936 409 0 431
4937 398 0 103
4938 3139 0 72
4939 611 0 11
4940 2917 0 246
4941 745 0 25
4942 5065 0 9
4943 2556 0 8
4944 1305 0 7
4945 3164 0 7
4946 619 0 97
4947 3307 0 40
4948 2590 1 0

27 1 2627
130
4949 1149 0 7
4950 1504 0 11
4951 3150 0 27
4952 190 0 64
4953 1402 0 8
4954 1983 0 138
4955 1010 0 10
4956 1562 0 13
4957 1840 0 31
4958 2265 0 68
4959 806 0 436
4960 1795 0 8
4961 1358 0 10
4962 558 0 19
4963 427 0 27
4964 21 0 39
4965 14 0 12
4966 694 0 8
4967 1209 0 7
4968 1196 0 31
4969 624 0 11
4970 1529 0 31
4971 6139 0 11
4972 346 0 8
4973 13010 0 11
4974 1559 1 516
4975 1149 0 29
4976 2696 0 50
4977 5133 0 215
4978 6548 0 9
4979 931 0 68
4980 1274 0 37
4981 739 0 30
4982 2434 0 18
4983 5147 0 38
4984 6731 0 16
4985 995 0 9
4986 1251 0 21
4987 1115 0 13
4988 1294 0 11
4989 3177 0 11
4990 561 0 9
4991 3034 0 20
4992 1525 0 29
4993 536 1 0
4994 927 0 9
4995 7496 0 13
4996 2901 0 10
4997 1845 0 11
4998 3175 0 27
4999 1366 0 11
5000 969 1 3
5001 7673 0 14
5002 3144 0 14
5003 6715 0 113
5004 252 0 12
5005 14462 0 16
5006 1647 0 73
5007 1441 0 21
5008 12806 0 150
5009 768 0 51
5010 560 0 37
5011 1859 0 11
5012 1271 0 13
5013 174 0 6
5014 2815 0 23
5015 1388 0 13
5016 249 0 20
5017 7908 0 10
5018 1870 0 22
5019 409 0 98
5020 3011 0 10
5021 823 0 20
5022 947 0 81
5023 1519 0 12
5024 1567 0 39
5025 2265 0 72
5026 761 0 73
5027 1222 0 19
5028 2803 0 6
5029 579 0 11
5030 6923 1 0
5031 181 0 73
5032 235 0 14
5033 7472 0 617
5034 1764 0 10
5035 1383 0 9
5036 498 1 16
5037 7389 0 8
5038 2185 0 30
5039 1801 0 6
5040 2161 0 10
5041 2783 0 12
5042 668 0 52
5043 938 0 23
5044 791 0 17
5045 12247 0 8
5046 1179 0 26
5047 673 1 265
5048 6730 0 70
5049 450 0 8
5050 1099 0 33
5051 3359 0 49
5052 1757 0 24
5053 1249 0 50
5054 764 0 10
5055 199 0 13
5056 2788 0 40
5057 223 0 13
5058 378 0 11
5059 13105 0 19
5060 335 0 14
5061 844 0 21
5062 1213 1 0
5063 1487 0 34
5064 733 0 106
5065 112 0 11
5066 862 0 8
5067 3405 0 12
5068 3778 0 8
5069 720 0 12
5070 520 0 149
5071 450 0 76
5072 1387 0 13
5073 334 0 35
5074 943 0 3
5075 2588 0 10
5076 1167 0 10
5077 1947 0 9
5078 1519 0 2

28 0 2635
6
5079 1164 0 39
5080 1948 0 308
5081 7943 0 22
5082 804 0 54
5083 3371 1 0
5084 830 0 8

29 1 2637
1
5085 2949 0 14

30 1 2761
167
5086 1220 0 70
5087 1955 0 39
5088 3588 0 10
5089 444 0 13
5090 896 1 340
5091 1037 0 9
5092 5140 1 28
5093 5019 0 98
5094 1965 0 54
5095 1536 0 18
5096 2138 0 13
5097 1962 0 12
5098 17066 0 20
5099 1228 0 12
5100 1521 0 9
5101 728 0 19
5102 1983 0 25
5103 5004 0 18
5104 1178 0 38
5105 6517 0 199
5106 1504 0 250
5107 1324 0 11
5108 1537 0 12
5109 827 0 134
5110 2896 0 13
5111 920 0 10
5112 2992 0 73
5113 225 0 18
5114 588 0 11
5115 663 0 21
5116 1183 0 146
5117 17473 0 11
5118 1991 1 122
5119 740 0 36
5120 2272 0 40
5121 469 0 10
5122 539 0 47
5123 5025 0 13
5124 1508 0 8
5125 959 0 7
5126 345 0 14
5127 1385 0 8
5128 11518 0 7
5129 914 1 17
5130 1431 0 50
5131 431 0 8
5132 2939 0 10
5133 2400 0 148
5134 7700 0 10
5135 1578 0 30
5136 1103 0 8
5137 958 0 52
5138 1141 0 30
5139 1623 0 350
5140 2227 0 71
5141 9368 0 38
5142 3319 0 11
5143 313 0 3
5144 2453 0 13
5145 1016 0 7
5146 849 0 7
5147 989 0 252
5148 810 0 86
5149 1215 0 10
5150 2105 0 54
5151 1336 0 30
5152 1812 0 64
5153 13914 0 8
5154 1364 0 14
5155 932 0 19
5156 1370 0 7
5157 280 0 110
5158 551 0 44
5159 749 0 13
5160 8915 0 10
5161 722 0 173
5162 3349 0 75
5163 3159 0 8
5164 2456 0 11
5165 3307 0 13
5166 747 0 10
5167 1047 0 12
5168 3339 0 9
5169 2931 0 16
5170 1538 0 10
5171 6197 0 64
5172 1195 0 11
5173 2933 0 10
5174 3209 0 10
5175 15985 0 38
5176 766 0 12
5177 3154 0 12
5178 1048 0 68
5179 584 0 136
5180 759 0 51
5181 1109 0 128
5182 1272 0 10
5183 957 0 68
5184 2884 0 18
5185 3379 0 6
5186 1077 0 21
5187 996 0 16
5188 496 0 68
5189 697 0 11
5190 559 0 100
5191 1114 0 22
5192 2004 1 0
5193 509 0 10
5194 1364 0 25
5195 719 0 9
5196 3658 0 13
5197 548 0 27
5198 1975 0 18
5199 2276 0 11
5200 3289 0 12
5201 3411 0 10
5202 1082 0 8
5203 864 0 81
5204 674 0 7
5205 801 0 6
5206 544 0 11
5207 666 0 16
5208 2611 0 152
5209 1712 0 68
5210 452 0 9
5211 703 0 57
5212 2890 0 21
5213 873 0 38
5214 1519 0 129
5215 1022 0 6
5216 2389 0 108
5217 462 0 13
5218 614 0 17
5219 2965 0 13
5220 6180 0 9
5221 934 0 148
5222 556 0 57
5223 1856 0 29
5224 3184 1 228
5225 2316 0 12
5226 684 0 78
5227 2630 0 11
5228 1163 0 10
5229 881 0 41
5230 1396 0 73
5231 853 0 22
5232 375 0 10
5233 2154 0 68
5234 3277 0 14
5235 1299 0 101
5236 428 0 13
5237 1308 0 9
5238 1064 0 36
5239 2033 0 17
5240 12814 0 11
5241 2026 0 10
5242 1212 0 10
5243 2869 1 77
5244 488 0 70
5245 558 0 7
5246 1794 0 11
5247 1658 0 20
5248 1323 0 6
5249 1371 0 10
5250 906 0 21
5251 1266 0 79
5252 1030 0 248

31 1 2763
58
5253 581 0 40
5254 16450 0 7
5255 309 0 148
5256 1943 0 11
5257 1098 0 72
5258 3190 0 16
5259 6366 0 53
5260 1121 0 11
5261 2175 0 29
5262 1057 0 8
5263 7315 0 9
5264 1063 0 30
5265 2939 0 10
5266 179 0 87
5267 3265 0 15
5268 6613 0 84
5269 938 1 0
5270 1653 0 17
5271 2016 0 10
5272 1088 0 177
5273 786 0 14
5274 1557 0 30
5275 3607 0 8
5276 903 0 14
5277 2075 0 11
5278 1134 0 13
5279 647 0 132
5280 304 0 9
5281 7 0 12
5282 584 0 73
5283 981 0 8
5284 448 0 39
5285 1905 0 9
5286 5008 0 31
5287 1289 0 49
5288 640 0 14
5289 196 0 158
5290 2901 0 14
5291 3279 0 5
5292 2958 0 29
5293 1095 0 10
5294 899 0 81
5295 1412 0 76
5296 1279 0 37
5297 887 1 16
5298 1060 0 27
5299 1384 0 68
5300 6727 0 18
5301 3551 0 110
5302 1618 0 74
5303 1425 0 47
5304 5073 0 15
5305 1989 0 119
5306 59 0 47
5307 638 0 9
5308 2504 0 13
5309 665 1 595
5310 1514 0 13

32 1 2766
1
5311 2559 1 0

33 1 2781
130
5312 3355 0 8
5313 1052 0 14
5314 1521 0 13
5315 1228 0 14
5316 928 0 68
5317 181 0 172
5318 367 0 142
5319 2556 0 8
5320 232 0 6
5321 3278 0 20
5322 1191 0 88
5323 333 0 21
5324 973 0 17
5325 3358 0 8
5326 300 0 10
5327 246 0 13
5328 2571 0 7
5329 1425 0 11
5330 578 0 6
5331 1485 0 144
5332 1057 0 23
5333 164 0 102
5334 484 0 19
5335 1383 0 19
5336 5105 0 46
5337 6731 0 89
5338 5079 0 11
5339 403 0 12
5340 690 0 9
5341 2269 0 14
5342 2918 0 21
5343 2403 0 145
5344 649 0 10
5345 434 0 11
5346 354 0 8
5347 1207 0 139
5348 471 0 177
5349 347 0 14
5350 1776 0 8
5351 583 0 16
5352 8839 0 50
5353 942 0 8
5354 2598 0 8
5355 554 0 70
5356 707 0 8
5357 2841 0 110
5358 697 0 8
5359 7664 0 8
5360 1245 1 376
5361 1094 0 18
5362 889 0 18
5363 1376 0 69
5364 208 0 10
5365 6729 0 151
5366 5014 0 11
5367 3809 0 95
5368 2707 0 8
5369 7331 0 13
5370 877 0 24
5371 1955 0 11
5372 559 0 12
5373 11789 0 13
5374 1352 0 13
5375 3163 0 12
5376 17473 0 13
5377 1017 0 22
5378 823 0 68
5379 872 0 208
5380 2116 0 13
5381 1128 0 11
5382 3191 0 7
5383 4027 0 11
5384 581 0 11
5385 952 0 24
5386 1304 0 8
5387 796 0 211
5388 3199 0 123
5389 1986 0 12
5390 3180 0 8
5391 920 0 58
5392 932 0 24
5393 402 1 0
5394 1291 0 45
5395 2536 0 156
5396 1223 0 44
5397 2743 0 13
5398 1024 0 41
5399 631 0 9
5400 789 0 30
5401 6183 0 99
5402 2167 0 56
5403 1278 0 11
5404 538 0 305
5405 2386 0 84
5406 762 0 16
5407 3166 0 55
5408 2362 0 14
5409 845 0 20
5410 190 0 73
5411 3373 0 45
5412 2817 0 146
5413 1484 0 57
5414 332 0 10
5415 1338 0 11
5416 1048 0 0
5417 378 0 39
5418 2480 0 132
5419 902 0 10
5420 5008 0 12
5421 628 0 107
5422 1404 0 298
5423 1051 0 9
5424 5055 0 38
5425 787 0 9
5426 989 0 6
5427 1529 0 20
5428 14460 0 19
5429 605 0 8
5430 475 0 82
5431 13555 0 8
5432 168 0 281
5433 3069 0 10
5434 6050 0 61
5435 1752 0 15
5436 229 0 248
5437 2343 1 0
5438 1057 0 10
5439 1368 0 62
5440 524 1 1
5441 599 0 11

34 1 2785
48
5442 804 0 12
5443 7402 0 49
5444 245 0 27
5445 786 0 14
5446 216 0 7
5447 1063 0 10
5448 1099 0 11
5449 6530 0 129
5450 946 0 12
5451 1933 0 41
5452 332 0 11
5453 1186 0 13
5454 897 0 26
5455 1024 0 43
5456 2080 0 14
5457 598 0 60
5458 1467 0 12
5459 713 0 69
5460 11886 0 11
5461 1237 0 20
5462 8839 0 66
5463 1981 0 10
5464 1220 0 8
5465 435 0 342
5466 3304 1 46
5467 1407 1 0
5468 5073 0 9
5469 3874 0 63
5470 1194 0 126
5471 1173 0 10
5472 1014 0 11
5473 891 0 7
5474 6551 0 58
5475 1105 0 9
5476 347 0 8
5477 3154 0 13
5478 8781 0 9
5479 992 0 8
5480 1823 0 33
5481 3330 0 24
5482 1258 0 389
5483 2713 0 9
5484 1970 1 0
5485 3313 0 14
5486 977 0 61
5487 5090 0 7
5488 870 0 9
5489 12785 0 12

35 1 2790
1051
5490 2172 0 10
5491 1126 0 8
5492 1154 0 31
5493 3252 0 77
5494 714 0 43
5495 6228 0 172
5496 1914 1 101
5497 1965 0 11
5498 1518 0 15
5499 181 1 596
5500 1390 0 50
5501 5061 0 80
5502 725 0 19
5503 3165 0 7
5504 788 0 10
5505 1219 0 224
5506 685 0 105
5507 284 0 7
5508 1172 0 9
5509 201 1 82
5510 1217 0 8
5511 989 0 17
5512 1529 0 77
5513 3 0 10
5514 1188 0 8
5515 2805 0 9
5516 1974 0 26
5517 1504 0 27
5518 728 0 9
5519 1520 0 30
5520 3195 0 26
5521 16 0 10
5522 1011 0 10
5523 933 0 17
5524 1205 0 92
5525 1380 0 7
5526 412 0 7
5527 1092 0 7
5528 1891 0 13
5529 708 0 28
5530 1196 0 3
5531 1985 0 9
5532 1205 0 9
5533 6729 0 10
5534 989 0 12
5535 11056 0 9
5536 1249 0 30
5537 543 0 6
5538 369 0 13
5539 778 0 129
5540 989 0 66
5541 1943 0 8
5542 1400 0 37
5543 466 0 8
5544 12405 0 37
5545 1256 0 12
5546 2918 0 32
5547 313 0 7
5548 3206 0 44
5549 14612 0 19
5550 2601 0 70
5551 1417 0 7
5552 826 0 47
5553 1236 0 304
5554 3363 0 10
5555 869 1 16
5556 1516 0 45
5557 172 1 0
5558 464 0 10
5559 5154 0 61
5560 733 0 73
5561 2054 0 8
5562 1505 0 29
5563 34 1 0
5564 1111 0 73
5565 1477 0 11
5566 2779 0 40
5567 1608 0 7
5568 3302 0 12
5569 12719 0 141
5570 1978 0 10
5571 1867 0 34
5572 1360 0 21
5573 279 0 8
5574 409 0 13
5575 828 0 13
5576 779 0 67
5577 3050 0 10
5578 1383 0 31
5579 1983 0 11
5580 3347 0 9
5581 829 0 11
5582 12487 0 11
5583 12 0 13
5584 7491 0 18
5585 7303 0 11
5586 1072 0 12
5587 1533 0 148
5588 1077 0 372
5589 2306 0 31
5590 1259 0 11
5591 1421 0 15
5592 1405 0 13
5593 1354 0 12
5594 3160 0 11
5595 1470 0 20
5596 2060 0 7
5597 250 1 0
5598 2669 0 16
5599 2957 0 122
5600 6146 0 82
5601 583 0 20
5602 1531 0 14
5603 2605 0 52
5604 1182 0 23
5605 5877 0 16
5606 734 0 10
5607 1259 0 19
5608 7308 0 7
5609 5123 0 11
5610 7400 0 11
5611 611 0 10
5612 613 0 10
5613 3157 0 72
5614 510 0 12
5615 181 0 208
5616 955 0 48
5617 1345 0 9
5618 237 0 25
5619 813 0 7
5620 926 0 25
5621 1538 0 11
5622 697 0 13
5623 408 0 9
5624 2106 0 29
5625 1193 0 11
5626 8022 0 16
5627 1346 0 11
5628 833 0 46
5629 901 0 10
5630 1964 0 11
5631 3704 0 33
5632 6729 0 43
5633 714 0 74
5634 1388 0 8
5635 5893 0 12
5636 1054 0 24
5637 2323 0 49
5638 2776 0 39
5639 1421 0 7
5640 577 0 23
5641 7186 0 20
5642 1110 0 17
5643 1972 0 11
5644 5101 0 9
5645 247 0 199
5646 8209 1 0
5647 2519 0 8
5648 5048 0 617
5649 628 0 10
5650 204 0 35
5651 2871 1 0
5652 2445 0 30
5653 1370 0 9
5654 7714 0 11
5655 963 0 140
5656 495 0 11
5657 520 0 34
5658 3229 0 13
5659 7677 0 44
5660 6238 0 11
5661 2773 0 171
5662 1261 0 7
5663 1365 0 10
5664 1293 0 11
5665 1940 0 11
5666 171 0 245
5667 658 0 96
5668 1251 1 31
5669 1618 0 67
5670 6952 0 26
5671 2079 0 24
5672 7338 0 12
5673 1229 0 37
5674 2933 0 13
5675 3011 0 8
5676 862 0 21
5677 2350 0 8
5678 1345 0 13
5679 1033 0 17
5680 472 0 29
5681 525 0 40
5682 1208 0 15
5683 165 0 10
5684 1783 0 12
5685 905 0 18
5686 1346 0 13
5687 1578 1 40
5688 2821 0 12
5689 1183 0 23
5690 3141 0 5
5691 2437 0 34
5692 5051 0 9
5693 898 0 27
5694 1518 1 517
5695 3720 0 13
5696 5923 0 7
5697 1202 0 54
5698 1558 0 40
5699 7526 0 217
5700 2377 0 17
5701 539 0 31
5702 625 0 12
5703 2251 0 37
5704 126 0 22
5705 1447 0 45
5706 684 0 14
5707 1525 0 52
5708 5050 0 7
5709 1289 0 127
5710 878 0 17
5711 6156 0 10
5712 2914 0 14
5713 206 0 17
5714 1102 0 122
5715 344 0 48
5716 2171 0 12
5717 2271 0 10
5718 3462 0 7
5719 211 0 11
5720 2601 0 2
5721 5006 0 39
5722 2911 0 25
5723 1098 0 18
5724 2086 0 42
5725 369 0 13
5726 851 0 12
5727 1060 0 116
5728 6742 0 9
5729 989 0 24
5730 2938 0 19
5731 1212 0 14
5732 3194 0 12
5733 318 0 17
5734 1374 0 13
5735 318 0 6
5736 1622 0 8
5737 930 0 27
5738 2112 0 128
5739 1370 0 283
5740 897 0 18
5741 17366 0 99
5742 1724 0 17
5743 6229 0 12
5744 1511 0 25
5745 2763 0 84
5746 1071 1 0
5747 2116 0 10
5748 1762 0 34
5749 1188 0 30
5750 2119 0 98
5751 705 0 7
5752 1806 0 38
5753 8886 0 9
5754 1131 0 26
5755 3138 0 11
5756 1214 0 67
5757 537 0 10
5758 1016 0 12
5759 1373 0 96
5760 1928 0 40
5761 3320 0 111
5762 3199 0 7
5763 2571 0 11
5764 2435 0 7
5765 1375 0 181
5766 1379 0 9
5767 1406 1 0
5768 930 0 11
5769 3238 0 106
5770 1002 0 149
5771 3225 0 17
5772 13571 0 13
5773 682 0 46
5774 1703 0 31
5775 5759 0 213
5776 976 0 95
5777 694 0 12
5778 814 0 116
5779 1595 0 29
5780 1168 0 32
5781 770 0 21
5782 2208 0 10
5783 5761 0 8
5784 523 0 30
5785 3176 0 44
5786 6532 0 10
5787 683 0 17
5788 3226 0 190
5789 742 0 112
5790 1100 0 32
5791 2323 0 299
5792 3282 0 13
5793 939 0 78
5794 2164 0 11
5795 618 0 30
5796 874 0 10
5797 2485 0 6
5798 6092 0 7
5799 768 0 8
5800 5055 0 12
5801 1197 0 50
5802 1513 0 61
5803 546 0 41
5804 1736 0 98
5805 939 0 11
5806 5016 0 8
5807 5017 0 8
5808 990 0 20
5809 3378 0 66
5810 637 0 9
5811 1293 0 50
5812 5072 1 0
5813 1526 0 10
5814 1335 0 11
5815 12899 0 48
5816 775 0 15
5817 621 0 10
5818 5045 0 8
5819 2597 0 9
5820 657 0 19
5821 983 0 58
5822 1261 0 40
5823 383 0 109
5824 6450 0 48
5825 797 0 173
5826 2221 0 11
5827 347 0 7
5828 1318 0 159
5829 852 0 9
5830 1089 0 11
5831 1 0 28
5832 3097 0 11
5833 877 0 127
5834 2945 0 19
5835 581 0 15
5836 3358 0 23
5837 1040 0 12
5838 823 0 12
5839 810 0 27
5840 3118 0 15
5841 2794 0 11
5842 1611 0 11
5843 926 0 7
5844 1889 0 35
5845 5984 0 32
5846 1 0 7
5847 1140 0 147
5848 524 0 82
5849 610 0 16
5850 437 1 101
5851 628 0 11
5852 1518 0 72
5853 720 0 11
5854 16200 0 14
5855 989 0 182
5856 8209 0 429
5857 5837 0 22
5858 2312 0 19
5859 1557 0 12
5860 873 0 28
5861 520 0 13
5862 2783 0 9
5863 1583 0 8
5864 234 0 14
5865 1408 0 12
5866 678 0 128
5867 1899 0 10
5868 1566 0 12
5869 969 0 99
5870 1193 0 10
5871 2953 0 32
5872 1794 0 37
5873 1517 0 11
5874 14511 0 13
5875 537 0 59
5876 1905 0 9
5877 882 0 24
5878 1363 0 9
5879 1205 0 38
5880 773 0 11
5881 1861 0 26
5882 5038 0 39
5883 1145 0 13
5884 548 0 15
5885 747 0 15
5886 573 0 89
5887 166 0 38
5888 915 0 8
5889 2871 0 23
5890 463 0 79
5891 1429 0 20
5892 5125 0 11
5893 952 0 11
5894 3268 0 19
5895 853 0 9
5896 3375 0 18
5897 559 0 32
5898 440 0 70
5899 7660 0 133
5900 3050 0 8
5901 374 0 12
5902 663 0 161
5903 1135 0 9
5904 1419 0 10
5905 2823 0 29
5906 7948 0 11
5907 7583 0 39
5908 1508 0 8
5909 1952 0 65
5910 5019 0 266
5911 1621 0 74
5912 1018 0 9
5913 2381 0 11
5914 7050 0 17
5915 510 0 211
5916 1397 0 11
5917 1578 0 7
5918 5132 0 7
5919 805 0 6
5920 1966 0 10
5921 418 0 9
5922 968 0 12
5923 1976 0 13
5924 958 0 13
5925 260 0 7
5926 2997 0 8
5927 1852 0 12
5928 194 0 33
5929 423 0 9
5930 3001 0 10
5931 688 0 18
5932 627 0 8
5933 2491 1 168
5934 964 0 17
5935 1355 0 7
5936 11609 0 27
5937 780 0 8
5938 1513 0 11
5939 1876 0 26
5940 538 0 11
5941 6713 0 11
5942 1702 0 22
5943 351 0 80
5944 578 0 97
5945 1937 0 7
5946 2909 0 7
5947 1064 0 1
5948 3800 0 19
5949 3463 0 3
5950 6735 0 11
5951 970 0 70
5952 316 1 101
5953 1578 0 9
5954 3657 0 11
5955 1393 0 617
5956 603 0 7
5957 160 0 158
5958 812 1 0
5959 560 0 18
5960 802 0 166
5961 625 0 83
5962 1256 0 7
5963 2818 0 27
5964 251 0 11
5965 927 0 12
5966 1431 0 22
5967 609 0 70
5968 2317 0 67
5969 2596 0 48
5970 486 0 11
5971 7384 0 134
5972 1485 0 8
5973 1150 0 35
5974 1512 0 80
5975 1309 0 21
5976 1323 0 9
5977 1304 0 9
5978 5043 0 29
5979 1276 0 34
5980 2873 0 7
5981 398 0 8
5982 3257 0 79
5983 3348 0 0
5984 674 0 8
5985 967 0 89
5986 3255 0 72
5987 827 0 7
5988 771 0 70
5989 2266 0 162
5990 753 1 121
5991 3938 0 13
5992 1077 0 10
5993 3960 0 33
5994 640 0 18
5995 6748 0 7
5996 935 0 14
5997 168 0 52
5998 648 0 110
5999 1333 0 13
6000 1573 0 9
6001 747 0 12
6002 422 0 10
6003 606 0 45
6004 491 0 6
6005 1954 0 367
6006 3279 0 13
6007 274 0 56
6008 1273 0 13
6009 1268 0 24
6010 1427 0 11
6011 3522 0 271
6012 2759 0 7
6013 1154 0 11
6014 187 0 10
6015 5775 0 12
6016 1758 0 13
6017 1789 0 70
6018 989 0 10
6019 958 0 11
6020 860 0 10
6021 404 0 10
6022 1233 0 15
6023 316 0 67
6024 203 0 17
6025 1145 0 52
6026 773 0 14
6027 2572 0 10
6028 705 0 11
6029 3160 0 78
6030 1093 0 13
6031 644 0 70
6032 1111 0 41
6033 1393 0 13
6034 2763 0 119
6035 605 0 8
6036 2789 0 14
6037 11965 0 70
6038 974 0 8
6039 1849 0 103
6040 1236 0 11
6041 2785 0 13
6042 1026 0 8
6043 387 1 41
6044 6731 0 10
6045 2341 0 78
6046 1201 0 9
6047 3160 0 8
6048 1018 0 11
6049 1843 0 17
6050 1171 0 13
6051 5047 0 37
6052 722 0 54
6053 918 0 72
6054 1299 0 31
6055 3527 0 21
6056 3226 0 182
6057 994 0 289
6058 1410 0 33
6059 8191 0 10
6060 1426 0 8
6061 5001 0 18
6062 592 0 12
6063 442 0 9
6064 3152 0 30
6065 1423 0 10
6066 1669 0 71
6067 1252 0 102
6068 2257 0 10
6069 6208 0 15
6070 517 0 58
6071 2926 0 197
6072 1098 0 41
6073 699 0 8
6074 1548 1 0
6075 2938 0 42
6076 2940 0 10
6077 221 0 10
6078 410 0 18
6079 814 0 29
6080 7303 0 38
6081 8907 0 9
6082 2353 0 8
6083 469 0 13
6084 819 0 29
6085 1802 0 16
6086 2925 0 10
6087 547 0 71
6088 419 0 9
6089 2403 0 182
6090 5937 0 13
6091 1454 0 12
6092 10146 0 132
6093 1808 0 12
6094 370 0 45
6095 177 0 33
6096 885 0 47
6097 530 0 10
6098 1414 0 9
6099 1286 0 30
6100 7501 0 18
6101 3374 0 10
6102 655 0 12
6103 8647 0 50
6104 13924 0 14
6105 1950 0 16
6106 1511 0 9
6107 836 0 11
6108 1642 0 13
6109 1967 0 40
6110 488 0 8
6111 7565 0 13
6112 891 0 21
6113 484 0 103
6114 1077 0 11
6115 690 0 154
6116 3423 0 88
6117 293 0 23
6118 1972 0 227
6119 13593 0 11
6120 358 0 11
6121 6544 0 150
6122 733 0 7
6123 590 0 14
6124 8181 0 10
6125 6731 0 49
6126 1108 0 14
6127 703 0 11
6128 932 0 72
6129 1014 1 0
6130 1321 0 257
6131 864 0 8
6132 796 0 10
6133 3362 0 13
6134 888 0 68
6135 5109 1 516
6136 887 0 11
6137 1017 0 110
6138 1951 1 16
6139 2948 0 10
6140 1381 0 42
6141 877 0 6
6142 1223 0 10
6143 828 0 76
6144 667 0 12
6145 12632 1 0
6146 783 0 6
6147 6523 0 70
6148 891 0 9
6149 16584 0 11
6150 1414 0 20
6151 721 1 0
6152 751 0 7
6153 2972 0 9
6154 1770 0 27
6155 612 0 13
6156 7185 0 12
6157 1286 0 85
6158 442 0 6
6159 1827 0 7
6160 2209 0 18
6161 823 0 10
6162 3196 0 48
6163 551 0 111
6164 2579 0 8
6165 1522 0 24
6166 930 0 51
6167 1940 0 19
6168 1254 0 8
6169 3070 0 13
6170 1208 0 8
6171 3257 0 130
6172 2249 0 17
6173 3224 0 15
6174 1504 0 33
6175 166 0 9
6176 1123 0 10
6177 569 0 13
6178 2483 0 41
6179 2153 0 13
6180 1161 0 12
6181 687 0 9
6182 972 0 91
6183 2879 0 30
6184 3267 0 31
6185 1269 0 12
6186 8198 0 16
6187 1421 0 6
6188 7343 1 133
6189 2838 0 7
6190 849 0 28
6191 1112 0 0
6192 741 0 39
6193 5118 0 73
6194 1506 0 10
6195 2454 0 19
6196 8156 0 77
6197 6195 0 9
6198 1031 1 40
6199 673 0 10
6200 620 0 13
6201 1982 0 105
6202 1806 0 7
6203 934 0 20
6204 517 0 9
6205 181 0 11
6206 1076 0 9
6207 954 0 69
6208 960 0 12
6209 1943 0 13
6210 2094 0 76
6211 1352 0 13
6212 1493 0 37
6213 1396 0 103
6214 14923 0 13
6215 1969 0 11
6216 634 0 15
6217 793 1 16
6218 800 0 8
6219 1341 0 9
6220 1803 0 29
6221 5892 0 13
6222 2837 0 41
6223 1108 0 11
6224 3111 0 35
6225 3288 0 80
6226 1583 0 12
6227 1077 0 30
6228 1159 0 52
6229 185 0 58
6230 391 0 18
6231 667 0 23
6232 2157 0 16
6233 670 0 11
6234 1316 0 30
6235 1518 0 19
6236 1720 0 13
6237 989 0 19
6238 2210 0 53
6239 1964 0 12
6240 3282 1 0
6241 8290 0 47
6242 3620 0 11
6243 1004 0 96
6244 3332 0 8
6245 1581 0 17
6246 1425 0 58
6247 543 0 74
6248 1083 0 11
6249 537 0 150
6250 733 0 9
6251 5023 0 154
6252 5142 0 8
6253 1516 0 39
6254 3372 0 13
6255 1850 0 67
6256 2545 0 12
6257 15153 0 18
6258 1199 0 26
6259 1427 0 42
6260 1220 1 517
6261 1711 0 8
6262 1103 0 170
6263 861 0 73
6264 1691 0 148
6265 613 0 74
6266 928 0 48
6267 2305 0 9
6268 1760 1 31
6269 989 0 27
6270 3377 0 99
6271 1348 0 11
6272 3239 0 14
6273 1995 0 14
6274 1323 0 26
6275 969 0 16
6276 768 0 9
6277 6856 0 11
6278 1099 0 10
6279 1380 1 0
6280 1258 0 25
6281 205 0 11
6282 458 0 20
6283 415 0 10
6284 1038 0 40
6285 1383 0 31
6286 614 0 31
6287 1162 0 38
6288 1650 0 8
6289 1971 0 40
6290 1326 0 11
6291 6177 1 28
6292 2409 0 13
6293 508 0 7
6294 1298 0 122
6295 2031 0 18
6296 1423 0 8
6297 1104 1 41
6298 16593 0 10
6299 8888 0 312
6300 1537 0 7
6301 2541 0 79
6302 6362 0 8
6303 1296 0 10
6304 906 0 189
6305 7362 0 8
6306 1429 0 34
6307 714 0 52
6308 518 0 49
6309 183 0 9
6310 487 0 5
6311 1054 0 48
6312 1063 0 25
6313 9311 0 9
6314 1242 0 12
6315 1155 0 9
6316 526 0 73
6317 676 0 8
6318 319 0 15
6319 11 0 14
6320 2623 0 11
6321 1541 0 12
6322 1254 0 14
6323 3224 1 253
6324 2517 0 21
6325 940 0 40
6326 1296 0 5
6327 2430 0 26
6328 3284 0 10
6329 810 0 78
6330 296 0 49
6331 489 0 7
6332 1261 0 21
6333 5098 0 19
6334 331 0 13
6335 722 0 11
6336 1356 0 10
6337 3274 0 13
6338 1392 0 70
6339 1195 0 63
6340 1525 1 16
6341 1068 0 10
6342 1016 0 11
6343 1959 0 16
6344 5907 0 154
6345 1398 0 22
6346 1296 0 8
6347 1505 0 57
6348 2418 0 34
6349 7790 1 0
6350 1118 0 73
6351 1940 0 24
6352 5140 0 11
6353 550 0 13
6354 1357 0 8
6355 495 1 596
6356 7474 0 7
6357 1377 0 16
6358 608 0 78
6359 823 1 17
6360 1882 0 10
6361 1301 0 6
6362 173 0 10
6363 5026 0 8
6364 3171 0 8
6365 563 0 77
6366 462 0 36
6367 1125 0 10
6368 1980 0 82
6369 5094 0 8
6370 1980 1 18
6371 2927 0 17
6372 1409 0 45
6373 662 0 17
6374 1221 0 3
6375 3154 0 7
6376 2544 0 10
6377 747 0 10
6378 2303 0 11
6379 8195 0 26
6380 1328 0 26
6381 6171 0 7
6382 338 0 71
6383 1378 0 60
6384 1057 0 19
6385 5511 1 0
6386 1787 0 10
6387 2489 0 13
6388 1695 0 23
6389 2083 0 13
6390 402 0 16
6391 2920 0 12
6392 2966 0 8
6393 3086 0 13
6394 5126 0 10
6395 666 0 12
6396 1185 0 9
6397 1253 0 26
6398 1443 0 17
6399 6734 1 0
6400 8189 0 8
6401 787 0 16
6402 6581 0 15
6403 2709 0 11
6404 1846 0 21
6405 2595 0 10
6406 422 1 448
6407 957 0 10
6408 1394 0 19
6409 772 0 38
6410 752 0 27
6411 1237 0 11
6412 2231 0 37
6413 7879 0 16
6414 1423 0 28
6415 1375 0 67
6416 1150 0 12
6417 607 0 11
6418 1946 0 30
6419 5097 0 18
6420 355 0 153
6421 362 0 9
6422 938 0 71
6423 745 0 31
6424 5761 0 26
6425 1051 0 7
6426 1426 0 17
6427 719 0 108
6428 1983 0 147
6429 2306 0 70
6430 6534 1 0
6431 4693 0 19
6432 284 0 10
6433 1166 0 27
6434 572 0 152
6435 1223 0 146
6436 2702 0 23
6437 1965 0 17
6438 3284 0 10
6439 3365 0 13
6440 7665 0 72
6441 9488 0 10
6442 1981 0 11
6443 3780 0 10
6444 3324 0 10
6445 1177 0 16
6446 2535 0 14
6447 8907 0 11
6448 2373 0 7
6449 1544 0 10
6450 1667 0 13
6451 3647 0 9
6452 1944 0 133
6453 403 0 15
6454 536 0 34
6455 2831 1 0
6456 12382 0 13
6457 203 0 9
6458 1312 0 44
6459 542 0 77
6460 332 0 8
6461 542 0 11
6462 2193 0 128
6463 1310 0 12
6464 16708 0 10
6465 644 0 12
6466 567 0 11
6467 8204 0 10
6468 190 0 49
6469 1828 0 11
6470 16973 0 14
6471 1060 0 8
6472 1513 0 77
6473 2915 0 13
6474 1633 0 67
6475 2166 0 9
6476 1502 0 61
6477 970 0 104
6478 1607 0 17
6479 1850 0 12
6480 1828 0 10
6481 2069 0 9
6482 334 0 0
6483 525 0 56
6484 2499 0 8
6485 1962 0 14
6486 1572 0 11
6487 3373 0 148
6488 1756 0 69
6489 1513 0 12
6490 1288 0 38
6491 707 0 11
6492 2675 0 13
6493 3282 0 23
6494 490 0 18
6495 1371 0 7
6496 2055 0 11
6497 721 0 18
6498 495 0 65
6499 596 0 45
6500 3027 0 16
6501 1839 0 31
6502 1906 0 261
6503 528 0 11
6504 2940 0 9
6505 1145 0 24
6506 1157 0 10
6507 2125 0 10
6508 566 0 10
6509 1412 0 7
6510 1418 0 72
6511 458 0 10
6512 1297 0 122
6513 633 0 236
6514 5114 0 6
6515 380 0 10
6516 3005 0 222
6517 1139 0 12
6518 2605 0 129
6519 3591 0 228
6520 3292 0 31
6521 552 0 9
6522 1423 0 47
6523 494 0 11
6524 1863 0 9
6525 1532 0 13
6526 674 0 9
6527 3233 0 13
6528 610 0 31
6529 980 0 13
6530 3189 0 8
6531 374 1 16
6532 1510 0 13
6533 11951 0 24
6534 989 0 29
6535 3486 0 15
6536 3134 0 8
6537 3431 0 11
6538 1536 0 17
6539 3376 0 12
6540 12860 0 12

36 1 2792
6
6541 1089 0 128
6542 12778 0 114
6543 3986 0 138
6544 3379 0 165
6545 2909 0 8
6546 3150 0 8

37 1 2806
117
6547 988 0 10
6548 1146 0 17
6549 2149 0 16
6550 268 0 8
6551 5774 0 11
6552 755 1 21
6553 2574 0 13
6554 484 0 27
6555 5007 0 133
6556 3374 0 7
6557 1891 0 31
6558 589 0 139
6559 869 0 14
6560 165 0 12
6561 632 0 108
6562 940 1 598
6563 747 0 13
6564 601 0 18
6565 1425 0 11
6566 5151 0 12
6567 996 0 15
6568 1537 0 8
6569 861 0 8
6570 2891 0 11
6571 993 0 9
6572 405 0 8
6573 1954 0 138
6574 2566 0 11
6575 1260 1 27
6576 3574 0 24
6577 1509 0 15
6578 1425 0 48
6579 722 0 2
6580 1914 0 22
6581 895 0 13
6582 7495 0 17
6583 3167 0 29
6584 1628 0 221
6585 2168 0 8
6586 89 0 18
6587 2898 0 8
6588 1419 0 11
6589 647 0 18
6590 1799 0 35
6591 3405 0 15
6592 1143 0 12
6593 3242 0 18
6594 7475 0 58
6595 3376 0 16
6596 1954 0 13
6597 2788 0 59
6598 1933 0 9
6599 2173 0 17
6600 1617 0 7
6601 1656 0 60
6602 987 0 148
6603 1021 0 9
6604 115 0 46
6605 1240 0 22
6606 2086 0 63
6607 3150 0 7
6608 882 0 0
6609 1407 0 55
6610 868 0 10
6611 773 0 9
6612 3603 0 11
6613 1073 0 10
6614 609 1 0
6615 1183 0 13
6616 1427 1 22
6617 989 0 9
6618 1600 0 13
6619 7502 0 9
6620 1513 0 252
6621 3484 0 13
6622 1865 0 10
6623 3209 0 37
6624 571 0 151
6625 2322 0 10
6626 12612 0 10
6627 1933 0 25
6628 1237 0 11
6629 1223 0 11
6630 1536 0 9
6631 3665 0 7
6632 7036 0 37
6633 2948 0 44
6634 2897 0 32
6635 177 0 26
6636 1324 0 17
6637 1349 0 10
6638 310 0 8
6639 414 0 72
6640 1471 0 59
6641 597 0 8
6642 1976 0 27
6643 1079 0 4
6644 12610 0 27
6645 9316 0 11
6646 937 0 12
6647 510 0 19
6648 1966 1 80
6649 760 1 0
6650 1091 0 6
6651 1964 0 23
6652 1505 0 51
6653 14689 0 12
6654 2612 0 12
6655 497 0 11
6656 665 0 9
6657 2583 0 22
6658 3144 0 8
6659 1190 0 33
6660 1372 0 68
6661 2889 0 20
6662 2139 0 12
6663 2848 0 77

38 1 2812
7
6664 313 0 11
6665 1954 0 71
6666 1163 0 74
6667 7500 0 10
6668 2232 0 44
6669 3144 0 6
6670 1090 0 373

39 1 44178
190
6671 830 0 119
6672 2406 0 10
6673 509 0 36
6674 7402 0 8
6675 1943 0 9
6676 284 0 13
6677 252 0 34
6678 1808 0 27
6679 2800 0 73
6680 1516 0 28
6681 692 0 17
6682 1957 0 9
6683 1984 0 41
6684 5140 0 8
6685 2437 0 9
6686 1175 0 152
6687 1944 0 13
6688 3227 0 36
6689 632 0 7
6690 1852 0 70
6691 971 0 10
6692 1234 0 19
6693 820 0 181
6694 2038 0 8
6695 11019 0 10
6696 3275 0 20
6697 578 0 14
6698 1529 0 9
6699 1127 0 11
6700 701 0 29
6701 194 0 308
6702 2929 0 16
6703 1470 0 8
6704 1833 0 12
6705 1407 0 9
6706 928 0 58
6707 236 0 74
6708 5382 0 45
6709 1012 0 8
6710 1240 0 19
6711 1221 0 10
6712 4999 0 73
6713 12394 0 10
6714 1525 0 67
6715 1143 0 11
6716 7704 0 10
6717 1166 0 617
6718 727 0 23
6719 3248 0 16
6720 2052 0 10
6721 1012 0 24
6722 650 0 27
6723 602 0 9
6724 1244 0 13
6725 1297 0 68
6726 1968 0 12
6727 1738 0 30
6728 3148 0 11
6729 3186 0 13
6730 422 0 11
6731 7549 0 13
6732 1513 0 25
6733 1403 0 12
6734 165 0 151
6735 1309 0 13
6736 2938 0 11
6737 2279 0 18
6738 1957 0 35
6739 2563 0 12
6740 1807 0 20
6741 844 0 7
6742 3143 0 10
6743 923 0 13
6744 352 0 11
6745 1590 0 9
6746 3339 0 11
6747 1537 0 12
6748 2482 0 383
6749 1365 0 23
6750 1762 0 7
6751 605 0 11
6752 977 0 15
6753 16583 0 6
6754 2303 1 3
6755 9254 0 14
6756 1719 0 101
6757 3720 0 12
6758 1513 0 152
6759 482 0 8
6760 613 0 89
6761 1225 0 11
6762 2317 0 27
6763 3237 0 10
6764 292 0 14
6765 1380 0 33
6766 1529 0 10
6767 806 0 20
6768 1721 0 16
6769 334 0 8
6770 3197 0 11
6771 169 0 37
6772 391 0 9
6773 581 0 7
6774 1064 0 12
6775 295 0 10
6776 1195 0 70
6777 1201 0 8
6778 8188 0 9
6779 1057 0 106
6780 3458 0 8
6781 17470 0 7
6782 842 0 72
6783 630 0 15
6784 5047 0 8
6785 1712 0 72
6786 1277 0 19
6787 2446 0 129
6788 2515 0 11
6789 654 0 28
6790 3247 0 10
6791 482 0 37
6792 1971 0 78
6793 5110 0 9
6794 274 0 15
6795 7290 1 0
6796 2225 0 14
6797 1112 0 18
6798 1038 0 17
6799 1983 0 12
6800 962 0 11
6801 7381 0 13
6802 334 0 205
6803 1223 1 596
6804 1320 1 0
6805 2198 0 13
6806 1256 0 24
6807 841 0 9
6808 1077 0 229
6809 2447 0 13
6810 911 0 66
6811 1881 0 78
6812 1397 0 55
6813 7319 0 16
6814 702 0 49
6815 3132 0 7
6816 289 0 12
6817 1334 0 146
6818 12094 1 276
6819 2251 0 33
6820 997 0 10
6821 12576 0 7
6822 3223 0 7
6823 507 0 13
6824 1978 0 138
6825 1414 0 17
6826 1421 1 14
6827 1521 0 55
6828 11875 0 13
6829 1170 1 16
6830 553 0 19
6831 1788 0 13
6832 1801 0 282
6833 952 0 95
6834 2833 0 96
6835 997 0 8
6836 1275 0 858
6837 520 0 12
6838 968 0 38
6839 517 0 43
6840 454 0 19
6841 2050 0 12
6842 9311 0 12
6843 3378 0 60
6844 989 0 54
6845 871 0 17
6846 302 0 39
6847 1751 0 8
6848 1214 0 10
6849 3666 0 12
6850 3682 0 34
6851 3272 0 95
6852 1041 0 8
6853 2209 0 67
6854 1521 0 33
6855 969 0 37
6856 7283 0 68
6857 1279 0 17
6858 3412 0 10
6859 1264 0 76
6860 1153 0 10

