10

0 1 252
53
0 2546 0 50
1 9979 0 13
2 587 0 11
3 358 0 8
4 5083 0 13
5 1074 0 8
6 1102 1 17
7 3347 0 36
8 695 0 131
9 685 0 15
10 605 0 31
11 1424 0 12
12 3649 1 515
13 753 0 12
14 971 0 330
15 13918 0 58
16 2282 0 6
17 1113 0 11
18 1648 0 36
19 6093 0 12
20 11863 0 82
21 913 0 126
22 435 0 67
23 2826 0 9
24 3331 0 12
25 1513 0 7
26 170 0 37
27 6728 0 12
28 2574 0 7
29 920 0 7
30 3200 0 17
31 12537 0 18
32 7731 0 17
33 7367 0 7
34 1183 0 11
35 3379 0 35
36 1526 0 179
37 665 0 46
38 775 0 93
39 866 0 7
40 276 0 9
41 7048 0 27
42 951 0 42
43 1736 0 12
44 1710 0 17
45 464 0 68
46 984 0 13
47 1307 0 54
48 3305 0 11
49 1959 0 12
50 3211 0 9
51 6530 0 19
52 409 0 38

1 0 264
5
53 9980 0 9
54 512 0 67
55 449 0 8
56 1050 0 10
57 440 0 9

2 1 265
24
58 803 0 68
59 2451 0 235
60 1083 0 11
61 1017 0 39
62 2381 0 105
63 2784 0 11
64 394 0 8
65 989 0 247
66 121 0 14
67 1427 0 30
68 1982 1 27
69 946 0 11
70 1439 0 81
71 393 0 19
72 1431 0 7
73 533 0 125
74 1142 0 36
75 771 0 8
76 2012 0 34
77 852 0 14
78 1223 0 6
79 5823 0 11
80 7818 0 11
81 2583 0 167

3 1 274
52
82 1828 0 76
83 756 0 140
84 3918 0 8
85 1378 0 28
86 2082 0 45
87 338 0 204
88 3600 0 11
89 973 0 14
90 3917 0 8
91 3289 0 6
92 6256 0 13
93 877 0 17
94 419 0 65
95 648 0 7
96 1133 0 6
97 533 0 55
98 1516 1 0
99 676 0 35
100 617 0 8
101 684 0 27
102 13249 0 8
103 2052 0 39
104 1187 0 110
105 3199 0 20
106 275 0 13
107 7406 0 37
108 865 0 26
109 3377 0 10
110 3255 0 11
111 1434 0 12
112 1127 1 377
113 2800 0 5
114 607 0 28
115 3307 0 13
116 798 0 98
117 2516 0 72
118 1538 0 21
119 274 0 37
120 1530 0 24
121 6952 0 12
122 2038 0 22
123 1067 0 8
124 975 0 36
125 1426 0 8
126 2870 0 8
127 3716 0 165
128 1784 0 28
129 503 0 144
130 2605 1 28
131 324 0 40
132 1094 0 10
133 1191 0 13

4 1 283
6
134 779 0 149
135 695 0 8
136 200 0 38
137 1720 0 134
138 13014 0 47
139 6584 0 67

5 0 489
22
140 324 0 36
141 989 0 63
142 735 0 17
143 529 0 11
144 570 0 24
145 1113 0 8
146 2411 0 14
147 1109 0 10
148 1096 0 11
149 1513 0 54
150 2184 0 23
151 1063 0 69
152 1532 0 146
153 5141 0 9
154 1120 0 98
155 1419 0 7
156 768 0 66
157 491 0 10
158 705 0 38
159 2493 0 35
160 3241 0 12
161 1503 0 13

6 1 525
134
162 875 0 10
163 736 0 11
164 1522 0 8
165 1431 0 20
166 3225 0 11
167 1636 0 92
168 1948 0 46
169 1086 1 47
170 300 0 21
171 565 0 42
172 1975 0 23
173 4993 0 5
174 2432 0 11
175 644 0 17
176 9315 0 17
177 1016 0 10
178 961 0 12
179 783 0 134
180 1089 0 143
181 1699 0 32
182 1363 0 23
183 651 0 110
184 8950 0 55
185 1278 0 8
186 1235 0 66
187 2007 0 26
188 595 0 34
189 1264 0 24
190 650 0 11
191 2409 0 14
192 2014 0 8
193 2945 0 37
194 403 0 40
195 2432 0 9
196 666 0 134
197 2866 0 11
198 2369 0 11
199 618 0 37
200 787 0 174
201 1720 0 63
202 623 0 67
203 2692 0 19
204 536 0 11
205 1137 0 15
206 3216 0 11
207 581 0 36
208 7473 0 44
209 1417 0 67
210 290 0 21
211 2244 0 29
212 594 0 18
213 605 0 132
214 701 0 17
215 1143 0 10
216 4106 0 36
217 745 0 7
218 3310 0 9
219 6520 0 14
220 2508 0 34
221 3786 0 15
222 3789 0 33
223 242 1 0
224 931 0 22
225 759 0 41
226 2442 0 12
227 3141 1 16
228 169 0 10
229 1978 0 9
230 11 0 7
231 959 0 10
232 1945 0 18
233 861 0 12
234 1090 0 107
235 1924 0 19
236 3123 0 8
237 941 0 22
238 1510 0 36
239 1369 0 12
240 1522 0 13
241 652 0 13
242 1677 1 0
243 702 0 23
244 9991 0 8
245 1537 0 15
246 468 0 20
247 5077 0 8
248 989 0 81
249 1412 0 98
250 2737 0 142
251 1038 0 40
252 11796 0 8
253 233 0 10
254 1293 0 12
255 1641 0 18
256 7889 0 11
257 1092 0 5
258 608 0 6
259 1518 1 400
260 12821 0 131
261 648 0 19
262 829 0 17
263 2582 0 40
264 2845 0 8
265 3335 0 132
266 648 0 12
267 1143 0 9
268 7048 0 7
269 514 0 12
270 1537 0 11
271 989 0 51
272 1788 0 18
273 193 0 42
274 416 0 11
275 1275 0 41
276 5004 0 11
277 3688 0 38
278 1420 0 14
279 2853 0 81
280 6951 0 34
281 1359 0 16
282 3350 0 14
283 1504 0 61
284 2829 0 53
285 855 0 7
286 995 0 11
287 882 0 9
288 974 0 33
289 3455 0 11
290 3244 0 28
291 881 0 11
292 2015 0 80
293 600 0 9
294 200 0 30
295 618 0 13

7 0 668
25
296 1751 0 12
297 5059 0 150
298 2016 0 394
299 4089 0 31
300 395 0 67
301 6952 0 11
302 2604 0 14
303 892 0 69
304 440 0 29
305 6453 0 11
306 455 0 56
307 648 0 16
308 3267 0 73
309 841 0 111
310 232 1 20
311 1423 0 71
312 535 0 10
313 2458 0 37
314 17403 0 24
315 1822 0 10
316 7882 0 55
317 732 0 67
318 1965 0 21
319 1234 0 73
320 647 0 10

8 1 677
183
321 1421 0 39
322 1961 1 127
323 591 0 23
324 989 0 13
325 1339 0 193
326 5048 0 93
327 531 0 69
328 13921 0 13
329 1314 1 376
330 24 0 128
331 3177 0 41
332 6892 0 68
333 2990 0 54
334 12409 0 79
335 3319 0 9
336 830 0 12
337 3154 0 39
338 966 0 17
339 2990 0 12
340 4562 0 14
341 5943 0 47
342 5773 0 8
343 744 0 10
344 6094 0 9
345 1363 0 10
346 6366 0 13
347 1869 0 12
348 3271 0 30
349 2233 0 93
350 279 0 71
351 3268 0 7
352 934 0 10
353 12213 1 81
354 1235 0 26
355 1258 0 13
356 2297 0 146
357 1945 1 18
358 2996 0 0
359 2232 0 9
360 2022 0 8
361 551 0 53
362 2459 0 37
363 8829 0 189
364 1981 0 43
365 3245 0 34
366 3350 0 9
367 603 0 32
368 8209 0 12
369 12526 0 7
370 190 0 11
371 1063 0 47
372 707 0 11
373 1632 0 7
374 884 0 26
375 1143 0 38
376 1586 0 10
377 4303 0 54
378 2454 0 13
379 935 0 104
380 533 0 40
381 12200 0 17
382 5131 0 10
383 16354 0 12
384 1086 0 18
385 1067 0 20
386 1283 0 10
387 1029 0 20
388 484 0 11
389 1684 0 9
390 750 0 17
391 1401 0 137
392 5957 0 11
393 2187 0 12
394 1085 0 12
395 1576 0 15
396 1043 0 11
397 3145 0 66
398 2365 0 7
399 738 0 13
400 846 0 14
401 101 0 12
402 590 0 20
403 799 0 37
404 526 0 235
405 348 0 11
406 1114 0 8
407 950 0 25
408 1570 0 8
409 1003 0 18
410 533 0 7
411 1865 0 14
412 1417 0 7
413 1078 0 50
414 496 0 54
415 897 0 7
416 12244 0 13
417 2060 0 24
418 10349 0 11
419 689 0 13
420 1427 0 27
421 7947 0 8
422 188 0 12
423 573 0 105
424 1256 0 15
425 221 0 8
426 445 0 10
427 2132 0 10
428 1497 0 12
429 3257 0 76
430 1173 0 47
431 1967 0 20
432 7383 0 31
433 1076 1 0
434 5409 0 17
435 6734 0 16
436 989 0 12
437 3918 0 7
438 919 0 11
439 1043 0 13
440 2572 0 110
441 746 0 17
442 2907 0 12
443 2589 0 51
444 1988 0 12
445 1941 0 7
446 6732 0 13
447 413 0 13
448 1424 1 16
449 247 0 18
450 2094 0 9
451 1253 0 8
452 840 0 12
453 853 0 29
454 1253 0 14
455 2682 0 8
456 1534 0 11
457 1048 0 11
458 2944 0 13
459 849 0 10
460 313 0 52
461 955 0 169
462 698 0 71
463 1423 0 10
464 1888 0 9
465 1032 0 37
466 500 0 10
467 541 0 15
468 1153 0 13
469 1134 0 22
470 840 0 93
471 740 0 29
472 438 0 12
473 474 0 10
474 2963 0 8
475 2190 0 39
476 1043 0 12
477 12939 0 9
478 11795 0 7
479 6641 0 7
480 1121 0 13
481 1711 0 9
482 2565 0 7
483 1066 0 42
484 282 0 55
485 1154 0 132
486 716 0 11
487 734 0 134
488 932 0 10
489 1255 0 42
490 795 0 17
491 1504 0 11
492 1965 0 8
493 6543 0 18
494 8907 0 13
495 1185 0 19
496 8191 0 11
497 831 0 33
498 1495 0 11
499 3165 0 45
500 2906 0 39
501 3206 0 263
502 1028 0 9
503 7655 0 27

9 1 698
189
504 186 0 11
505 1280 0 14
506 1638 0 12
507 1286 0 7
508 908 0 9
509 602 0 57
510 2901 0 11
511 2417 0 13
512 927 0 194
513 3005 0 12
514 2537 0 8
515 1173 0 19
516 690 0 16
517 505 0 96
518 5104 0 11
519 1709 0 23
520 3309 0 270
521 1807 0 10
522 1317 0 32
523 511 0 7
524 364 0 41
525 1685 0 67
526 2282 0 10
527 1530 0 39
528 696 0 12
529 2624 0 10
530 424 0 12
531 1060 0 9
532 497 0 10
533 1507 0 146
534 989 0 74
535 2530 0 70
536 3222 0 7
537 3764 0 15
538 4411 0 7
539 2762 0 9
540 1153 0 13
541 1770 0 7
542 572 0 31
543 930 0 13
544 5987 0 19
545 1518 0 10
546 5067 0 11
547 3142 0 32
548 1177 0 24
549 185 0 29
550 1710 0 204
551 7403 0 227
552 3521 0 78
553 891 0 7
554 478 0 9
555 2473 0 41
556 2301 0 13
557 318 0 23
558 3228 0 25
559 7050 0 10
560 1082 0 14
561 435 0 173
562 876 0 69
563 2684 0 13
564 1205 0 25
565 3311 0 15
566 532 0 11
567 769 0 106
568 7374 0 8
569 793 0 2
570 3274 0 136
571 1770 0 43
572 755 0 11
573 7864 0 7
574 1258 0 10
575 1087 0 16
576 1279 0 12
577 2467 0 10
578 1838 0 39
579 465 0 10
580 1530 0 9
581 1529 0 13
582 361 0 8
583 204 0 12
584 1709 0 13
585 1146 0 9
586 4998 0 135
587 1882 0 144
588 1218 1 46
589 1799 0 11
590 2941 0 148
591 992 0 39
592 1073 0 9
593 618 0 70
594 5098 0 53
595 9315 0 34
596 3486 0 13
597 171 0 12
598 6889 0 97
599 855 0 367
600 265 0 53
601 544 0 12
602 1937 0 8
603 639 0 10
604 1240 0 12
605 963 0 137
606 1203 0 14
607 1320 0 11
608 1301 0 13
609 1617 0 62
610 12199 0 12
611 1340 0 29
612 2585 0 14
613 1080 0 52
614 3002 0 134
615 1060 0 9
616 3323 0 10
617 177 0 8
618 2528 0 63
619 1392 0 163
620 1956 0 128
621 560 0 11
622 2944 0 9
623 1286 0 18
624 380 0 17
625 959 0 10
626 1526 0 27
627 1934 1 0
628 901 0 156
629 1328 0 21
630 1807 0 40
631 1970 0 19
632 1977 0 129
633 297 0 15
634 1358 0 8
635 1247 0 136
636 2787 0 106
637 882 0 17
638 2562 0 72
639 2245 0 35
640 1343 0 44
641 13922 0 32
642 1504 0 11
643 1530 0 7
644 3284 0 86
645 173 0 63
646 1057 0 12
647 514 0 7
648 365 0 8
649 6480 0 16
650 1123 0 19
651 12679 0 20
652 2859 0 14
653 3343 0 95
654 5014 0 31
655 1109 0 172
656 983 0 10
657 804 0 617
658 1939 0 208
659 2347 0 7
660 1429 0 106
661 509 0 13
662 659 0 39
663 558 0 26
664 5001 0 93
665 1933 0 9
666 2938 0 19
667 275 0 11
668 1982 0 118
669 813 0 15
670 6188 0 28
671 5100 0 10
672 561 0 13
673 274 1 0
674 575 0 13
675 3164 0 22
676 394 0 146
677 1198 0 150
678 1735 0 16
679 2199 0 46
680 3307 0 48
681 1980 0 234
682 2338 0 7
683 6144 0 16
684 3506 0 9
685 5028 0 6
686 5854 0 166
687 163 0 9
688 1047 0 12
689 204 0 51
690 6019 0 9
691 2338 0 8
692 921 0 13

