10

0 1 262
175
0 2732 0 7
1 890 0 9
2 426 1 24
3 1528 0 12
4 7879 1 12
5 777 0 23
6 1896 0 13
7 1394 0 22
8 1041 0 20
9 1798 0 13
10 502 0 33
11 1971 0 31
12 5774 0 10
13 2412 0 196
14 966 0 67
15 1032 0 80
16 1405 0 8
17 1207 0 15
18 3324 0 21
19 385 0 71
20 586 0 22
21 1286 0 173
22 2561 0 9
23 1884 0 21
24 3413 0 13
25 702 0 10
26 7104 0 15
27 6552 0 8
28 542 0 143
29 451 0 131
30 1074 0 22
31 497 0 41
32 3316 0 14
33 948 0 41
34 621 0 8
35 728 0 140
36 5761 0 16
37 1225 0 149
38 1271 0 11
39 452 0 24
40 976 0 10
41 426 0 8
42 5078 0 24
43 1413 0 8
44 592 0 51
45 1259 0 10
46 3356 0 10
47 948 0 10
48 540 0 77
49 745 0 80
50 1171 0 10
51 14 0 11
52 1757 0 50
53 1381 0 9
54 2198 0 12
55 2590 0 72
56 2737 0 23
57 2773 0 10
58 1522 0 12
59 1411 0 20
60 515 0 106
61 939 0 34
62 845 1 30
63 537 0 8
64 463 0 95
65 1339 0 46
66 1529 0 8
67 250 0 9
68 707 0 7
69 655 0 11
70 5119 1 0
71 1822 0 17
72 1621 0 18
73 8059 0 61
74 14921 0 20
75 1512 0 46
76 17027 0 13
77 1817 0 80
78 2858 0 70
79 2484 0 28
80 3293 0 11
81 2262 0 49
82 1254 0 94
83 3351 0 104
84 2885 0 118
85 1354 0 10
86 1490 1 102
87 681 0 27
88 995 1 0
89 835 0 43
90 1036 0 129
91 1948 0 40
92 389 0 9
93 1254 0 11
94 276 1 21
95 3244 0 9
96 1250 0 209
97 3358 0 118
98 3303 0 20
99 1146 0 12
100 1513 0 38
101 2340 0 616
102 1212 0 53
103 1185 0 9
104 1513 0 8
105 982 0 8
106 8191 0 11
107 4281 0 26
108 6525 0 8
109 1533 0 40
110 652 0 433
111 371 0 30
112 1946 0 9
113 291 0 11
114 1507 0 10
115 3346 0 10
116 580 0 11
117 21 0 13
118 1708 0 16
119 2919 0 12
120 2930 0 23
121 2867 0 13
122 254 0 41
123 2932 0 42
124 1141 0 92
125 2100 0 9
126 6959 0 12
127 1398 0 9
128 2786 0 44
129 2861 0 8
130 989 0 10
131 2115 0 8
132 3150 0 14
133 5010 0 11
134 1551 0 8
135 423 0 63
136 2473 0 14
137 794 0 31
138 1962 0 13
139 2617 0 27
140 1965 0 113
141 1198 0 160
142 483 0 11
143 1796 0 10
144 1207 0 11
145 5007 0 13
146 3375 0 35
147 7535 0 9
148 763 0 29
149 2949 0 70
150 1951 0 26
151 1340 0 23
152 2577 0 8
153 1421 0 32
154 828 0 11
155 547 0 11
156 1829 0 9
157 982 0 27
158 13569 0 79
159 1240 0 14
160 984 0 11
161 174 0 74
162 1050 0 178
163 3330 0 196
164 286 0 10
165 446 0 40
166 1408 0 11
167 1144 0 30
168 2730 0 14
169 12395 0 10
170 653 0 140
171 2217 0 84
172 2873 1 596
173 1511 0 8
174 1429 0 134

1 1 282
195
175 2384 0 38
176 2214 0 25
177 1373 0 64
178 880 0 9
179 693 0 2
180 626 0 10
181 3102 0 8
182 7753 0 30
183 933 0 375
184 555 0 16
185 696 0 11
186 1385 0 17
187 763 0 13
188 1551 0 11
189 1968 0 67
190 772 0 13
191 3399 0 11
192 3182 0 11
193 2441 0 9
194 1561 0 11
195 1289 0 20
196 1513 0 16
197 305 0 419
198 873 0 184
199 989 0 39
200 434 0 63
201 3040 0 20
202 7330 0 13
203 3318 0 34
204 1109 0 148
205 1230 0 8
206 5048 0 28
207 2713 0 7
208 3162 0 222
209 1133 0 13
210 1135 1 15
211 1264 0 8
212 3193 0 11
213 778 0 7
214 2335 0 11
215 2018 0 32
216 1057 0 10
217 1023 0 142
218 2466 0 7
219 7662 0 41
220 3298 0 11
221 652 0 9
222 2445 0 39
223 1430 0 42
224 3300 0 9
225 1282 0 27
226 5147 0 42
227 238 0 93
228 5086 0 53
229 1235 0 27
230 1007 0 17
231 2996 0 79
232 1085 0 107
233 556 0 67
234 14389 0 55
235 831 0 7
236 2536 0 8
237 1022 0 8
238 596 0 10
239 2100 0 40
240 7407 0 10
241 1101 0 290
242 1429 0 9
243 6454 0 112
244 1516 0 10
245 2950 0 48
246 1056 0 13
247 2505 0 12
248 582 0 39
249 1021 0 171
250 1244 0 17
251 450 0 11
252 743 0 10
253 6951 0 10
254 1338 0 243
255 412 1 0
256 1933 1 0
257 5060 0 7
258 1483 0 47
259 255 0 9
260 627 0 17
261 1172 0 112
262 1161 0 18
263 866 0 12
264 4083 0 10
265 6086 0 11
266 3947 0 9
267 5093 0 14
268 8170 0 27
269 195 0 34
270 800 0 22
271 257 0 21
272 6102 0 39
273 2892 0 35
274 16887 0 9
275 1328 0 13
276 7048 0 10
277 3405 0 8
278 6735 0 137
279 1152 0 71
280 289 0 9
281 916 0 11
282 472 0 11
283 490 0 13
284 712 0 45
285 989 0 9
286 906 0 16
287 1214 0 224
288 3519 0 36
289 1282 0 13
290 649 0 65
291 500 0 30
292 3737 0 12
293 378 0 170
294 180 0 8
295 805 0 14
296 1957 0 11
297 475 0 13
298 3349 0 29
299 437 0 68
300 1205 0 19
301 1952 0 29
302 2433 0 77
303 1138 0 9
304 1446 0 45
305 1987 0 45
306 1770 0 11
307 2461 0 79
308 170 0 24
309 1529 0 7
310 12095 0 11
311 616 0 6
312 5774 0 132
313 2818 0 12
314 1422 0 10
315 1217 0 40
316 794 0 44
317 2678 0 13
318 946 0 36
319 972 0 63
320 2873 0 161
321 7048 0 15
322 1526 0 59
323 506 0 12
324 3260 0 10
325 2470 1 16
326 1516 0 7
327 1226 0 8
328 1779 0 116
329 7847 0 433
330 1808 0 10
331 1145 0 19
332 3645 0 13
333 12512 0 45
334 1080 0 134
335 1602 0 12
336 2109 0 11
337 1924 0 9
338 1959 0 32
339 1240 0 11
340 1244 0 10
341 4341 1 0
342 1320 0 6
343 318 0 18
344 832 1 0
345 1287 0 59
346 5109 0 70
347 683 1 0
348 1517 0 282
349 992 0 11
350 1248 0 55
351 634 0 77
352 1353 0 29
353 1343 0 21
354 2893 0 9
355 1357 0 15
356 584 0 56
357 1388 0 216
358 506 0 13
359 769 0 14
360 905 0 12
361 1303 1 47
362 898 0 11
363 1725 0 13
364 1956 0 16
365 989 0 107
366 8608 0 14
367 1569 0 49
368 1242 0 10
369 13123 0 12

2 1 290
53
370 7327 0 19
371 1272 0 72
372 1134 0 10
373 1170 0 17
374 2979 0 83
375 1854 0 21
376 1138 0 24
377 648 0 17
378 866 0 2
379 2881 0 29
380 701 0 11
381 2377 0 40
382 1363 0 48
383 2643 0 3
384 664 0 9
385 205 0 43
386 2363 0 54
387 3253 0 14
388 1247 0 18
389 768 0 9
390 1027 1 378
391 1297 0 8
392 535 0 41
393 1140 0 46
394 818 0 8
395 1327 0 8
396 1777 0 13
397 927 0 7
398 598 0 15
399 1537 0 22
400 1511 0 162
401 1045 0 12
402 762 0 12
403 6206 0 53
404 989 0 153
405 6171 0 7
406 1387 0 36
407 3356 0 8
408 1960 0 34
409 2340 1 41
410 2907 0 8
411 730 0 6
412 1240 0 7
413 7050 0 16
414 792 0 17
415 1029 1 0
416 6850 0 8
417 2602 0 11
418 3241 0 19
419 171 0 106
420 1066 0 8
421 15023 0 22
422 766 1 17

3 1 496
59
423 349 0 22
424 1282 0 16
425 266 0 100
426 2849 0 8
427 1172 0 72
428 7493 0 26
429 543 0 161
430 880 0 13
431 993 0 11
432 1875 0 22
433 1134 0 13
434 608 0 75
435 734 0 97
436 941 0 102
437 1271 0 10
438 1122 0 119
439 876 0 15
440 959 0 15
441 210 0 16
442 1006 0 11
443 504 0 280
444 1624 0 7
445 2223 0 13
446 1430 0 63
447 2382 0 8
448 1985 0 9
449 6192 0 33
450 555 0 12
451 2148 0 11
452 833 0 11
453 1978 0 10
454 1637 0 29
455 3368 0 47
456 1410 0 15
457 261 0 6
458 1976 0 11
459 595 0 11
460 606 0 8
461 1872 0 12
462 2274 0 9
463 1053 1 266
464 3313 0 13
465 6473 0 24
466 471 0 16
467 574 0 12
468 1567 0 11
469 1197 0 51
470 1427 0 42
471 1423 0 11
472 1394 0 37
473 547 0 200
474 1795 0 6
475 590 0 50
476 7177 0 23
477 5014 0 0
478 1031 0 35
479 1320 0 10
480 962 0 7
481 2363 0 34

4 1 502
33
482 1957 1 361
483 2862 0 51
484 2342 0 11
485 694 0 13
486 2340 0 9
487 1425 0 22
488 6741 0 53
489 2925 0 70
490 1067 0 152
491 335 0 10
492 210 0 14
493 556 0 12
494 1560 0 9
495 1268 0 11
496 1163 0 181
497 1525 0 12
498 1269 1 26
499 1780 0 8
500 496 0 11
501 677 0 9
502 734 0 9
503 1141 0 9
504 181 0 86
505 796 0 80
506 3240 0 7
507 1952 0 13
508 3286 0 7
509 2521 0 126
510 1174 0 12
511 1727 0 8
512 5098 0 11
513 1144 0 21
514 706 0 12

5 1 504
27
515 832 0 9
516 1746 0 11
517 1599 0 11
518 619 0 28
519 2931 0 14
520 2746 0 10
521 1576 0 11
522 2784 0 74
523 989 0 10
524 821 0 13
525 1115 0 13
526 395 0 10
527 3181 0 13
528 1215 0 8
529 613 0 335
530 844 0 50
531 3356 0 53
532 967 0 35
533 1537 0 241
534 968 0 8
535 974 0 26
536 701 0 20
537 1081 0 26
538 520 0 13
539 196 0 9
540 1259 0 26
541 1108 0 15

6 1 697
87
542 523 0 8
543 5090 0 39
544 1230 0 14
545 1538 0 9
546 1456 0 16
547 2892 0 39
548 689 1 567
549 3186 0 12
550 17257 0 111
551 294 0 49
552 1057 0 9
553 654 0 11
554 492 0 67
555 14842 0 9
556 844 0 7
557 466 0 8
558 187 0 67
559 869 0 11
560 3193 1 0
561 171 0 12
562 3224 0 16
563 1143 1 439
564 11814 0 54
565 2719 0 13
566 5922 0 16
567 1171 0 14
568 520 0 7
569 1320 0 11
570 1979 0 9
571 505 0 31
572 1783 0 13
573 7545 0 9
574 680 0 7
575 2951 0 10
576 1693 0 78
577 1133 0 130
578 509 0 14
579 3054 0 9
580 2060 1 98
581 8844 0 11
582 1146 0 7
583 3214 0 29
584 3893 1 261
585 1180 0 12
586 1513 0 26
587 1509 0 15
588 8829 0 34
589 16416 0 13
590 1358 0 12
591 2136 0 88
592 6746 0 18
593 488 0 40
594 3379 0 9
595 1932 0 11
596 910 0 11
597 208 1 0
598 3210 0 9
599 737 0 32
600 2876 0 86
601 494 0 9
602 2437 1 0
603 5114 0 63
604 365 0 13
605 946 0 0
606 449 0 23
607 2285 0 37
608 1216 0 9
609 260 0 84
610 3714 0 28
611 1130 0 8
612 1250 0 10
613 3939 0 7
614 613 0 32
615 517 0 9
616 989 0 89
617 3329 0 8
618 3475 0 222
619 2155 1 20
620 264 0 54
621 1036 0 12
622 1274 0 52
623 1817 0 12
624 2268 1 3
625 3194 0 71
626 550 0 32
627 1438 0 10
628 2620 0 21

7 1 705
54
629 1456 0 99
630 12408 0 98
631 383 0 11
632 2282 0 12
633 1008 0 15
634 3259 0 91
635 3176 0 99
636 1247 0 14
637 1331 0 15
638 3243 0 12
639 214 0 13
640 2792 0 13
641 1528 0 9
642 929 0 16
643 2842 0 9
644 1306 0 9
645 798 0 12
646 3185 0 38
647 3235 0 11
648 2801 0 13
649 623 0 71
650 418 0 11
651 1342 0 138
652 3592 0 9
653 5975 0 17
654 9312 0 35
655 1025 0 23
656 11866 0 7
657 1513 0 9
658 1283 0 11
659 1189 0 16
660 3782 0 89
661 1522 1 3
662 13071 0 94
663 3517 0 11
664 427 0 11
665 2119 0 12
666 615 0 12
667 6364 0 8
668 346 0 11
669 1223 0 9
670 1710 0 6
671 3405 0 7
672 1396 0 20
673 403 0 9
674 3306 0 25
675 333 0 12
676 617 0 7
677 627 0 35
678 2937 0 32
679 1638 0 9
680 1225 0 18
681 2980 0 8
682 1069 0 16

8 1 719
24
683 274 1 0
684 1328 0 75
685 6732 0 9
686 499 0 13
687 1006 0 25
688 2877 0 28
689 648 0 39
690 551 1 32
691 1284 0 11
692 2817 0 18
693 867 0 9
694 611 0 6
695 1970 0 10
696 1952 0 9
697 640 0 84
698 1679 0 13
699 7315 0 129
700 794 0 12
701 2879 0 13
702 1477 0 10
703 3310 0 11
704 1025 0 8
705 3533 0 43
706 1306 0 17

9 0 63053
96
707 3352 0 28
708 676 0 50
709 490 0 21
710 2615 0 19
711 1586 0 49
712 1774 0 9
713 1967 0 10
714 3188 1 218
715 3323 0 20
716 2562 0 209
717 608 0 30
718 1180 0 8
719 1151 0 13
720 1374 0 19
721 2826 0 28
722 908 0 10
723 505 0 6
724 3345 0 7
725 2530 0 8
726 19 0 9
727 1093 0 17
728 1124 0 11
729 11610 0 11
730 1519 0 11
731 1986 0 10
732 840 0 130
733 3336 0 8
734 1545 0 34
735 6578 0 29
736 846 0 20
737 1538 0 39
738 1424 0 7
739 1940 0 10
740 1929 0 61
741 838 0 108
742 851 0 65
743 1692 0 170
744 580 0 8
745 2084 0 10
746 1661 0 11
747 1977 1 40
748 1395 0 9
749 677 0 10
750 1088 0 8
751 2178 0 26
752 1538 0 165
753 12759 0 48
754 7407 0 130
755 743 0 8
756 1365 0 10
757 1426 0 12
758 13012 0 11
759 995 0 54
760 2214 0 103
761 733 0 169
762 1566 0 11
763 115 0 75
764 2118 0 7
765 548 0 2
766 1004 0 43
767 1785 0 17
768 934 0 10
769 1983 0 12
770 2546 0 20
771 1605 0 16
772 702 0 18
773 2188 0 11
774 3179 0 8
775 381 0 9
776 1583 0 22
777 2599 0 24
778 1779 0 29
779 2407 0 141
780 1176 0 70
781 2783 0 44
782 1284 0 181
783 2198 0 9
784 737 0 8
785 596 0 40
786 896 0 99
787 3755 0 8
788 1343 0 29
789 3378 0 44
790 541 0 71
791 5160 1 3
792 3730 1 0
793 1562 0 107
794 452 0 11
795 3097 0 11
796 1287 0 82
797 1506 0 23
798 221 0 80
799 9315 0 83
800 234 0 13
801 2445 0 6
802 2842 0 9

