10

0 0 243
148
0 928 0 35
1 416 0 16
2 1353 0 13
3 963 0 29
4 1379 0 11
5 1008 0 36
6 1191 0 120
7 2560 0 7
8 2159 0 11
9 847 0 12
10 875 0 18
11 1082 0 11
12 2182 0 17
13 768 0 10
14 1578 0 11
15 1960 0 10
16 387 0 16
17 314 0 87
18 1291 0 11
19 1472 0 9
20 10887 0 10
21 3696 0 8
22 2231 0 32
23 2455 0 13
24 3934 0 91
25 1589 0 13
26 1157 0 255
27 124 0 63
28 711 0 57
29 979 0 98
30 1052 0 151
31 371 0 13
32 935 0 11
33 1217 0 10
34 1905 0 10
35 1008 0 11
36 51 0 16
37 1158 0 11
38 633 0 10
39 953 0 52
40 981 0 11
41 171 0 8
42 3633 0 142
43 6160 0 348
44 233 0 25
45 802 0 26
46 5004 0 129
47 639 0 22
48 6521 0 56
49 2559 0 40
50 2821 1 0
51 1980 0 23
52 5063 0 7
53 1684 0 9
54 726 0 6
55 1166 0 14
56 3275 0 136
57 1153 0 11
58 3348 0 7
59 1311 0 147
60 1392 0 14
61 3345 0 18
62 1622 0 9
63 1799 0 9
64 1538 0 151
65 691 0 16
66 1363 0 208
67 419 0 12
68 2145 0 14
69 1416 0 14
70 1245 0 31
71 1955 0 18
72 869 0 78
73 954 0 35
74 757 0 141
75 654 0 11
76 308 0 13
77 1762 0 40
78 2685 0 7
79 343 0 76
80 426 0 11
81 2344 0 46
82 1101 0 11
83 820 0 9
84 988 0 11
85 1933 0 8
86 189 0 62
87 2269 0 134
88 1235 0 163
89 1987 0 17
90 1773 0 12
91 453 0 44
92 1991 0 11
93 2553 0 7
94 3285 0 232
95 583 0 179
96 721 0 16
97 751 0 17
98 1859 0 81
99 3199 0 138
100 409 0 148
101 3314 0 9
102 8914 0 228
103 2871 0 45
104 596 0 10
105 217 1 0
106 1167 0 8
107 1248 0 11
108 7862 0 31
109 120 0 14
110 1605 0 28
111 1118 0 8
112 940 0 10
113 3347 0 10
114 3184 0 34
115 865 0 13
116 1413 0 147
117 1208 0 24
118 3277 0 41
119 2526 0 9
120 1558 0 99
121 3286 0 13
122 1168 0 87
123 1975 0 45
124 192 0 23
125 2930 0 11
126 505 0 8
127 1091 0 147
128 3168 0 13
129 1969 0 7
130 1974 0 11
131 1585 0 8
132 705 0 8
133 1395 0 10
134 16362 0 7
135 1275 0 24
136 1545 0 28
137 1537 0 12
138 3357 0 8
139 577 0 13
140 552 0 78
141 5116 0 11
142 1649 0 72
143 181 0 11
144 206 0 99
145 1084 0 33
146 1251 0 147
147 5759 0 10

1 1 277
184
148 971 0 2
149 107 0 12
150 1871 0 11
151 2952 0 13
152 585 0 148
153 1104 0 10
154 948 0 6
155 664 0 13
156 405 0 11
157 6093 0 7
158 925 0 12
159 2861 0 8
160 8 0 22
161 1388 0 11
162 1420 0 133
163 403 0 5
164 1105 0 7
165 989 0 13
166 2130 0 99
167 1537 0 27
168 2380 0 20
169 3236 0 9
170 999 0 11
171 1895 0 78
172 1556 0 7
173 475 0 42
174 3735 1 0
175 1971 0 67
176 1428 0 10
177 177 0 68
178 1244 0 19
179 2625 0 46
180 1253 0 39
181 1967 0 38
182 1202 0 10
183 1504 0 70
184 993 0 11
185 1135 0 37
186 2484 1 314
187 700 0 13
188 2794 0 101
189 938 0 7
190 5051 0 13
191 1620 0 33
192 955 0 8
193 1534 0 12
194 1960 0 307
195 742 0 7
196 1138 0 13
197 1946 1 434
198 3616 0 95
199 1538 0 63
200 3316 0 9
201 2822 0 9
202 3568 0 185
203 171 0 16
204 3175 0 25
205 1093 0 11
206 3019 0 11
207 1322 0 8
208 1275 0 99
209 1222 0 10
210 975 0 30
211 1366 0 9
212 190 0 10
213 1053 0 35
214 3349 0 18
215 2600 0 291
216 193 0 22
217 1348 0 7
218 1152 1 0
219 1778 0 14
220 16890 0 15
221 1237 0 11
222 436 0 63
223 2106 0 7
224 1808 0 128
225 565 0 112
226 2317 0 147
227 588 0 12
228 7958 0 23
229 1333 0 11
230 1273 1 41
231 1020 0 9
232 1961 0 26
233 7476 0 205
234 1311 0 37
235 2608 0 27
236 1421 0 17
237 1225 0 7
238 816 0 8
239 526 0 29
240 393 0 76
241 2476 0 17
242 181 0 11
243 2283 0 38
244 1969 0 71
245 892 0 12
246 5746 0 8
247 12791 0 9
248 261 0 22
249 2576 0 1
250 776 0 50
251 419 0 11
252 756 0 41
253 12212 0 45
254 1178 0 10
255 796 0 14
256 511 0 69
257 2173 0 14
258 1389 0 41
259 1509 0 86
260 376 0 9
261 3266 0 13
262 210 0 61
263 266 0 13
264 12828 0 83
265 503 0 183
266 1038 0 92
267 1720 0 13
268 409 0 11
269 705 0 31
270 561 0 8
271 3776 0 71
272 449 0 73
273 1528 0 11
274 3041 0 14
275 832 0 6
276 1077 0 6
277 429 0 29
278 7343 0 11
279 1598 0 48
280 1055 0 30
281 5124 0 17
282 699 0 8
283 3509 0 11
284 524 0 72
285 3377 0 11
286 6153 0 7
287 1203 0 11
288 890 0 13
289 373 0 7
290 487 0 111
291 1150 0 7
292 1694 0 129
293 1015 0 11
294 471 0 17
295 1245 0 18
296 2838 0 9
297 1114 0 13
298 1786 1 0
299 2826 0 40
300 78 0 16
301 1219 0 83
302 989 0 8
303 2333 0 29
304 258 0 11
305 1599 0 37
306 3652 0 9
307 1206 0 13
308 1023 0 6
309 56 0 42
310 1985 0 11
311 1530 0 11
312 2292 0 17
313 989 0 14
314 1416 0 11
315 1301 0 174
316 1688 0 10
317 2517 0 11
318 1308 0 11
319 721 0 9
320 520 0 10
321 807 0 13
322 1067 0 25
323 834 0 30
324 1615 0 40
325 1528 0 24
326 1215 0 11
327 2564 0 8
328 933 0 70
329 722 0 73
330 3151 0 70
331 8102 0 9

2 0 281
50
332 1169 0 69
333 1894 0 9
334 3349 1 0
335 6535 0 207
336 1873 0 10
337 2803 0 21
338 6757 0 8
339 1874 0 102
340 982 0 11
341 480 0 8
342 3379 0 10
343 1201 0 66
344 1980 0 308
345 727 0 99
346 2150 0 144
347 1225 0 7
348 3342 0 18
349 1306 0 11
350 596 0 48
351 1284 0 13
352 7287 0 13
353 1525 0 7
354 1152 0 68
355 527 0 109
356 503 0 18
357 1862 0 45
358 1205 0 12
359 1631 0 21
360 880 0 9
361 1515 0 11
362 200 0 41
363 712 0 243
364 1826 0 9
365 169 0 16
366 1216 0 11
367 1513 0 39
368 797 0 129
369 1172 0 8
370 9979 0 13
371 2934 0 13
372 5043 0 8
373 1110 0 25
374 567 1 0
375 436 0 11
376 1538 0 39
377 367 0 17
378 1039 0 10
379 493 0 45
380 236 0 9
381 1177 0 69

3 1 283
176
382 466 0 11
383 951 0 12
384 7660 0 41
385 1101 1 0
386 3443 1 0
387 866 0 13
388 3108 0 24
389 1528 0 9
390 829 0 34
391 640 0 21
392 370 0 3
393 509 0 79
394 1715 0 14
395 1297 0 10
396 7957 0 13
397 1263 0 10
398 8688 0 9
399 1431 0 11
400 3374 0 48
401 9 0 91
402 2675 0 68
403 442 0 30
404 815 0 24
405 2028 0 40
406 2208 0 190
407 977 0 7
408 4215 0 228
409 794 0 9
410 1125 0 10
411 5126 0 29
412 203 0 7
413 246 0 12
414 1131 0 14
415 1540 0 108
416 1961 1 19
417 983 0 41
418 1970 0 23
419 2331 0 10
420 1871 0 114
421 1518 0 41
422 3064 0 7
423 14457 0 12
424 622 0 28
425 5024 0 25
426 1240 0 75
427 6450 0 7
428 1298 0 14
429 1591 0 76
430 1963 0 13
431 793 0 31
432 1280 0 10
433 1570 0 12
434 1525 0 213
435 692 0 11
436 1096 0 11
437 1420 0 9
438 806 0 19
439 898 0 47
440 6015 0 103
441 1177 0 23
442 3294 0 39
443 1529 0 15
444 377 1 0
445 3341 0 42
446 1274 0 16
447 1308 0 35
448 1003 0 43
449 1822 0 33
450 3672 0 39
451 707 0 112
452 12134 0 144
453 1214 0 12
454 14374 0 23
455 1019 0 17
456 671 0 9
457 806 0 25
458 1275 0 41
459 3314 0 97
460 1516 0 11
461 3008 0 13
462 1312 0 9
463 9364 0 9
464 2407 0 63
465 1164 0 71
466 1987 0 17
467 507 0 24
468 1092 0 17
469 672 0 11
470 1984 0 10
471 647 0 41
472 860 0 62
473 679 1 22
474 763 0 28
475 1256 0 12
476 961 0 7
477 1060 0 14
478 2511 0 145
479 1559 0 52
480 12199 0 11
481 1291 0 290
482 3149 0 9
483 3278 0 10
484 700 0 84
485 943 0 12
486 6109 0 10
487 12615 0 14
488 1870 0 18
489 989 0 12
490 1278 0 129
491 171 0 9
492 1518 0 32
493 2900 0 30
494 924 0 19
495 3029 0 8
496 3152 0 10
497 1348 0 21
498 3323 0 7
499 3198 0 6
500 9368 0 8
501 1984 0 7
502 1510 0 71
503 7050 0 8
504 2896 0 417
505 2246 0 10
506 3375 0 109
507 3309 0 7
508 5150 0 47
509 288 0 81
510 3663 0 12
511 12821 0 10
512 1919 0 9
513 6719 0 10
514 1526 0 12
515 687 0 206
516 5084 0 11
517 1312 0 27
518 346 0 70
519 5016 0 29
520 1155 0 13
521 3488 0 60
522 3355 0 46
523 1965 0 11
524 958 0 10
525 1893 0 20
526 418 0 17
527 965 0 12
528 468 0 19
529 1017 0 14
530 2833 0 11
531 3374 0 8
532 6584 0 8
533 3308 0 31
534 588 0 10
535 6729 0 7
536 16 0 12
537 12929 0 8
538 6955 0 12
539 1378 0 53
540 1290 0 39
541 1321 0 25
542 8191 0 9
543 760 0 18
544 1219 0 117
545 869 0 10
546 1504 0 37
547 1389 0 27
548 755 0 20
549 612 0 82
550 294 0 13
551 2246 0 19
552 440 0 46
553 1949 0 12
554 1975 0 10
555 1036 0 213
556 1492 0 109
557 333 0 6

4 1 297
111
558 471 0 242
559 1414 0 12
560 7559 0 13
561 5130 0 40
562 3581 0 10
563 7978 0 59
564 214 0 6
565 2606 0 8
566 2814 0 14
567 1727 0 616
568 3318 0 8
569 1530 0 21
570 1224 0 12
571 2466 0 80
572 2929 0 107
573 7183 0 11
574 660 0 14
575 1363 0 44
576 914 0 49
577 1187 0 12
578 3374 0 12
579 851 0 7
580 2007 0 7
581 2906 0 19
582 989 0 260
583 1765 0 20
584 400 0 8
585 896 0 8
586 1237 0 60
587 853 0 7
588 259 0 65
589 447 1 0
590 2684 0 9
591 1889 0 281
592 1311 0 11
593 405 0 99
594 2594 0 77
595 1384 0 13
596 475 0 72
597 2533 0 69
598 1963 0 7
599 503 0 79
600 2559 1 0
601 1960 1 0
602 7915 0 11
603 1620 0 11
604 389 0 24
605 633 0 10
606 1789 0 116
607 591 0 71
608 1385 0 12
609 549 0 7
610 13369 0 11
611 847 0 6
612 857 0 11
613 644 0 19
614 446 0 143
615 202 0 14
616 1657 0 26
617 894 0 28
618 3160 0 17
619 1576 0 39
620 988 0 8
621 2509 0 22
622 1642 0 37
623 1401 0 28
624 581 0 209
625 2784 1 16
626 508 0 10
627 3019 0 27
628 6455 0 126
629 1036 0 13
630 16233 0 11
631 1160 0 11
632 2949 0 13
633 286 0 38
634 254 0 32
635 989 0 15
636 921 0 12
637 1621 0 52
638 1513 0 10
639 679 0 10
640 171 0 10
641 1339 0 11
642 928 0 40
643 1394 0 27
644 129 0 11
645 3733 0 7
646 424 0 54
647 757 0 13
648 1251 0 22
649 2330 0 150
650 2826 0 6
651 1374 0 8
652 2580 0 9
653 384 0 11
654 2879 0 128
655 559 1 0
656 1960 0 10
657 12915 0 311
658 1571 0 8
659 467 0 8
660 256 0 13
661 989 1 448
662 1972 0 43
663 2935 0 213
664 2546 0 6
665 2903 0 11
666 1257 0 33
667 734 0 36
668 195 1 7

5 1 507
8
669 1513 0 23
670 1986 0 11
671 1979 0 23
672 24 0 147
673 893 0 7
674 7410 0 25
675 1859 0 11
676 2813 0 42

6 1 523
9
677 1257 0 37
678 2890 0 147
679 2413 0 34
680 596 0 8
681 357 0 8
682 977 0 18
683 1408 0 61
684 1140 0 19
685 989 0 8

7 0 705
1
686 5068 0 25

8 1 311363
133
687 568 0 139
688 1320 0 13
689 1897 0 163
690 2504 1 0
691 6739 0 25
692 7733 0 53
693 460 0 10
694 1272 0 9
695 2627 0 11
696 669 0 72
697 5095 0 37
698 3140 0 23
699 989 0 9
700 878 0 17
701 717 0 8
702 7340 0 10
703 1344 0 9
704 1415 0 145
705 1513 0 10
706 2391 0 14
707 1961 0 9
708 1916 0 19
709 931 0 128
710 1385 0 71
711 3315 0 9
712 1983 0 52
713 1689 0 9
714 6366 0 3
715 2913 0 7
716 795 0 35
717 1126 0 8
718 2287 0 92
719 247 1 117
720 5085 0 27
721 1424 0 21
722 1332 0 54
723 650 0 10
724 1942 0 7
725 2452 0 11
726 1518 0 12
727 1388 0 38
728 7050 0 37
729 1550 0 9
730 2955 0 13
731 221 0 13
732 1342 0 110
733 977 0 8
734 1826 0 84
735 1696 0 9
736 13598 0 29
737 5800 0 11
738 576 0 12
739 6013 0 13
740 1417 0 8
741 3094 0 25
742 1363 0 9
743 8886 0 72
744 269 0 17
745 1135 0 9
746 5108 0 13
747 5120 0 66
748 1155 0 9
749 422 0 10
750 678 0 13
751 1356 0 10
752 1407 0 85
753 2602 0 7
754 1293 0 144
755 3296 0 12
756 3446 1 128
757 2801 1 0
758 639 0 34
759 456 0 7
760 2266 0 39
761 507 0 30
762 1071 1 30
763 3642 0 203
764 908 0 123
765 2569 0 172
766 2108 0 9
767 2858 0 11
768 1057 0 81
769 5124 0 8
770 1381 0 153
771 1636 0 9
772 1415 0 68
773 1184 0 47
774 1532 0 17
775 1300 0 10
776 1315 0 29
777 1513 0 11
778 567 0 8
779 754 0 9
780 2397 1 0
781 11796 0 54
782 1945 0 9
783 3373 0 7
784 7926 1 24
785 7253 0 7
786 1166 0 59
787 6219 0 143
788 5100 0 25
789 537 0 8
790 892 0 18
791 5081 0 9
792 616 0 10
793 1107 0 9
794 236 0 78
795 2694 0 16
796 1195 0 61
797 6366 0 46
798 3369 0 7
799 17018 0 9
800 69 1 0
801 1883 0 11
802 7390 0 19
803 1513 0 19
804 895 0 72
805 986 0 134
806 1101 0 34
807 894 0 97
808 1021 0 97
809 3143 0 29
810 622 0 67
811 1241 0 13
812 567 0 12
813 1940 0 69
814 363 0 19
815 243 0 32
816 136 0 11
817 607 0 104
818 778 0 11
819 370 0 12

9 0 400416
1
820 804 0 17

