10

0 0 482
148
0 466 0 129
1 2867 0 11
2 8914 0 96
3 1658 0 10
4 2427 0 8
5 586 0 72
6 708 0 33
7 1060 0 55
8 857 0 9
9 551 1 0
10 961 0 9
11 951 0 8
12 1176 0 14
13 1372 0 10
14 1939 1 250
15 511 0 137
16 3218 0 26
17 523 0 8
18 2370 1 6
19 1358 0 14
20 1529 0 19
21 181 0 8
22 1979 0 20
23 288 0 11
24 5874 0 73
25 1513 0 80
26 1510 0 11
27 1513 0 87
28 570 0 39
29 12465 0 7
30 2026 0 7
31 1402 0 7
32 4074 0 11
33 6174 0 9
34 1256 0 9
35 262 0 16
36 1064 0 36
37 13918 0 19
38 2576 0 20
39 989 0 10
40 768 0 19
41 977 0 8
42 720 0 10
43 907 0 21
44 1595 0 12
45 1304 0 36
46 1226 0 79
47 1397 0 38
48 902 0 45
49 871 0 6
50 639 0 9
51 825 0 29
52 2796 0 11
53 9979 0 11
54 2827 1 617
55 1166 0 14
56 181 0 171
57 1116 0 35
58 6157 0 36
59 909 0 8
60 716 0 41
61 1354 0 66
62 5148 0 128
63 184 0 38
64 805 0 11
65 17376 0 10
66 1500 0 11
67 896 0 32
68 1205 0 18
69 1964 0 6
70 637 0 6
71 1933 0 48
72 1524 0 10
73 2223 0 107
74 2340 0 169
75 2274 0 30
76 1413 0 8
77 506 0 8
78 12435 0 9
79 856 0 7
80 636 0 13
81 1428 1 0
82 1317 0 7
83 2099 0 138
84 1007 0 11
85 2606 0 11
86 6718 0 8
87 3779 0 11
88 1963 0 8
89 590 1 265
90 3275 0 12
91 1407 0 67
92 1947 0 142
93 690 0 10
94 7366 0 50
95 7354 0 30
96 1161 0 73
97 666 0 130
98 679 0 11
99 1429 0 428
100 478 0 43
101 696 0 24
102 3649 1 29
103 651 0 9
104 480 0 13
105 703 0 39
106 923 0 7
107 7402 0 22
108 598 0 31
109 2390 0 130
110 600 0 11
111 445 0 77
112 1163 0 70
113 519 0 8
114 990 0 15
115 1230 0 12
116 2921 0 32
117 1188 0 8
118 5759 1 16
119 6749 0 33
120 12911 0 68
121 1251 0 10
122 1248 0 13
123 1225 1 0
124 412 0 116
125 1041 0 9
126 1966 0 8
127 1298 0 7
128 1147 0 39
129 1235 0 10
130 1044 0 12
131 1102 0 27
132 1770 0 14
133 1959 0 67
134 368 0 10
135 971 0 20
136 816 0 10
137 2033 0 23
138 1401 0 14
139 8204 0 41
140 3224 0 19
141 1305 0 17
142 492 0 10
143 1363 0 8
144 228 0 2
145 2366 0 46
146 3217 0 10
147 414 0 2

1 0 500
189
148 619 0 10
149 2492 0 8
150 1244 0 41
151 869 0 15
152 1824 0 11
153 1973 0 10
154 2469 0 51
155 3268 0 129
156 6732 0 51
157 1586 0 12
158 3348 0 154
159 1382 0 8
160 228 0 12
161 2550 0 10
162 2792 0 19
163 1852 1 138
164 3324 0 21
165 3568 0 7
166 2288 0 11
167 1320 0 8
168 3217 1 15
169 1075 0 12
170 1419 0 11
171 2392 0 8
172 733 0 11
173 1744 0 15
174 572 0 17
175 244 0 10
176 208 0 10
177 1173 0 14
178 1903 0 74
179 3328 0 163
180 1179 0 5
181 762 0 9
182 597 0 142
183 1419 0 20
184 7537 0 10
185 1808 0 54
186 1629 0 9
187 6532 0 173
188 3059 0 21
189 1959 0 12
190 1947 0 6
191 1428 0 7
192 2054 0 9
193 1363 0 9
194 1191 0 53
195 854 0 22
196 2671 0 12
197 666 0 10
198 7291 0 22
199 2355 0 146
200 595 0 13
201 648 0 176
202 3451 0 27
203 1437 0 29
204 1969 0 29
205 2925 0 45
206 823 0 9
207 554 0 7
208 625 0 52
209 1884 0 8
210 699 0 44
211 2705 0 10
212 1852 0 9
213 171 0 7
214 1962 0 141
215 180 0 8
216 1073 0 12
217 1937 0 48
218 777 0 7
219 3288 1 0
220 231 0 8
221 1326 0 23
222 704 0 20
223 178 0 40
224 239 0 13
225 3338 0 11
226 1002 0 62
227 1257 0 31
228 5115 0 43
229 1865 0 10
230 2500 0 10
231 1511 0 7
232 12200 0 9
233 1848 0 11
234 1114 0 9
235 3077 0 169
236 1285 0 7
237 16787 1 0
238 5028 0 10
239 1696 0 29
240 888 0 112
241 583 0 35
242 12149 0 13
243 12002 0 100
244 1883 0 20
245 2120 0 35
246 986 0 10
247 2533 0 8
248 761 0 27
249 1294 1 20
250 2922 0 8
251 323 0 72
252 1419 0 13
253 1965 0 7
254 7569 0 8
255 9070 0 7
256 1001 0 39
257 454 0 195
258 2824 0 8
259 469 0 617
260 2531 0 65
261 1163 0 63
262 2161 0 16
263 6112 0 11
264 3378 0 616
265 1516 0 11
266 5125 0 17
267 12199 0 18
268 1425 0 13
269 1858 0 18
270 653 0 101
271 1027 0 77
272 5149 0 37
273 3378 0 0
274 1504 1 443
275 809 0 207
276 317 0 11
277 2807 0 10
278 429 0 9
279 364 0 9
280 1439 1 0
281 1347 0 41
282 509 0 58
283 507 0 8
284 5158 0 71
285 1265 0 18
286 1004 0 51
287 816 0 12
288 1969 0 10
289 447 0 14
290 190 0 57
291 1242 0 32
292 14914 0 17
293 2799 0 12
294 741 0 36
295 2550 0 17
296 1732 0 7
297 746 0 6
298 934 0 16
299 967 0 29
300 1526 0 78
301 1418 0 18
302 14 0 8
303 1189 0 10
304 905 0 11
305 478 0 35
306 366 0 12
307 5077 0 12
308 1779 0 9
309 2185 0 8
310 964 0 160
311 7183 0 6
312 1394 0 13
313 1566 0 19
314 1411 0 8
315 1729 0 10
316 940 0 69
317 2496 0 17
318 509 0 31
319 1207 0 10
320 5156 0 11
321 2263 1 597
322 3306 0 39
323 1171 0 164
324 1134 0 10
325 512 0 8
326 1955 1 31
327 883 0 26
328 3367 0 239
329 622 0 13
330 7051 0 41
331 1923 0 13
332 881 0 15
333 1336 0 11
334 305 1 1
335 6254 0 10
336 1944 0 29

2 1 513
166
337 676 0 144
338 1108 0 13
339 1964 0 149
340 500 0 8
341 607 1 224
342 3414 0 9
343 2892 0 78
344 1292 0 11
345 845 0 11
346 1628 0 12
347 197 0 12
348 1164 0 7
349 174 0 8
350 1813 0 18
351 1296 0 9
352 613 0 117
353 985 0 12
354 576 0 147
355 3233 0 80
356 487 0 13
357 6912 0 11
358 2131 0 12
359 3682 0 166
360 1349 1 61
361 2369 0 11
362 835 0 10
363 625 0 8
364 6920 0 69
365 2826 0 24
366 5133 0 283
367 505 0 14
368 12199 0 14
369 687 0 87
370 1583 0 11
371 1411 0 8
372 1700 0 38
373 2914 0 33
374 3326 0 63
375 1985 0 9
376 676 1 0
377 278 0 12
378 515 0 9
379 903 0 13
380 3676 0 23
381 901 0 107
382 601 0 7
383 2908 0 10
384 506 0 13
385 2794 0 11
386 2437 0 8
387 3251 0 21
388 1188 0 107
389 2280 0 9
390 910 0 34
391 7327 0 8
392 502 0 6
393 7568 0 9
394 3183 0 81
395 451 0 8
396 1874 0 14
397 86 0 222
398 3645 0 26
399 3339 0 5
400 1989 0 26
401 7638 0 42
402 11610 0 20
403 13571 0 70
404 968 0 18
405 1235 0 13
406 573 0 32
407 461 0 72
408 1979 0 19
409 164 0 20
410 1078 0 15
411 1160 0 49
412 915 0 105
413 3295 0 12
414 2035 0 36
415 2010 0 111
416 1980 0 27
417 1633 0 17
418 1151 0 13
419 1409 0 14
420 1210 0 9
421 1580 0 8
422 2352 0 7
423 936 0 10
424 12781 1 0
425 3162 0 174
426 1545 0 12
427 1564 0 202
428 1072 0 60
429 1363 0 61
430 2927 0 13
431 1868 0 73
432 2093 0 13
433 710 1 4
434 190 0 11
435 2709 0 8
436 944 0 7
437 2907 1 204
438 962 0 29
439 1535 0 27
440 622 0 132
441 1043 0 41
442 1101 0 40
443 976 1 22
444 1940 0 6
445 1327 0 89
446 3469 0 11
447 5035 0 120
448 948 0 122
449 2901 0 8
450 620 0 98
451 989 0 21
452 3258 0 28
453 286 0 11
454 498 0 7
455 1217 0 6
456 2629 0 18
457 596 0 161
458 925 0 14
459 1530 0 10
460 2817 0 24
461 27 0 67
462 2361 0 194
463 7389 0 10
464 1809 0 13
465 180 0 9
466 610 0 10
467 7359 0 13
468 433 1 9
469 1066 0 13
470 2295 0 76
471 359 0 67
472 464 0 10
473 891 0 19
474 3226 0 7
475 742 0 75
476 617 0 27
477 2235 0 13
478 1920 0 9
479 2440 0 25
480 3453 0 31
481 3256 0 29
482 454 0 148
483 1271 0 7
484 161 0 9
485 1865 0 22
486 3361 0 111
487 2219 0 10
488 897 0 19
489 935 0 10
490 1960 0 14
491 2491 0 11
492 2901 0 10
493 624 0 10
494 291 0 98
495 292 0 10
496 788 0 13
497 765 0 224
498 936 0 16
499 1353 0 103
500 1713 0 51
501 2939 1 0
502 1316 0 38

3 1 522
56
503 5062 0 7
504 1607 0 38
505 1535 0 143
506 12383 0 8
507 853 0 313
508 1518 0 62
509 3190 0 33
510 5125 0 27
511 1014 0 87
512 17420 0 31
513 2910 0 12
514 989 1 0
515 1071 0 45
516 864 0 7
517 2212 0 17
518 199 0 8
519 7884 0 100
520 3378 0 38
521 1687 0 10
522 1134 0 19
523 1302 0 11
524 1425 0 11
525 418 0 2
526 1234 0 80
527 17512 0 3
528 1954 0 16
529 1281 0 24
530 2682 0 12
531 989 0 16
532 8189 0 54
533 795 0 7
534 608 0 15
535 1212 0 69
536 888 0 10
537 187 0 41
538 2548 0 8
539 3223 0 82
540 11230 0 13
541 3237 0 7
542 784 0 10
543 469 0 9
544 3282 0 125
545 2898 0 9
546 1825 0 34
547 1104 0 111
548 1329 0 11
549 2923 0 12
550 3186 0 133
551 702 0 14
552 1230 0 11
553 223 0 101
554 2266 0 10
555 954 0 10
556 7410 0 27
557 350 0 12
558 11792 0 40

4 1 526
6
559 3633 1 0
560 468 0 131
561 875 0 38
562 669 0 70
563 1953 0 75
564 5077 0 6

5 1 527
2
565 816 0 18
566 3173 0 33

6 1 684
174
567 1986 0 126
568 624 0 11
569 331 0 55
570 7257 0 29
571 1014 0 18
572 419 0 11
573 196 0 130
574 168 0 10
575 713 0 12
576 1940 0 8
577 838 0 353
578 1220 0 9
579 1336 0 31
580 1065 0 22
581 2379 0 12
582 6186 0 72
583 969 0 35
584 1637 0 21
585 1561 0 29
586 1383 0 8
587 434 0 49
588 1567 1 0
589 312 0 39
590 197 0 7
591 697 0 17
592 981 0 207
593 963 0 37
594 3171 0 68
595 1429 0 7
596 1420 0 49
597 439 0 17
598 7042 0 61
599 1603 0 12
600 1053 0 38
601 1016 0 18
602 659 0 21
603 842 0 66
604 435 0 38
605 281 0 43
606 3345 1 13
607 1559 0 77
608 13017 1 0
609 768 0 10
610 3291 0 69
611 2800 0 9
612 246 0 86
613 688 0 13
614 1412 1 0
615 1547 1 20
616 1628 0 13
617 1356 0 90
618 1381 0 18
619 1316 0 7
620 525 0 7
621 1931 0 9
622 602 1 517
623 1306 1 19
624 2840 0 12
625 1921 0 149
626 7343 0 20
627 3033 0 9
628 1019 0 7
629 226 0 11
630 1961 1 565
631 341 1 163
632 1411 0 82
633 1518 0 179
634 17217 0 107
635 3219 0 53
636 2491 0 9
637 1949 0 20
638 822 0 7
639 1972 0 152
640 1842 0 73
641 1957 0 12
642 3154 1 40
643 962 0 10
644 2879 0 4
645 1210 0 59
646 638 0 179
647 350 1 0
648 5051 0 31
649 17099 0 9
650 5056 0 40
651 1518 0 7
652 612 0 15
653 1238 0 27
654 329 1 5
655 1879 0 17
656 448 1 20
657 2783 0 15
658 5135 0 68
659 1293 0 10
660 5041 0 15
661 1961 0 19
662 6745 0 11
663 2788 0 68
664 948 0 11
665 633 0 18
666 477 0 55
667 1680 0 98
668 1514 0 7
669 1446 0 71
670 548 0 7
671 1960 0 43
672 569 0 7
673 1080 0 35
674 433 0 16
675 1563 0 8
676 400 0 10
677 1395 0 12
678 989 0 11
679 1481 0 72
680 1010 0 11
681 1283 0 8
682 3216 0 10
683 7476 0 20
684 533 0 9
685 8367 1 0
686 623 0 62
687 2123 0 9
688 1258 0 48
689 1513 0 142
690 1529 0 30
691 2579 0 807
692 233 0 12
693 612 0 36
694 527 0 13
695 4174 0 49
696 3148 0 109
697 963 0 19
698 1569 0 110
699 5149 0 28
700 1667 0 9
701 1511 0 9
702 6133 0 40
703 1386 0 11
704 3669 0 17
705 2620 0 9
706 5105 0 8
707 1008 0 13
708 1511 0 13
709 1416 0 23
710 6808 0 19
711 1929 0 13
712 1037 0 16
713 1736 0 72
714 452 0 64
715 484 0 27
716 1940 0 8
717 989 0 9
718 342 0 7
719 532 0 130
720 1326 0 12
721 516 1 400
722 515 0 33
723 1169 0 38
724 1850 0 19
725 436 1 0
726 2264 0 10
727 906 0 26
728 705 0 13
729 1396 0 10
730 891 0 165
731 1987 0 7
732 1226 0 8
733 15836 0 193
734 497 0 77
735 3204 0 97
736 683 0 31
737 968 0 78
738 855 0 64
739 1027 0 74
740 1578 0 7

7 1 688
52
741 871 0 9
742 3226 0 9
743 1381 0 10
744 1359 1 26
745 3330 0 11
746 7909 0 139
747 5123 0 12
748 1531 0 10
749 1187 0 81
750 1984 0 10
751 613 0 11
752 741 0 19
753 1529 0 14
754 6158 0 11
755 706 0 70
756 1401 0 34
757 3713 1 24
758 2492 0 9
759 608 1 0
760 1297 0 11
761 1143 0 13
762 1832 0 57
763 201 0 8
764 892 0 12
765 1824 0 34
766 1734 0 8
767 399 0 17
768 1249 0 75
769 1976 0 17
770 1248 0 12
771 3434 1 0
772 1752 1 0
773 1274 0 12
774 1169 0 9
775 875 0 7
776 2579 0 11
777 628 1 16
778 1088 0 9
779 1967 0 10
780 696 0 28
781 1109 0 12
782 930 0 11
783 11603 0 69
784 2931 0 13
785 685 0 9
786 2043 0 182
787 676 0 9
788 7841 0 34
789 7050 0 52
790 669 0 29
791 969 0 12
792 2614 0 132

8 1 703
33
793 2904 0 9
794 1242 0 8
795 2347 0 10
796 672 0 67
797 994 0 49
798 1656 0 48
799 12833 0 43
800 6225 0 11
801 1075 0 8
802 1415 0 10
803 867 0 7
804 853 0 11
805 664 0 37
806 647 0 127
807 2869 0 7
808 787 0 8
809 247 0 18
810 1182 1 0
811 784 0 15
812 3619 0 91
813 2131 0 67
814 1351 0 180
815 9303 0 64
816 16847 0 49
817 197 0 8
818 1420 0 19
819 2857 0 10
820 3380 0 7
821 574 0 28
822 1253 0 10
823 890 0 8
824 1455 1 0
825 7050 0 16

9 1 405483
1
826 920 0 11

