10

0 1 487
293
0 956 0 126
1 536 0 8
2 1524 0 187
3 682 0 85
4 3100 0 32
5 1426 0 5
6 277 0 24
7 1083 0 69
8 507 0 70
9 3161 0 42
10 577 0 11
11 1286 0 146
12 1942 0 11
13 2741 0 37
14 573 0 10
15 1333 0 8
16 1210 0 8
17 559 0 11
18 444 0 23
19 1139 0 9
20 1518 0 99
21 910 0 124
22 1964 0 13
23 3181 0 8
24 1830 0 11
25 2914 0 18
26 202 0 11
27 7896 0 20
28 1218 0 13
29 1405 0 20
30 1664 0 212
31 2550 0 24
32 2279 0 10
33 6479 0 8
34 683 0 31
35 1522 0 13
36 1744 0 189
37 515 0 10
38 13064 0 74
39 10018 0 11
40 1093 0 12
41 1385 0 15
42 817 0 9
43 868 0 32
44 1416 0 20
45 2909 0 32
46 1301 0 34
47 3367 0 56
48 834 1 7
49 2604 0 33
50 3269 0 12
51 3132 0 9
52 1068 0 8
53 592 0 9
54 920 0 13
55 436 0 11
56 3379 1 0
57 628 0 12
58 178 0 11
59 1001 0 11
60 424 0 20
61 637 0 7
62 1180 0 8
63 146 0 12
64 427 1 12
65 2353 0 73
66 626 0 9
67 16667 0 10
68 169 0 50
69 3259 0 93
70 17263 0 54
71 1091 0 13
72 5057 0 140
73 1117 0 62
74 1322 0 11
75 674 1 0
76 780 0 26
77 1223 0 10
78 500 0 9
79 16098 1 0
80 9982 1 39
81 5094 0 123
82 1576 0 7
83 948 0 189
84 1533 0 39
85 335 0 7
86 2911 0 73
87 737 0 158
88 1049 0 150
89 2401 0 10
90 1130 0 22
91 1650 0 17
92 2988 0 19
93 441 1 82
94 5004 0 12
95 201 0 231
96 365 0 13
97 247 0 132
98 1223 0 28
99 1014 0 8
100 1971 0 8
101 1562 0 11
102 5089 0 24
103 951 0 193
104 1602 0 10
105 519 0 13
106 1518 0 365
107 1724 0 39
108 1295 0 14
109 1835 1 20
110 119 0 8
111 829 0 11
112 1044 0 87
113 3256 0 7
114 1594 0 129
115 1046 0 9
116 5876 0 206
117 1353 0 7
118 316 0 11
119 197 0 9
120 7312 0 22
121 566 0 34
122 1553 0 70
123 3208 0 51
124 2700 0 13
125 1649 1 16
126 181 0 7
127 701 0 15
128 1181 0 10
129 164 0 18
130 1954 0 42
131 2023 1 20
132 1256 0 15
133 6893 0 12
134 2278 0 12
135 171 0 14
136 6732 1 81
137 791 0 11
138 428 0 8
139 1536 0 11
140 853 0 7
141 17619 0 248
142 850 0 282
143 6735 0 19
144 1110 0 11
145 978 0 7
146 620 0 19
147 2805 0 11
148 8204 0 13
149 1140 0 11
150 1164 0 9
151 275 0 11
152 1060 0 16
153 927 0 29
154 1936 0 126
155 7475 0 25
156 1684 0 14
157 626 0 11
158 1531 0 10
159 430 0 24
160 574 0 127
161 5048 0 10
162 7496 0 208
163 1167 0 51
164 916 0 16
165 719 0 13
166 1357 0 50
167 1940 0 13
168 13550 0 8
169 3306 0 18
170 276 0 13
171 1130 0 12
172 3359 0 10
173 1904 0 23
174 464 0 43
175 815 0 12
176 1063 0 11
177 224 0 147
178 1829 0 107
179 3097 0 212
180 859 0 15
181 418 0 18
182 280 0 12
183 1009 0 36
184 7370 0 133
185 3196 0 15
186 1421 0 12
187 830 0 15
188 507 0 12
189 1891 0 18
190 589 0 38
191 233 0 20
192 5025 0 12
193 1081 0 6
194 805 0 15
195 2238 0 12
196 171 0 7
197 1388 0 9
198 1716 0 8
199 484 0 6
200 3258 0 29
201 5019 0 10
202 9981 0 41
203 7685 0 9
204 2947 0 11
205 650 0 11
206 456 0 9
207 1052 0 12
208 439 0 11
209 1087 0 18
210 1998 0 130
211 3378 0 12
212 9410 0 66
213 3262 0 21
214 564 0 141
215 3299 0 111
216 298 0 46
217 696 0 10
218 1230 0 69
219 1537 0 7
220 1597 0 76
221 1492 0 94
222 671 0 8
223 882 0 11
224 593 0 25
225 326 0 13
226 1782 0 98
227 1194 0 18
228 14 0 27
229 1045 0 19
230 7302 0 17
231 1905 0 10
232 5059 0 13
233 1212 0 11
234 1945 0 13
235 1043 0 92
236 785 0 17
237 1902 0 85
238 977 0 9
239 3440 0 24
240 1956 0 19
241 1411 0 16
242 380 0 135
243 1243 0 77
244 7273 0 13
245 616 0 7
246 1187 0 19
247 2903 0 10
248 869 0 11
249 828 0 8
250 2866 0 147
251 1841 0 9
252 613 0 112
253 7568 0 88
254 5109 0 19
255 857 0 93
256 500 0 5
257 614 0 0
258 3568 0 10
259 1706 0 30
260 1367 0 16
261 1211 0 16
262 1955 0 10
263 803 0 18
264 2337 0 77
265 1954 0 35
266 1095 0 12
267 642 0 16
268 2570 0 118
269 1187 0 12
270 1082 0 12
271 1230 0 94
272 1516 1 429
273 518 0 8
274 1383 0 32
275 226 0 38
276 1790 1 30
277 3506 0 32
278 1149 0 11
279 1780 0 11
280 849 0 277
281 716 0 28
282 2213 0 13
283 489 0 129
284 1083 0 9
285 428 0 80
286 231 0 10
287 767 0 24
288 2931 0 38
289 5112 0 11
290 954 0 53
291 2493 0 23
292 3394 0 3

1 1 493
6
293 1193 0 55
294 7098 0 16
295 1284 0 98
296 1351 0 8
297 471 0 9
298 172 0 28

2 1 498
148
299 5089 0 17
300 1322 0 8
301 3314 0 7
302 1011 0 7
303 5105 0 12
304 602 0 39
305 2574 0 19
306 475 0 12
307 1818 0 21
308 3178 0 12
309 870 0 76
310 6484 0 9
311 274 0 7
312 1233 0 20
313 9982 0 11
314 2986 0 18
315 1349 0 9
316 1735 0 20
317 287 0 24
318 455 0 12
319 1513 0 29
320 697 0 11
321 814 0 13
322 242 0 11
323 907 0 12
324 1933 0 10
325 850 0 12
326 798 0 12
327 1205 0 14
328 2864 0 11
329 1300 0 135
330 1367 0 11
331 1119 0 132
332 936 0 18
333 234 0 10
334 5085 1 203
335 908 0 9
336 1011 0 10
337 447 0 31
338 472 0 10
339 522 0 9
340 1412 0 9
341 506 0 30
342 573 0 8
343 2791 0 25
344 513 0 10
345 1287 0 12
346 3123 0 10
347 1946 0 10
348 809 0 77
349 5914 0 7
350 905 0 152
351 1322 0 6
352 837 0 9
353 1509 0 11
354 3537 0 8
355 1593 0 11
356 669 0 35
357 729 0 29
358 1305 0 10
359 1963 0 11
360 2747 0 12
361 8482 0 83
362 3667 0 79
363 5124 0 22
364 3104 0 117
365 2926 0 248
366 16118 0 8
367 2884 0 11
368 8202 0 12
369 442 0 12
370 1793 1 30
371 1367 0 13
372 329 0 53
373 1423 0 297
374 1373 0 27
375 2408 0 8
376 808 0 185
377 3379 0 10
378 1691 0 17
379 5003 0 92
380 2541 0 8
381 667 0 76
382 5826 0 8
383 744 0 38
384 593 0 0
385 662 0 41
386 1181 0 17
387 7794 0 21
388 948 0 29
389 593 0 12
390 1031 0 8
391 12518 0 94
392 2271 0 11
393 2835 1 0
394 2793 0 9
395 2369 0 128
396 758 0 9
397 163 0 24
398 1721 0 70
399 2918 0 31
400 499 0 12
401 892 0 8
402 2304 0 6
403 2565 0 10
404 795 0 15
405 2664 0 41
406 8887 0 59
407 5819 0 59
408 964 0 10
409 1117 1 1
410 1752 0 7
411 12711 0 11
412 1113 0 36
413 1397 0 17
414 3391 0 21
415 3656 0 6
416 11936 0 9
417 621 0 13
418 337 0 22
419 3269 0 14
420 1343 0 18
421 1423 0 21
422 3004 0 11
423 827 0 32
424 1702 0 8
425 2288 0 9
426 414 0 13
427 1416 0 39
428 1516 0 10
429 3373 0 16
430 1235 0 155
431 1047 0 18
432 1425 0 11
433 2555 0 29
434 5047 0 67
435 928 0 9
436 2792 0 18
437 1173 0 8
438 1087 0 11
439 1942 0 11
440 2889 0 25
441 12883 0 7
442 1001 0 31
443 3337 0 106
444 8829 0 7
445 989 1 0
446 1287 1 21

3 1 505
167
447 3376 0 78
448 1988 0 307
449 2822 0 71
450 600 0 13
451 2857 0 41
452 14369 0 23
453 638 0 14
454 3359 0 8
455 698 0 11
456 2146 0 56
457 807 0 25
458 2142 1 134
459 312 0 111
460 86 0 11
461 843 0 10
462 1257 0 69
463 1529 0 122
464 1802 1 0
465 896 0 26
466 2797 0 177
467 554 0 128
468 410 0 19
469 714 0 26
470 2881 0 12
471 2722 0 109
472 1946 0 29
473 13351 0 55
474 3311 0 25
475 547 0 31
476 1172 0 10
477 1008 0 112
478 659 0 67
479 1739 0 35
480 1108 0 13
481 6457 0 7
482 1657 0 14
483 473 0 22
484 3263 0 76
485 2189 0 35
486 13571 0 12
487 2285 0 173
488 1728 0 8
489 219 0 7
490 1208 0 13
491 892 0 18
492 622 0 17
493 501 0 140
494 1971 0 68
495 874 0 76
496 890 0 38
497 1575 0 23
498 245 0 134
499 17490 0 29
500 1193 0 17
501 1528 0 171
502 1680 0 21
503 434 0 10
504 2343 0 14
505 2847 0 7
506 989 0 13
507 1271 0 14
508 5082 0 16
509 715 0 13
510 700 0 13
511 637 0 15
512 1247 0 20
513 1943 0 131
514 873 0 9
515 1249 0 188
516 687 0 139
517 1580 0 28
518 730 0 9
519 855 0 70
520 988 0 11
521 7185 0 15
522 2388 0 15
523 2404 0 27
524 571 0 169
525 1987 1 87
526 903 0 70
527 1166 0 82
528 1138 0 8
529 1535 0 7
530 2485 1 0
531 493 0 13
532 3064 0 11
533 5990 0 29
534 1730 0 24
535 5157 0 14
536 895 0 11
537 3318 0 11
538 1045 0 60
539 857 0 63
540 420 0 78
541 3555 0 26
542 1280 0 7
543 1252 0 99
544 1123 0 9
545 1057 0 34
546 3246 0 10
547 2943 0 31
548 1199 0 8
549 1302 0 9
550 1524 0 10
551 1670 0 13
552 12212 0 10
553 1172 1 478
554 1253 0 13
555 7397 0 14
556 1144 0 77
557 1962 0 61
558 203 0 16
559 7032 0 6
560 782 0 8
561 2766 0 21
562 298 0 147
563 187 0 7
564 595 0 212
565 5100 0 20
566 1592 0 38
567 1072 0 55
568 989 0 12
569 447 0 29
570 0 0 69
571 7543 0 103
572 3404 0 8
573 618 0 10
574 2919 0 7
575 1473 0 19
576 7579 0 57
577 1158 0 25
578 1121 0 11
579 1169 0 216
580 227 0 12
581 284 0 128
582 1410 0 53
583 779 0 8
584 297 1 43
585 1666 0 13
586 501 0 12
587 1322 0 107
588 1341 0 12
589 11793 0 9
590 3373 0 616
591 2151 0 9
592 1813 0 87
593 1513 0 39
594 1048 0 26
595 7971 0 79
596 2713 0 42
597 952 0 49
598 1431 0 45
599 5004 0 31
600 549 0 39
601 989 0 13
602 588 0 54
603 314 1 0
604 2927 0 59
605 1267 0 11
606 493 0 109
607 1981 0 10
608 6362 0 8
609 1035 0 107
610 1603 0 11
611 298 0 14
612 1110 0 70
613 609 0 8

4 1 509
25
614 4000 0 12
615 687 0 118
616 9766 0 13
617 465 0 79
618 989 0 8
619 27 0 12
620 1203 0 55
621 1259 0 24
622 1405 0 9
623 3118 0 82
624 2708 0 36
625 1715 0 13
626 726 0 17
627 1977 0 10
628 802 0 10
629 13055 0 80
630 2839 0 13
631 961 0 9
632 1424 0 42
633 11791 0 11
634 5133 0 9
635 576 0 9
636 1300 0 45
637 2815 0 7
638 5060 0 10

5 1 521
22
639 190 0 11
640 2092 0 36
641 483 0 7
642 245 0 24
643 1466 0 135
644 1263 0 14
645 1002 0 11
646 3221 0 9
647 6903 0 9
648 1366 0 71
649 1662 0 12
650 1946 0 69
651 1517 0 58
652 390 0 7
653 13009 0 18
654 1990 0 71
655 2439 0 10
656 1475 0 9
657 1518 0 98
658 619 0 13
659 775 0 214
660 1061 0 38

6 0 521
115
661 2416 0 17
662 1413 0 52
663 1092 0 71
664 1683 0 7
665 1978 0 8
666 1128 0 7
667 1109 0 35
668 1641 1 20
669 988 0 50
670 931 0 28
671 1647 0 12
672 718 0 14
673 1943 0 13
674 414 0 9
675 202 0 57
676 1303 0 7
677 5121 0 70
678 3377 0 43
679 13017 0 50
680 3042 0 29
681 2273 0 12
682 776 0 11
683 3479 0 41
684 12212 0 17
685 2217 0 14
686 3641 0 15
687 1772 0 175
688 1513 0 130
689 347 0 6
690 828 0 26
691 2498 0 9
692 872 0 207
693 1967 1 0
694 3289 0 7
695 1203 1 23
696 5030 0 14
697 1810 0 110
698 3200 0 11
699 1950 0 13
700 1954 0 18
701 1425 0 10
702 1904 0 8
703 1118 0 8
704 1031 0 7
705 2920 0 31
706 2902 0 16
707 221 1 0
708 3228 0 38
709 1231 1 0
710 436 0 87
711 7407 0 63
712 3533 0 150
713 1107 0 11
714 7493 0 12
715 409 0 27
716 1324 0 14
717 1250 0 11
718 514 0 11
719 1949 0 15
720 514 0 88
721 2502 1 27
722 557 0 18
723 6512 0 44
724 3710 0 11
725 597 0 27
726 1357 0 11
727 1352 0 16
728 716 0 40
729 407 0 7
730 2715 0 16
731 1002 0 30
732 728 0 25
733 1145 0 11
734 8839 1 0
735 1316 0 62
736 1838 0 43
737 635 0 23
738 1962 0 73
739 1202 0 17
740 2852 0 81
741 1016 0 8
742 16826 0 27
743 557 0 12
744 577 0 11
745 2248 0 19
746 733 0 44
747 570 0 33
748 2884 0 9
749 1435 0 24
750 2219 0 13
751 1803 0 31
752 1230 0 14
753 5986 0 44
754 350 0 24
755 3636 0 26
756 202 0 79
757 2495 0 11
758 2399 0 11
759 314 0 35
760 585 0 8
761 170 0 13
762 319 0 18
763 1951 0 10
764 597 0 9
765 1821 0 13
766 1420 0 31
767 439 0 31
768 12489 0 17
769 2131 0 19
770 1367 0 35
771 659 0 9
772 9982 0 9
773 1098 0 269
774 446 0 13
775 1824 0 7

7 1 528
23
776 3292 0 13
777 1624 0 7
778 414 0 136
779 1058 0 37
780 1501 0 8
781 1947 0 19
782 1792 0 10
783 2851 0 9
784 3194 0 37
785 779 0 11
786 3274 0 45
787 1945 0 9
788 958 0 11
789 1682 0 99
790 3167 0 134
791 340 0 12
792 1103 0 12
793 8207 0 11
794 2085 0 44
795 1428 0 24
796 1052 0 180
797 12924 0 77
798 997 0 35

8 0 692
48
799 888 0 8
800 3238 0 7
801 1962 1 17
802 1408 0 79
803 911 1 0
804 544 0 9
805 808 0 9
806 4999 0 10
807 1273 0 22
808 1979 1 0
809 1513 0 6
810 13071 0 26
811 12825 0 104
812 1123 0 90
813 500 0 8
814 1307 0 43
815 1645 0 807
816 1976 0 72
817 5094 0 62
818 7170 0 63
819 1064 0 16
820 2249 0 27
821 1025 0 37
822 18228 0 14
823 176 0 29
824 3285 0 11
825 19 0 9
826 442 0 5
827 908 0 12
828 5097 0 70
829 7834 0 17
830 1897 0 103
831 3666 0 9
832 2948 0 135
833 989 0 12
834 1042 0 147
835 3758 0 24
836 1130 0 8
837 2146 0 172
838 1206 0 8
839 236 0 9
840 195 0 17
841 989 0 7
842 178 0 38
843 1947 0 12
844 3303 0 50
845 1952 0 13
846 11073 0 30

9 1 124585
52
847 7534 0 69
848 4046 0 20
849 2199 0 13
850 1226 0 245
851 1948 0 16
852 758 0 36
853 174 0 11
854 2181 0 12
855 2391 0 12
856 934 0 12
857 2617 0 40
858 623 0 8
859 3352 0 19
860 480 0 17
861 1094 0 11
862 823 0 15
863 1983 0 44
864 368 0 11
865 2885 0 13
866 3342 0 38
867 2235 0 9
868 989 0 53
869 1390 0 12
870 8907 0 7
871 1565 0 9
872 3503 0 73
873 1338 0 136
874 868 0 9
875 710 0 9
876 968 0 164
877 182 0 150
878 6253 0 13
879 5081 0 12
880 1666 0 13
881 10033 0 15
882 9982 0 7
883 817 0 16
884 6205 0 13
885 3213 0 24
886 2297 0 53
887 359 0 73
888 604 0 8
889 1128 0 42
890 1540 0 11
891 5070 0 43
892 462 0 24
893 2471 0 11
894 2854 0 11
895 906 0 9
896 668 0 11
897 8131 0 10
898 1471 0 14

