10

0 1 257
23
0 641 0 13
1 2839 0 26
2 1109 0 13
3 798 0 6
4 1375 0 308
5 551 0 13
6 460 0 12
7 6251 0 16
8 1038 0 11
9 442 0 9
10 3172 0 18
11 1975 0 11
12 328 0 10
13 1650 0 14
14 3847 0 7
15 1126 0 10
16 3353 0 17
17 1370 0 9
18 2323 0 34
19 2574 0 9
20 1205 0 11
21 1952 0 8
22 907 1 0

1 0 270
25
23 1547 0 38
24 5053 0 82
25 3165 0 110
26 1961 0 110
27 14730 0 10
28 1331 0 9
29 1002 0 10
30 584 0 14
31 1877 0 12
32 575 0 9
33 690 0 7
34 1362 0 23
35 1379 0 19
36 1344 0 196
37 1676 0 381
38 6130 0 17
39 1980 0 95
40 2940 0 6
41 3357 0 7
42 3226 0 12
43 314 0 48
44 435 0 19
45 2899 0 12
46 1529 0 76
47 686 0 9

2 1 481
300
48 5136 0 13
49 2959 0 41
50 3327 0 7
51 1429 0 85
52 968 0 110
53 961 0 9
54 2256 0 17
55 1417 0 129
56 310 0 38
57 1163 0 19
58 10719 0 224
59 3172 0 8
60 1066 0 9
61 437 0 13
62 563 0 12
63 1171 0 99
64 5002 0 138
65 812 0 14
66 699 0 56
67 269 0 11
68 1521 0 73
69 5114 0 58
70 171 0 10
71 3539 0 18
72 3450 1 48
73 531 1 517
74 480 0 8
75 1111 0 211
76 560 1 16
77 7469 0 10
78 5022 0 9
79 994 0 59
80 951 0 28
81 434 0 9
82 3712 0 36
83 1977 0 8
84 1055 0 9
85 1425 0 12
86 591 0 9
87 1784 0 74
88 517 0 17
89 7335 0 8
90 1513 0 163
91 3325 0 7
92 684 0 8
93 594 1 0
94 5005 0 9
95 1968 0 9
96 913 0 11
97 441 0 11
98 2352 0 6
99 634 0 21
100 3350 0 10
101 3925 0 11
102 534 0 14
103 528 0 11
104 1970 0 13
105 582 0 7
106 800 0 39
107 1979 0 11
108 3610 0 69
109 5036 0 12
110 1427 0 31
111 964 0 14
112 5136 0 11
113 524 0 13
114 900 1 396
115 3780 0 6
116 1496 0 13
117 1237 0 35
118 259 0 13
119 476 0 11
120 3172 1 0
121 9986 0 79
122 612 0 40
123 1389 0 62
124 1128 0 36
125 411 0 11
126 1359 1 0
127 2035 0 24
128 7264 0 13
129 412 0 7
130 3172 1 29
131 2099 0 15
132 1838 0 10
133 2104 0 70
134 179 1 134
135 1259 0 12
136 895 0 386
137 1347 0 9
138 240 0 51
139 2895 0 11
140 3879 0 144
141 1696 0 10
142 3744 0 22
143 972 0 128
144 181 1 0
145 2883 0 156
146 1165 0 18
147 2870 0 36
148 225 0 10
149 8829 0 40
150 164 1 60
151 868 1 17
152 1791 0 10
153 227 0 24
154 1373 0 13
155 363 0 7
156 1973 0 12
157 3363 0 8
158 851 0 32
159 2564 0 11
160 12617 0 8
161 2895 0 23
162 1251 0 3
163 1330 0 8
164 966 0 9
165 6195 0 54
166 1115 0 12
167 3158 0 40
168 6173 0 30
169 4117 0 29
170 2184 0 142
171 2899 0 7
172 2236 0 7
173 1201 0 16
174 2803 0 12
175 2546 0 12
176 5134 0 10
177 1378 0 22
178 1302 0 46
179 16184 1 595
180 1826 0 12
181 1946 0 51
182 5967 0 222
183 13922 0 7
184 2537 0 165
185 1976 0 11
186 738 0 177
187 1907 1 100
188 2642 0 46
189 12909 0 63
190 3309 1 359
191 742 0 5
192 2878 0 18
193 1660 0 8
194 601 0 12
195 1467 0 11
196 880 0 18
197 2107 0 7
198 181 0 107
199 487 0 10
200 1012 0 10
201 766 0 95
202 9313 0 97
203 298 1 0
204 1032 0 43
205 1690 1 13
206 1365 0 28
207 1083 1 0
208 1057 0 6
209 564 0 72
210 805 0 11
211 1537 0 50
212 740 0 9
213 2920 0 15
214 1011 0 11
215 784 0 42
216 636 0 13
217 1091 0 8
218 1513 0 9
219 1713 0 112
220 1338 0 9
221 2569 0 38
222 2748 0 10
223 1667 1 0
224 5135 0 73
225 2326 0 12
226 818 0 64
227 1975 0 35
228 1064 0 194
229 3309 0 28
230 539 0 19
231 3909 0 19
232 1101 0 12
233 2832 0 17
234 6528 0 9
235 1240 0 11
236 679 0 6
237 1427 0 8
238 1061 0 11
239 1013 0 163
240 1729 0 7
241 9979 0 8
242 1203 0 52
243 1129 0 12
244 609 0 13
245 3358 0 135
246 1989 0 17
247 1566 0 9
248 529 0 10
249 1675 0 15
250 1459 0 33
251 195 0 8
252 5111 0 18
253 7048 0 17
254 970 0 7
255 1860 0 3
256 701 0 11
257 2263 0 10
258 3182 0 8
259 3318 0 25
260 7328 0 14
261 1731 0 7
262 1513 0 23
263 926 0 105
264 3278 0 18
265 1205 0 55
266 3028 0 39
267 1992 0 9
268 2243 0 7
269 1036 0 11
270 8123 0 207
271 842 0 11
272 2263 0 13
273 2999 0 16
274 948 0 11
275 3300 0 30
276 6132 0 36
277 1875 0 135
278 745 0 36
279 6816 0 10
280 698 0 9
281 1312 0 42
282 938 0 11
283 16569 0 164
284 1419 0 101
285 1091 0 48
286 1232 0 216
287 787 0 11
288 7172 0 12
289 1674 0 8
290 642 0 11
291 977 0 38
292 684 0 17
293 633 1 0
294 1057 0 10
295 1410 0 9
296 2451 0 13
297 1030 0 11
298 1976 0 10
299 1662 0 8
300 5050 0 8
301 2956 0 7
302 469 0 10
303 375 0 35
304 1095 0 24
305 397 0 17
306 2914 0 135
307 1413 0 11
308 565 0 10
309 186 0 24
310 1220 0 21
311 7183 0 7
312 3578 0 12
313 169 0 12
314 654 0 131
315 176 0 49
316 208 0 11
317 1751 0 13
318 188 0 40
319 1582 0 11
320 1510 0 26
321 743 0 145
322 1003 0 41
323 2602 0 9
324 216 0 275
325 1528 0 28
326 2511 0 47
327 1780 0 8
328 532 0 63
329 874 0 76
330 319 0 11
331 1599 0 16
332 968 0 21
333 2895 0 13
334 2946 0 11
335 1867 0 32
336 2528 0 13
337 5056 0 203
338 561 0 7
339 1008 0 45
340 522 0 10
341 475 0 10
342 8839 0 2
343 1296 0 98
344 8202 0 12
345 7319 0 11
346 1346 0 13
347 1429 0 19

3 1 660
89
348 679 1 595
349 1084 0 11
350 865 0 17
351 837 0 10
352 177 1 0
353 1339 0 12
354 949 0 18
355 534 0 11
356 793 0 19
357 828 0 28
358 660 0 12
359 2443 0 189
360 252 0 201
361 17188 0 35
362 1666 0 319
363 1428 0 30
364 5097 0 9
365 16097 0 14
366 1152 0 62
367 1151 0 71
368 1139 0 9
369 699 0 314
370 537 0 10
371 866 0 8
372 596 0 8
373 875 0 12
374 3223 0 40
375 1270 0 7
376 2972 0 13
377 2443 0 16
378 817 0 10
379 3379 0 21
380 1806 0 20
381 1989 0 13
382 1723 0 5
383 2726 0 18
384 13071 0 16
385 1903 0 39
386 834 0 12
387 520 0 342
388 1968 0 60
389 546 0 10
390 1086 0 129
391 1587 0 10
392 1258 0 7
393 1393 0 13
394 981 0 20
395 1537 0 58
396 3403 0 7
397 958 0 18
398 372 0 18
399 181 0 14
400 883 0 28
401 2515 0 49
402 1679 0 12
403 1021 0 12
404 6130 0 10
405 875 0 31
406 331 0 13
407 1410 0 12
408 2219 0 7
409 506 1 0
410 1049 0 24
411 480 0 133
412 759 0 51
413 6210 1 21
414 431 0 42
415 2166 1 0
416 3328 0 9
417 1663 0 9
418 3464 0 8
419 1365 0 13
420 1421 0 11
421 193 0 92
422 5149 0 12
423 510 0 35
424 2878 0 42
425 997 0 48
426 7493 0 10
427 676 0 174
428 1040 0 9
429 2766 0 10
430 1074 0 14
431 619 0 54
432 3373 0 10
433 1111 0 11
434 722 0 6
435 2958 0 11
436 848 0 18

4 1 663
8
437 1882 0 10
438 1813 0 10
439 562 0 19
440 2116 0 9
441 1146 1 80
442 1179 0 8
443 5114 0 11
444 864 0 14

5 1 697
26
445 925 1 477
446 1363 0 18
447 1273 0 11
448 773 0 10
449 1312 0 6
450 3010 0 78
451 891 1 0
452 2259 0 8
453 2432 0 16
454 281 0 7
455 1219 0 71
456 795 0 134
457 1217 0 160
458 1417 0 22
459 3472 1 206
460 3316 0 12
461 2627 0 48
462 5084 0 52
463 1132 0 7
464 2802 0 29
465 191 0 9
466 1622 0 9
467 703 0 10
468 1051 0 165
469 3084 0 62
470 6447 0 10

6 0 708
422
471 1157 0 13
472 5007 0 10
473 551 0 14
474 3375 0 11
475 270 0 12
476 989 0 2
477 382 0 10
478 561 0 69
479 1944 0 217
480 321 0 10
481 183 0 47
482 3356 0 11
483 1980 0 16
484 462 0 33
485 14388 0 104
486 2160 0 13
487 5028 0 11
488 2462 0 11
489 1074 0 187
490 870 0 91
491 2038 0 225
492 7269 0 7
493 1896 0 40
494 1515 0 8
495 1915 0 8
496 3569 0 18
497 2573 0 11
498 262 0 45
499 1529 0 8
500 688 0 8
501 2604 0 20
502 246 1 451
503 1965 0 47
504 339 0 85
505 753 1 0
506 448 0 37
507 829 0 11
508 6729 0 7
509 1782 0 14
510 173 0 17
511 2281 0 9
512 1109 0 145
513 1515 1 0
514 1278 0 10
515 1859 0 11
516 1767 0 8
517 1820 0 15
518 6951 0 8
519 492 0 89
520 660 0 9
521 839 0 9
522 189 0 13
523 1943 0 25
524 6090 0 9
525 2821 0 79
526 1964 0 17
527 1748 0 9
528 1936 0 9
529 10 0 73
530 421 0 13
531 2924 0 24
532 1421 0 36
533 1975 0 26
534 1545 0 15
535 682 0 26
536 767 0 12
537 1028 0 12
538 1219 0 39
539 1382 0 218
540 580 0 18
541 707 0 14
542 505 0 9
543 1699 0 75
544 3294 0 120
545 5025 0 8
546 615 0 10
547 1101 0 11
548 1957 0 13
549 490 0 83
550 197 0 80
551 1741 0 17
552 1199 0 11
553 1423 0 12
554 448 0 138
555 1667 0 12
556 3362 0 36
557 3277 0 9
558 1990 0 617
559 1790 0 8
560 11911 0 10
561 7048 0 10
562 712 0 9
563 913 0 10
564 1183 1 0
565 3356 0 17
566 1928 0 10
567 3312 0 8
568 500 0 12
569 521 0 8
570 436 0 16
571 523 0 131
572 3141 0 44
573 876 0 95
574 731 0 135
575 553 0 9
576 7950 0 196
577 6448 0 61
578 1775 1 0
579 1143 0 17
580 2228 0 10
581 1950 0 61
582 669 0 19
583 7265 0 9
584 2154 0 96
585 224 0 19
586 449 0 17
587 1481 0 11
588 175 0 6
589 1970 1 315
590 362 0 39
591 659 0 14
592 719 0 17
593 1513 0 56
594 1005 0 15
595 3249 1 27
596 1927 0 32
597 3229 0 17
598 1159 0 33
599 1417 0 50
600 2368 0 18
601 1263 0 10
602 961 0 71
603 2215 0 47
604 933 1 20
605 5079 0 113
606 1311 0 11
607 2559 0 62
608 3751 0 15
609 1970 0 10
610 724 0 18
611 809 0 41
612 347 1 0
613 897 0 110
614 930 0 39
615 1625 0 110
616 1988 0 66
617 6952 0 11
618 733 0 10
619 1278 0 8
620 958 0 11
621 506 0 11
622 1421 0 12
623 1716 0 30
624 16097 0 29
625 5001 0 100
626 1567 0 108
627 2316 0 12
628 9303 0 71
629 360 0 40
630 3361 0 7
631 3418 0 11
632 3323 0 423
633 14370 0 9
634 245 0 11
635 1174 0 75
636 6803 0 66
637 3140 0 17
638 1970 0 12
639 2355 0 67
640 3386 0 29
641 1962 0 13
642 705 0 39
643 2045 1 0
644 13029 0 13
645 927 0 167
646 2913 0 11
647 643 0 14
648 506 0 7
649 2122 0 13
650 441 0 12
651 557 0 6
652 1303 0 18
653 272 0 14
654 3048 0 32
655 609 0 26
656 244 0 10
657 265 0 38
658 1538 0 263
659 901 0 8
660 433 0 10
661 464 0 72
662 1375 0 35
663 1938 0 9
664 323 0 8
665 1336 0 14
666 922 0 134
667 978 0 13
668 651 0 83
669 5759 0 41
670 11603 0 10
671 3390 0 142
672 6959 0 7
673 5 0 13
674 1513 0 112
675 1519 0 31
676 7923 0 32
677 1040 0 217
678 1824 0 34
679 1453 0 40
680 674 0 45
681 9303 0 43
682 1252 0 36
683 850 1 23
684 995 0 9
685 3968 0 11
686 12577 0 27
687 1413 0 49
688 1966 0 74
689 6509 0 9
690 441 0 275
691 298 0 148
692 731 0 7
693 167 0 50
694 1600 0 39
695 2812 0 8
696 6520 0 180
697 1780 0 9
698 1940 0 11
699 1985 0 11
700 1294 0 36
701 7389 0 42
702 489 0 39
703 650 0 9
704 947 0 7
705 499 0 75
706 3256 0 8
707 1339 0 49
708 1313 0 9
709 1921 0 53
710 715 0 24
711 805 0 11
712 757 0 21
713 1180 0 7
714 3196 0 40
715 1979 0 10
716 902 0 29
717 5019 0 10
718 16368 0 617
719 3201 0 13
720 7026 0 29
721 1428 0 13
722 1951 0 10
723 2853 1 0
724 478 0 10
725 2889 0 8
726 1028 0 35
727 2735 0 71
728 1531 0 78
729 1981 0 17
730 647 0 54
731 3338 0 159
732 2080 0 18
733 1938 0 70
734 840 0 20
735 3312 0 16
736 7824 0 28
737 12590 0 69
738 505 0 19
739 515 0 12
740 989 0 9
741 3471 0 35
742 429 0 8
743 5072 0 12
744 2742 1 46
745 295 0 134
746 3074 0 149
747 2912 0 13
748 5135 0 73
749 898 0 13
750 7293 0 10
751 1783 0 91
752 1530 0 20
753 1902 0 40
754 646 0 256
755 7738 0 51
756 1422 0 9
757 1016 0 146
758 1965 0 10
759 2114 0 10
760 205 0 11
761 1058 0 11
762 1168 0 8
763 2884 0 27
764 5024 0 10
765 1587 0 22
766 2380 0 56
767 989 0 128
768 3635 0 7
769 490 0 26
770 504 0 11
771 725 0 31
772 1394 0 21
773 2474 0 138
774 184 0 11
775 348 0 47
776 1234 0 12
777 849 0 78
778 1265 0 51
779 8829 0 142
780 910 0 13
781 567 0 10
782 2316 0 7
783 1980 0 12
784 557 0 12
785 1291 0 5
786 2953 0 127
787 6177 0 98
788 967 0 56
789 165 0 13
790 3363 0 13
791 442 0 8
792 7309 0 9
793 1325 0 40
794 962 0 7
795 2434 0 88
796 748 0 7
797 7050 0 13
798 3378 0 18
799 477 0 8
800 2466 0 12
801 1252 0 9
802 349 0 11
803 1446 0 38
804 1920 0 29
805 1035 0 31
806 527 0 12
807 2887 0 23
808 1171 0 7
809 460 0 13
810 845 0 38
811 3145 0 12
812 6453 0 12
813 5759 0 10
814 3222 0 73
815 550 0 6
816 1963 0 7
817 437 0 19
818 5152 1 30
819 1831 0 48
820 1256 0 14
821 7051 0 27
822 7899 0 11
823 1388 0 61
824 3031 0 6
825 1949 0 25
826 1029 0 18
827 805 0 10
828 3155 0 18
829 4915 0 157
830 3691 0 9
831 3340 0 8
832 1639 0 12
833 1949 1 28
834 299 0 14
835 502 0 38
836 1371 0 34
837 1218 0 8
838 938 0 13
839 466 0 10
840 949 0 31
841 1650 0 42
842 2177 0 12
843 634 0 203
844 350 0 13
845 631 0 17
846 2371 0 13
847 1287 0 8
848 874 0 12
849 1946 0 3
850 876 0 101
851 2443 0 37
852 442 0 11
853 3255 0 40
854 612 0 31
855 686 0 18
856 1202 0 74
857 2605 0 133
858 671 0 13
859 257 0 8
860 319 0 17
861 2667 0 8
862 319 0 8
863 1420 0 12
864 1219 0 92
865 1028 0 11
866 959 0 11
867 2234 0 7
868 378 0 135
869 172 0 18
870 1535 0 19
871 2102 0 8
872 3570 0 10
873 1292 1 473
874 3348 0 24
875 1115 0 160
876 8060 0 148
877 781 0 67
878 1660 0 7
879 3614 0 48
880 1920 0 47
881 842 0 135
882 1618 0 46
883 1250 0 15
884 2681 0 50
885 8 0 10
886 261 0 12
887 1431 0 29
888 5101 0 133
889 5120 0 9
890 362 0 11
891 1987 0 15
892 2886 0 86

7 1 253418
1
893 3162 0 8

8 1 314945
25
894 450 0 32
895 182 0 9
896 1169 0 24
897 7693 0 16
898 474 0 20
899 9984 1 17
900 696 0 7
901 1248 0 11
902 3358 0 16
903 5096 0 35
904 312 0 12
905 1666 0 66
906 2720 0 58
907 7741 0 10
908 205 0 74
909 510 0 34
910 428 0 11
911 569 0 20
912 1674 0 45
913 975 0 151
914 326 0 18
915 1954 0 151
916 2135 0 17
917 693 0 54
918 6225 1 26

9 1 472761
56
919 1308 1 0
920 894 0 80
921 514 0 57
922 490 0 39
923 1402 0 26
924 2692 0 11
925 5091 0 10
926 978 0 8
927 1069 0 12
928 1884 0 71
929 1981 0 23
930 625 0 39
931 877 0 22
932 453 0 13
933 1528 0 109
934 6449 0 69
935 1252 0 31
936 791 0 148
937 1955 0 141
938 5049 0 9
939 817 0 617
940 3225 0 13
941 391 0 8
942 407 0 8
943 1670 0 12
944 1217 0 74
945 5005 0 10
946 2015 0 30
947 620 0 8
948 2249 0 8
949 5034 0 85
950 3141 0 68
951 984 0 7
952 210 0 13
953 671 0 12
954 12629 0 27
955 1945 0 15
956 1079 0 28
957 1753 0 8
958 3171 0 25
959 1192 0 9
960 2195 0 49
961 260 0 18
962 1952 0 84
963 2954 0 269
964 829 0 9
965 1140 0 11
966 3694 0 13
967 1157 0 84
968 3141 0 12
969 1955 0 10
970 768 0 10
971 1087 0 208
972 2666 0 42
973 6452 0 44
974 1083 0 134

